,open,close,high,low,vol,amount,year,month,day,hour,minute,datetime
0,48.28,48.03,48.28,48.02,965000.0,46413952.0,2020,4,2,13,15,2020-04-02 13:15
1,48.04,48.08,48.2,48.01,778600.0,37423040.0,2020,4,2,13,30,2020-04-02 13:30
2,48.08,48.21,48.38,48.01,1443900.0,69602304.0,2020,4,2,13,45,2020-04-02 13:45
3,48.22,48.34,48.36,48.19,870300.0,41999040.0,2020,4,2,14,0,2020-04-02 14:00
4,48.33,48.39,48.53,48.28,1751100.0,84776960.0,2020,4,2,14,15,2020-04-02 14:15
5,48.39,48.66,48.66,48.38,1264000.0,61367808.0,2020,4,2,14,30,2020-04-02 14:30
6,48.67,48.74,48.75,48.64,1316400.0,64097728.0,2020,4,2,14,45,2020-04-02 14:45
7,48.73,48.96,48.99,48.73,2907200.0,142109760.0,2020,4,2,15,0,2020-04-02 15:00
8,48.8,48.56,48.84,48.5,2006100.0,97621680.0,2020,4,3,9,45,2020-04-03 09:45
9,48.56,48.67,48.69,48.36,1689900.0,82004176.0,2020,4,3,10,0,2020-04-03 10:00
10,48.67,48.7,48.75,48.56,1662800.0,80880672.0,2020,4,3,10,15,2020-04-03 10:15
11,48.69,48.77,48.77,48.52,1037600.0,50490080.0,2020,4,3,10,30,2020-04-03 10:30
12,48.76,49.0,49.05,48.76,1621000.0,79331328.0,2020,4,3,10,45,2020-04-03 10:45
13,48.99,48.92,49.01,48.82,928900.0,45448608.0,2020,4,3,11,0,2020-04-03 11:00
14,48.92,48.88,48.96,48.78,545500.0,26650528.0,2020,4,3,11,15,2020-04-03 11:15
15,48.88,48.67,48.9,48.55,908300.0,44194880.0,2020,4,3,11,30,2020-04-03 11:30
16,48.67,48.47,48.67,48.41,1349400.0,65443840.0,2020,4,3,13,15,2020-04-03 13:15
17,48.44,48.44,48.47,48.4,1096900.0,53121600.0,2020,4,3,13,30,2020-04-03 13:30
18,48.42,48.43,48.47,48.3,1613800.0,78046336.0,2020,4,3,13,45,2020-04-03 13:45
19,48.43,48.44,48.45,48.32,858600.0,41521856.0,2020,4,3,14,0,2020-04-03 14:00
20,48.43,48.32,48.44,48.22,1167700.0,56423168.0,2020,4,3,14,15,2020-04-03 14:15
21,48.32,48.39,48.4,48.25,951600.0,45972416.0,2020,4,3,14,30,2020-04-03 14:30
22,48.42,48.38,48.56,48.35,909700.0,44061056.0,2020,4,3,14,45,2020-04-03 14:45
23,48.38,48.38,48.45,48.3,1290400.0,62444416.0,2020,4,3,15,0,2020-04-03 15:00
24,49.21,49.04,49.3,49.0,6286700.0,308866528.0,2020,4,7,9,45,2020-04-07 09:45
25,49.04,49.11,49.19,49.02,3699700.0,181627584.0,2020,4,7,10,0,2020-04-07 10:00
26,49.15,49.0,49.15,48.98,3059700.0,150037408.0,2020,4,7,10,15,2020-04-07 10:15
27,48.99,48.99,49.09,48.99,1838400.0,90112448.0,2020,4,7,10,30,2020-04-07 10:30
28,49.0,48.93,49.03,48.8,2378400.0,116316928.0,2020,4,7,10,45,2020-04-07 10:45
29,48.95,48.86,49.02,48.75,1913700.0,93581888.0,2020,4,7,11,0,2020-04-07 11:00
30,48.86,48.99,49.11,48.79,2373900.0,116267584.0,2020,4,7,11,15,2020-04-07 11:15
31,49.0,48.9,49.05,48.88,1424200.0,69731584.0,2020,4,7,11,30,2020-04-07 11:30
32,48.9,48.93,49.0,48.85,1852600.0,90617856.0,2020,4,7,13,15,2020-04-07 13:15
33,48.93,48.9,49.04,48.82,1770200.0,86608896.0,2020,4,7,13,30,2020-04-07 13:30
34,48.88,48.99,48.99,48.7,2620200.0,127931648.0,2020,4,7,13,45,2020-04-07 13:45
35,49.0,49.1,49.17,48.9,2470100.0,121271936.0,2020,4,7,14,0,2020-04-07 14:00
36,49.05,49.13,49.17,49.05,2566800.0,126079616.0,2020,4,7,14,15,2020-04-07 14:15
37,49.13,49.06,49.15,49.01,2558500.0,125539840.0,2020,4,7,14,30,2020-04-07 14:30
38,49.05,48.97,49.06,48.9,1464400.0,71718784.0,2020,4,7,14,45,2020-04-07 14:45
39,48.99,48.97,48.99,48.85,1771100.0,86666624.0,2020,4,7,15,0,2020-04-07 15:00
40,48.6,48.57,48.71,48.42,2774000.0,134760656.0,2020,4,8,9,45,2020-04-08 09:45
41,48.57,48.49,48.57,48.47,1786100.0,86641232.0,2020,4,8,10,0,2020-04-08 10:00
42,48.49,48.52,48.58,48.46,2056300.0,99743072.0,2020,4,8,10,15,2020-04-08 10:15
43,48.52,48.51,48.6,48.5,1278000.0,62027200.0,2020,4,8,10,30,2020-04-08 10:30
44,48.52,48.44,48.53,48.42,1635700.0,79272096.0,2020,4,8,10,45,2020-04-08 10:45
45,48.44,48.43,48.46,48.4,1205200.0,58361664.0,2020,4,8,11,0,2020-04-08 11:00
46,48.42,48.4,48.43,48.35,1033300.0,49990048.0,2020,4,8,11,15,2020-04-08 11:15
47,48.4,48.34,48.4,48.32,938300.0,45371712.0,2020,4,8,11,30,2020-04-08 11:30
48,48.34,48.58,48.59,48.34,947500.0,45919488.0,2020,4,8,13,15,2020-04-08 13:15
49,48.58,48.51,48.59,48.43,916400.0,44445504.0,2020,4,8,13,30,2020-04-08 13:30
50,48.51,48.43,48.55,48.4,1040800.0,50419520.0,2020,4,8,13,45,2020-04-08 13:45
51,48.45,48.42,48.5,48.31,2052600.0,99289984.0,2020,4,8,14,0,2020-04-08 14:00
52,48.41,48.24,48.42,48.21,1755900.0,84816512.0,2020,4,8,14,15,2020-04-08 14:15
53,48.25,48.14,48.3,48.13,1460000.0,70399488.0,2020,4,8,14,30,2020-04-08 14:30
54,48.15,48.13,48.17,48.06,2232800.0,107409280.0,2020,4,8,14,45,2020-04-08 14:45
55,48.13,48.24,48.25,48.11,1313900.0,63324160.0,2020,4,8,15,0,2020-04-08 15:00
56,48.52,48.48,48.53,48.4,2083900.0,101005424.0,2020,4,9,9,45,2020-04-09 09:45
57,48.48,48.46,48.51,48.42,996000.0,48272960.0,2020,4,9,10,0,2020-04-09 10:00
58,48.45,48.38,48.46,48.33,1235100.0,59781104.0,2020,4,9,10,15,2020-04-09 10:15
59,48.39,48.36,48.5,48.36,1027900.0,49747456.0,2020,4,9,10,30,2020-04-09 10:30
60,48.35,48.3,48.44,48.3,1220600.0,59015584.0,2020,4,9,10,45,2020-04-09 10:45
61,48.31,48.3,48.31,48.23,968300.0,46732896.0,2020,4,9,11,0,2020-04-09 11:00
62,48.28,48.24,48.33,48.22,684200.0,33017664.0,2020,4,9,11,15,2020-04-09 11:15
63,48.24,48.19,48.24,48.11,1018300.0,49049056.0,2020,4,9,11,30,2020-04-09 11:30
64,48.19,48.15,48.39,48.15,1207500.0,58299200.0,2020,4,9,13,15,2020-04-09 13:15
65,48.16,48.24,48.31,48.15,1045500.0,50407616.0,2020,4,9,13,30,2020-04-09 13:30
66,48.19,48.27,48.34,48.19,832000.0,40155840.0,2020,4,9,13,45,2020-04-09 13:45
67,48.27,48.37,48.37,48.24,1003100.0,48464512.0,2020,4,9,14,0,2020-04-09 14:00
68,48.36,48.28,48.39,48.27,700700.0,33871872.0,2020,4,9,14,15,2020-04-09 14:15
69,48.28,48.41,48.44,48.27,895900.0,43325952.0,2020,4,9,14,30,2020-04-09 14:30
70,48.38,48.27,48.4,48.27,1081600.0,52267008.0,2020,4,9,14,45,2020-04-09 14:45
71,48.28,48.3,48.31,48.24,1139300.0,54995072.0,2020,4,9,15,0,2020-04-09 15:00
72,48.3,48.08,48.3,48.04,1135500.0,54658368.0,2020,4,10,9,45,2020-04-10 09:45
73,48.09,48.63,48.66,48.09,2819700.0,136564928.0,2020,4,10,10,0,2020-04-10 10:00
74,48.62,49.82,49.85,48.61,7459100.0,366706560.0,2020,4,10,10,15,2020-04-10 10:15
75,49.8,50.14,50.55,49.69,9326300.0,467848448.0,2020,4,10,10,30,2020-04-10 10:30
76,50.15,49.99,50.17,49.86,3387000.0,169474048.0,2020,4,10,10,45,2020-04-10 10:45
77,50.0,49.99,50.05,49.94,2383400.0,119168896.0,2020,4,10,11,0,2020-04-10 11:00
78,49.99,49.85,49.99,49.82,1301200.0,64941184.0,2020,4,10,11,15,2020-04-10 11:15
79,49.83,49.73,49.87,49.61,1489100.0,74033408.0,2020,4,10,11,30,2020-04-10 11:30
80,49.73,49.62,49.8,49.55,1849400.0,91817984.0,2020,4,10,13,15,2020-04-10 13:15
81,49.61,49.43,49.62,49.36,1516500.0,75032192.0,2020,4,10,13,30,2020-04-10 13:30
82,49.46,49.3,49.46,49.21,1593200.0,78590848.0,2020,4,10,13,45,2020-04-10 13:45
83,49.39,49.35,49.46,49.29,1120800.0,55349376.0,2020,4,10,14,0,2020-04-10 14:00
84,49.35,49.38,49.44,49.18,1170100.0,57697664.0,2020,4,10,14,15,2020-04-10 14:15
85,49.36,49.33,49.46,49.25,1151400.0,56837120.0,2020,4,10,14,30,2020-04-10 14:30
86,49.31,49.31,49.38,49.27,1890700.0,93262720.0,2020,4,10,14,45,2020-04-10 14:45
87,49.31,49.28,49.35,49.19,1652700.0,81423104.0,2020,4,10,15,0,2020-04-10 15:00
88,49.59,49.78,50.19,49.32,5560000.0,276389280.0,2020,4,13,9,45,2020-04-13 09:45
89,49.78,50.1,50.24,49.7,3644500.0,182324640.0,2020,4,13,10,0,2020-04-13 10:00
90,50.1,50.04,50.1,49.87,1537300.0,76856320.0,2020,4,13,10,15,2020-04-13 10:15
91,50.04,50.16,50.41,50.03,3340700.0,167917568.0,2020,4,13,10,30,2020-04-13 10:30
92,50.12,50.36,50.42,50.12,1749300.0,88024448.0,2020,4,13,10,45,2020-04-13 10:45
93,50.36,50.48,50.57,50.31,2772100.0,139868672.0,2020,4,13,11,0,2020-04-13 11:00
94,50.47,50.41,50.5,50.3,1130100.0,57002176.0,2020,4,13,11,15,2020-04-13 11:15
95,50.41,50.38,50.43,50.31,783600.0,39486336.0,2020,4,13,11,30,2020-04-13 11:30
96,50.37,50.02,50.4,49.97,1997900.0,100115584.0,2020,4,13,13,15,2020-04-13 13:15
97,50.02,50.0,50.18,49.98,1396800.0,69937152.0,2020,4,13,13,30,2020-04-13 13:30
98,50.03,49.95,50.1,49.95,1064500.0,53236864.0,2020,4,13,13,45,2020-04-13 13:45
99,49.97,49.83,49.99,49.8,1330800.0,66388608.0,2020,4,13,14,0,2020-04-13 14:00
100,49.82,49.74,49.85,49.68,1131400.0,56277120.0,2020,4,13,14,15,2020-04-13 14:15
101,49.75,49.77,49.9,49.74,1130600.0,56318976.0,2020,4,13,14,30,2020-04-13 14:30
102,49.76,49.89,49.91,49.75,1084400.0,54005376.0,2020,4,13,14,45,2020-04-13 14:45
103,49.9,49.89,49.93,49.83,1422500.0,70989824.0,2020,4,13,15,0,2020-04-13 15:00
104,50.67,49.83,50.67,49.61,4872200.0,244420608.0,2020,4,14,9,45,2020-04-14 09:45
105,49.82,50.04,50.08,49.67,2276500.0,113497152.0,2020,4,14,10,0,2020-04-14 10:00
106,50.05,50.43,50.5,49.9,3471300.0,174609536.0,2020,4,14,10,15,2020-04-14 10:15
107,50.43,50.41,50.47,50.19,1766700.0,89013504.0,2020,4,14,10,30,2020-04-14 10:30
108,50.41,50.5,50.5,50.28,1354000.0,68262080.0,2020,4,14,10,45,2020-04-14 10:45
109,50.49,50.49,50.54,50.39,1369000.0,69091520.0,2020,4,14,11,0,2020-04-14 11:00
110,50.49,50.49,50.55,50.4,1362600.0,68798080.0,2020,4,14,11,15,2020-04-14 11:15
111,50.5,50.32,50.5,50.29,899900.0,45330240.0,2020,4,14,11,30,2020-04-14 11:30
112,50.32,50.38,50.5,50.3,1222400.0,61622336.0,2020,4,14,13,15,2020-04-14 13:15
113,50.38,50.44,50.48,50.37,1148800.0,57947968.0,2020,4,14,13,30,2020-04-14 13:30
114,50.44,50.58,50.59,50.39,2404600.0,121492736.0,2020,4,14,13,45,2020-04-14 13:45
115,50.58,50.4,50.59,50.39,1435600.0,72486784.0,2020,4,14,14,0,2020-04-14 14:00
116,50.4,50.3,50.45,50.22,1694400.0,85275136.0,2020,4,14,14,15,2020-04-14 14:15
117,50.31,50.35,50.48,50.24,1444100.0,72748800.0,2020,4,14,14,30,2020-04-14 14:30
118,50.38,50.48,50.48,50.35,1869300.0,94236928.0,2020,4,14,14,45,2020-04-14 14:45
119,50.48,50.48,50.52,50.4,2202800.0,111206272.0,2020,4,14,15,0,2020-04-14 15:00
120,50.0,49.62,50.0,49.24,7926300.0,393409728.0,2020,4,15,9,45,2020-04-15 09:45
121,49.62,50.83,51.27,49.62,6998100.0,352827136.0,2020,4,15,10,0,2020-04-15 10:00
122,50.8,50.56,50.83,50.4,3201300.0,162082560.0,2020,4,15,10,15,2020-04-15 10:15
123,50.55,50.4,50.7,50.38,1768100.0,89349568.0,2020,4,15,10,30,2020-04-15 10:30
124,50.37,50.08,50.49,50.01,1738000.0,87384448.0,2020,4,15,10,45,2020-04-15 10:45
125,50.08,50.45,50.45,49.99,1956500.0,98099328.0,2020,4,15,11,0,2020-04-15 11:00
126,50.45,50.56,50.64,50.3,1420100.0,71736192.0,2020,4,15,11,15,2020-04-15 11:15
127,50.6,50.49,50.65,50.38,912000.0,46086912.0,2020,4,15,11,30,2020-04-15 11:30
128,50.49,50.69,50.69,50.49,2135600.0,108081664.0,2020,4,15,13,15,2020-04-15 13:15
129,50.68,50.71,50.72,50.49,1952900.0,98818048.0,2020,4,15,13,30,2020-04-15 13:30
130,50.71,50.34,50.71,50.34,1421600.0,71816704.0,2020,4,15,13,45,2020-04-15 13:45
131,50.35,50.19,50.44,50.16,1845400.0,92752768.0,2020,4,15,14,0,2020-04-15 14:00
132,50.17,50.21,50.23,49.97,2031100.0,101677952.0,2020,4,15,14,15,2020-04-15 14:15
133,50.21,50.02,50.31,50.0,1004000.0,50314112.0,2020,4,15,14,30,2020-04-15 14:30
134,50.03,50.35,50.39,50.03,1613600.0,81066112.0,2020,4,15,14,45,2020-04-15 14:45
135,50.35,50.2,50.39,50.12,1666900.0,83733888.0,2020,4,15,15,0,2020-04-15 15:00
136,50.2,49.87,50.2,49.7,3681500.0,183788032.0,2020,4,16,9,45,2020-04-16 09:45
137,49.88,49.73,49.95,49.72,1722600.0,85825504.0,2020,4,16,10,0,2020-04-16 10:00
138,49.73,49.73,49.76,49.53,1462100.0,72610144.0,2020,4,16,10,15,2020-04-16 10:15
139,49.73,49.72,49.85,49.64,1934300.0,96230048.0,2020,4,16,10,30,2020-04-16 10:30
140,49.79,49.73,49.84,49.62,1265700.0,62922496.0,2020,4,16,10,45,2020-04-16 10:45
141,49.73,49.58,49.73,49.56,1763800.0,87510048.0,2020,4,16,11,0,2020-04-16 11:00
142,49.59,49.52,49.61,49.52,911700.0,45183936.0,2020,4,16,11,15,2020-04-16 11:15
143,49.52,49.42,49.54,49.4,1140800.0,56440320.0,2020,4,16,11,30,2020-04-16 11:30
144,49.43,49.48,49.6,49.43,1102700.0,54583104.0,2020,4,16,13,15,2020-04-16 13:15
145,49.48,49.5,49.63,49.48,1117400.0,55345152.0,2020,4,16,13,30,2020-04-16 13:30
146,49.52,49.49,49.63,49.46,1372700.0,67975680.0,2020,4,16,13,45,2020-04-16 13:45
147,49.49,49.48,49.63,49.4,2088500.0,103326400.0,2020,4,16,14,0,2020-04-16 14:00
148,49.48,49.39,49.54,49.36,1582700.0,78222784.0,2020,4,16,14,15,2020-04-16 14:15
149,49.39,49.33,49.42,49.27,2187000.0,107877760.0,2020,4,16,14,30,2020-04-16 14:30
150,49.33,49.47,49.53,49.29,2892200.0,142897664.0,2020,4,16,14,45,2020-04-16 14:45
151,49.46,49.49,49.52,49.46,1703700.0,84302848.0,2020,4,16,15,0,2020-04-16 15:00
152,50.0,49.68,50.0,49.68,5902400.0,294435680.0,2020,4,17,9,45,2020-04-17 09:45
153,49.68,49.95,50.15,49.63,5258700.0,262405664.0,2020,4,17,10,0,2020-04-17 10:00
154,49.97,50.03,50.08,49.87,2997700.0,149917632.0,2020,4,17,10,15,2020-04-17 10:15
155,50.02,50.02,50.04,49.85,2272900.0,113519936.0,2020,4,17,10,30,2020-04-17 10:30
156,50.03,50.04,50.05,49.95,2182900.0,109144896.0,2020,4,17,10,45,2020-04-17 10:45
157,50.04,49.97,50.04,49.85,1463800.0,73116672.0,2020,4,17,11,0,2020-04-17 11:00
158,49.96,49.94,50.04,49.91,1382100.0,69096000.0,2020,4,17,11,15,2020-04-17 11:15
159,49.92,49.99,50.0,49.87,1522000.0,76029696.0,2020,4,17,11,30,2020-04-17 11:30
160,50.0,50.01,50.02,49.88,1223200.0,61155968.0,2020,4,17,13,15,2020-04-17 13:15
161,50.01,49.88,50.01,49.8,1163200.0,58032000.0,2020,4,17,13,30,2020-04-17 13:30
162,49.88,49.94,50.0,49.82,1198300.0,59822208.0,2020,4,17,13,45,2020-04-17 13:45
163,49.93,50.23,50.26,49.93,3467300.0,173691264.0,2020,4,17,14,0,2020-04-17 14:00
164,50.22,50.1,50.3,50.05,1846700.0,92737664.0,2020,4,17,14,15,2020-04-17 14:15
165,50.09,49.98,50.12,49.96,1094200.0,54757248.0,2020,4,17,14,30,2020-04-17 14:30
166,49.99,50.09,50.1,49.94,1073700.0,53727360.0,2020,4,17,14,45,2020-04-17 14:45
167,50.08,50.09,50.09,50.02,1200800.0,60129152.0,2020,4,17,15,0,2020-04-17 15:00
168,50.29,50.4,50.53,50.01,3502800.0,176326896.0,2020,4,20,9,45,2020-04-20 09:45
169,50.4,50.56,50.59,50.25,2118200.0,106802480.0,2020,4,20,10,0,2020-04-20 10:00
170,50.54,50.87,50.94,50.5,2368700.0,120231680.0,2020,4,20,10,15,2020-04-20 10:15
171,50.87,50.8,50.9,50.75,1678400.0,85337216.0,2020,4,20,10,30,2020-04-20 10:30
172,50.79,50.68,50.81,50.63,688000.0,34891712.0,2020,4,20,10,45,2020-04-20 10:45
173,50.68,50.76,50.82,50.65,620400.0,31469408.0,2020,4,20,11,0,2020-04-20 11:00
174,50.77,50.88,50.88,50.75,666000.0,33825920.0,2020,4,20,11,15,2020-04-20 11:15
175,50.88,50.75,50.88,50.75,455900.0,23174080.0,2020,4,20,11,30,2020-04-20 11:30
176,50.75,50.78,50.83,50.7,866400.0,43987968.0,2020,4,20,13,15,2020-04-20 13:15
177,50.78,50.76,50.8,50.72,800700.0,40639808.0,2020,4,20,13,30,2020-04-20 13:30
178,50.75,50.78,50.85,50.75,1005100.0,51060928.0,2020,4,20,13,45,2020-04-20 13:45
179,50.8,50.82,50.83,50.7,1420300.0,72125376.0,2020,4,20,14,0,2020-04-20 14:00
180,50.82,50.93,50.98,50.82,1683300.0,85686848.0,2020,4,20,14,15,2020-04-20 14:15
181,50.94,50.87,50.95,50.82,775900.0,39490752.0,2020,4,20,14,30,2020-04-20 14:30
182,50.88,50.84,50.88,50.8,769700.0,39121216.0,2020,4,20,14,45,2020-04-20 14:45
183,50.82,50.73,50.9,50.73,1465900.0,74463552.0,2020,4,20,15,0,2020-04-20 15:00
184,50.99,50.44,50.99,50.44,4255800.0,216067840.0,2020,4,21,9,45,2020-04-21 09:45
185,50.44,50.31,50.5,50.1,2332000.0,117241856.0,2020,4,21,10,0,2020-04-21 10:00
186,50.3,50.39,50.4,50.11,1732100.0,87032832.0,2020,4,21,10,15,2020-04-21 10:15
187,50.38,50.2,50.39,50.0,1534300.0,76997376.0,2020,4,21,10,30,2020-04-21 10:30
188,50.21,50.17,50.23,50.1,1100800.0,55215872.0,2020,4,21,10,45,2020-04-21 10:45
189,50.16,50.24,50.28,50.11,1116200.0,56059456.0,2020,4,21,11,0,2020-04-21 11:00
190,50.26,50.2,50.28,50.13,991100.0,49782656.0,2020,4,21,11,15,2020-04-21 11:15
191,50.21,50.25,50.27,50.2,829600.0,41666240.0,2020,4,21,11,30,2020-04-21 11:30
192,50.25,50.07,50.26,50.03,1124400.0,56384512.0,2020,4,21,13,15,2020-04-21 13:15
193,50.07,50.1,50.14,50.03,851800.0,42655744.0,2020,4,21,13,30,2020-04-21 13:30
194,50.1,50.23,50.31,50.1,867600.0,43588416.0,2020,4,21,13,45,2020-04-21 13:45
195,50.23,50.3,50.32,50.23,745600.0,37498112.0,2020,4,21,14,0,2020-04-21 14:00
196,50.29,50.37,50.46,50.29,1168200.0,58856000.0,2020,4,21,14,15,2020-04-21 14:15
197,50.38,50.48,50.53,50.37,790800.0,39912256.0,2020,4,21,14,30,2020-04-21 14:30
198,50.49,50.46,50.55,50.4,833300.0,42076032.0,2020,4,21,14,45,2020-04-21 14:45
199,50.47,50.25,50.47,50.25,697700.0,35144640.0,2020,4,21,15,0,2020-04-21 15:00
200,50.2,50.15,50.2,49.99,1530700.0,76688280.0,2020,4,22,9,45,2020-04-22 09:45
201,50.15,50.39,50.55,50.1,1069300.0,53820464.0,2020,4,22,10,0,2020-04-22 10:00
202,50.36,50.45,50.45,50.24,551000.0,27751768.0,2020,4,22,10,15,2020-04-22 10:15
203,50.46,50.54,50.58,50.45,874500.0,44172944.0,2020,4,22,10,30,2020-04-22 10:30
204,50.54,50.79,50.85,50.46,1278900.0,64844512.0,2020,4,22,10,45,2020-04-22 10:45
205,50.78,50.8,50.94,50.62,950200.0,48315472.0,2020,4,22,11,0,2020-04-22 11:00
206,50.8,50.63,50.8,50.6,347600.0,17615808.0,2020,4,22,11,15,2020-04-22 11:15
207,50.62,50.56,50.63,50.43,569000.0,28731584.0,2020,4,22,11,30,2020-04-22 11:30
208,50.55,50.72,50.85,50.51,564400.0,28624096.0,2020,4,22,13,15,2020-04-22 13:15
209,50.76,50.77,50.86,50.7,724600.0,36794880.0,2020,4,22,13,30,2020-04-22 13:30
210,50.76,50.98,51.0,50.7,2188400.0,111434880.0,2020,4,22,13,45,2020-04-22 13:45
211,50.99,50.89,50.99,50.85,629600.0,32048768.0,2020,4,22,14,0,2020-04-22 14:00
212,50.89,50.79,50.9,50.72,655400.0,33308416.0,2020,4,22,14,15,2020-04-22 14:15
213,50.79,51.0,51.04,50.79,1758800.0,89634368.0,2020,4,22,14,30,2020-04-22 14:30
214,51.0,51.3,51.45,50.95,3947300.0,202267008.0,2020,4,22,14,45,2020-04-22 14:45
215,51.28,51.4,51.46,51.27,3124000.0,160565056.0,2020,4,22,15,0,2020-04-22 15:00
216,51.69,51.55,51.69,51.33,2325700.0,119918112.0,2020,4,23,9,45,2020-04-23 09:45
217,51.58,51.97,51.97,51.55,2536600.0,131238144.0,2020,4,23,10,0,2020-04-23 10:00
218,51.98,51.83,51.98,51.74,1395400.0,72358752.0,2020,4,23,10,15,2020-04-23 10:15
219,51.82,51.85,51.92,51.75,1375900.0,71334112.0,2020,4,23,10,30,2020-04-23 10:30
220,51.85,51.86,52.14,51.81,2321100.0,120636800.0,2020,4,23,10,45,2020-04-23 10:45
221,51.86,51.48,51.89,51.42,1996900.0,103170272.0,2020,4,23,11,0,2020-04-23 11:00
222,51.5,51.43,51.55,51.4,1240100.0,63824256.0,2020,4,23,11,15,2020-04-23 11:15
223,51.43,51.66,51.79,51.41,872500.0,45032960.0,2020,4,23,11,30,2020-04-23 11:30
224,51.6,51.85,51.96,51.6,990300.0,51317120.0,2020,4,23,13,15,2020-04-23 13:15
225,51.85,52.15,52.15,51.84,2107200.0,109613184.0,2020,4,23,13,30,2020-04-23 13:30
226,52.14,52.18,52.18,52.03,1600100.0,83421696.0,2020,4,23,13,45,2020-04-23 13:45
227,52.18,52.28,52.38,52.14,1725400.0,90183616.0,2020,4,23,14,0,2020-04-23 14:00
228,52.29,52.32,52.34,52.0,1456000.0,76033664.0,2020,4,23,14,15,2020-04-23 14:15
229,52.33,52.34,52.37,52.19,1618900.0,84700800.0,2020,4,23,14,30,2020-04-23 14:30
230,52.34,52.23,52.38,52.23,1896300.0,99239424.0,2020,4,23,14,45,2020-04-23 14:45
231,52.23,51.99,52.23,51.84,1658200.0,86241536.0,2020,4,23,15,0,2020-04-23 15:00
232,52.04,52.0,52.24,51.92,1798600.0,93661728.0,2020,4,24,9,45,2020-04-24 09:45
233,52.01,51.8,52.01,51.8,930600.0,48310320.0,2020,4,24,10,0,2020-04-24 10:00
234,51.78,51.95,51.95,51.71,812300.0,42083600.0,2020,4,24,10,15,2020-04-24 10:15
235,51.92,51.81,52.0,51.77,788600.0,40917952.0,2020,4,24,10,30,2020-04-24 10:30
236,51.82,51.81,51.9,51.71,993400.0,51438304.0,2020,4,24,10,45,2020-04-24 10:45
237,51.81,52.17,52.3,51.81,809700.0,42150688.0,2020,4,24,11,0,2020-04-24 11:00
238,52.17,52.17,52.27,52.1,576100.0,30051616.0,2020,4,24,11,15,2020-04-24 11:15
239,52.17,52.17,52.2,52.14,638900.0,33331488.0,2020,4,24,11,30,2020-04-24 11:30
240,52.17,51.91,52.17,51.89,474500.0,24672736.0,2020,4,24,13,15,2020-04-24 13:15
241,51.91,52.01,52.15,51.9,539300.0,28058976.0,2020,4,24,13,30,2020-04-24 13:30
242,52.01,51.98,52.11,51.88,567000.0,29477312.0,2020,4,24,13,45,2020-04-24 13:45
243,51.95,52.0,52.03,51.84,624400.0,32430464.0,2020,4,24,14,0,2020-04-24 14:00
244,51.96,51.99,51.99,51.87,744500.0,38678848.0,2020,4,24,14,15,2020-04-24 14:15
245,51.99,51.94,52.05,51.91,644500.0,33513568.0,2020,4,24,14,30,2020-04-24 14:30
246,51.93,51.79,51.96,51.73,1141500.0,59154368.0,2020,4,24,14,45,2020-04-24 14:45
247,51.78,52.01,52.01,51.74,1257700.0,65279360.0,2020,4,24,15,0,2020-04-24 15:00
248,51.27,51.0,51.57,50.99,4613200.0,236181184.0,2020,4,27,9,45,2020-04-27 09:45
249,50.98,51.68,51.71,50.86,2539500.0,130404064.0,2020,4,27,10,0,2020-04-27 10:00
250,51.68,51.93,52.03,51.66,1881800.0,97602560.0,2020,4,27,10,15,2020-04-27 10:15
251,51.93,51.99,52.24,51.9,1193900.0,62152800.0,2020,4,27,10,30,2020-04-27 10:30
252,52.0,51.98,52.08,51.8,841900.0,43743040.0,2020,4,27,10,45,2020-04-27 10:45
253,51.99,51.69,52.04,51.66,1113900.0,57811840.0,2020,4,27,11,0,2020-04-27 11:00
254,51.69,51.84,51.95,51.58,726300.0,37550912.0,2020,4,27,11,15,2020-04-27 11:15
255,51.84,51.75,51.94,51.61,349200.0,18063744.0,2020,4,27,11,30,2020-04-27 11:30
256,51.72,51.4,51.72,51.4,854900.0,44097088.0,2020,4,27,13,15,2020-04-27 13:15
257,51.4,51.54,51.56,51.4,653200.0,33610560.0,2020,4,27,13,30,2020-04-27 13:30
258,51.53,51.49,51.66,51.46,816400.0,42060928.0,2020,4,27,13,45,2020-04-27 13:45
259,51.53,51.62,51.71,51.48,838700.0,43249280.0,2020,4,27,14,0,2020-04-27 14:00
260,51.62,51.28,51.63,51.25,1528200.0,78570112.0,2020,4,27,14,15,2020-04-27 14:15
261,51.27,51.28,51.49,51.25,1140800.0,58564736.0,2020,4,27,14,30,2020-04-27 14:30
262,51.27,51.3,51.39,51.2,1142500.0,58626112.0,2020,4,27,14,45,2020-04-27 14:45
263,51.3,51.5,51.5,51.24,1289100.0,66226240.0,2020,4,27,15,0,2020-04-27 15:00
264,51.5,51.12,51.6,50.81,3255700.0,166325600.0,2020,4,28,9,45,2020-04-28 09:45
265,51.12,50.85,51.29,50.76,2509600.0,127841632.0,2020,4,28,10,0,2020-04-28 10:00
266,50.92,51.09,51.22,50.81,1486400.0,75911072.0,2020,4,28,10,15,2020-04-28 10:15
267,51.11,51.51,51.7,51.11,1528200.0,78725408.0,2020,4,28,10,30,2020-04-28 10:30
268,51.52,51.62,51.85,51.41,1333200.0,68902912.0,2020,4,28,10,45,2020-04-28 10:45
269,51.62,51.47,51.62,51.26,1201400.0,61799168.0,2020,4,28,11,0,2020-04-28 11:00
270,51.44,51.66,51.73,51.44,1030200.0,53160704.0,2020,4,28,11,15,2020-04-28 11:15
271,51.67,51.68,51.85,51.58,1417700.0,73351040.0,2020,4,28,11,30,2020-04-28 11:30
272,51.68,51.78,51.89,51.62,1361200.0,70433280.0,2020,4,28,13,15,2020-04-28 13:15
273,51.78,51.79,51.89,51.65,1719900.0,89079168.0,2020,4,28,13,30,2020-04-28 13:30
274,51.79,51.6,51.79,51.5,1264900.0,65326656.0,2020,4,28,13,45,2020-04-28 13:45
275,51.6,51.8,51.81,51.6,2089900.0,108083904.0,2020,4,28,14,0,2020-04-28 14:00
276,51.8,51.77,51.81,51.63,1365300.0,70666240.0,2020,4,28,14,15,2020-04-28 14:15
277,51.78,51.9,51.93,51.77,1242200.0,64440832.0,2020,4,28,14,30,2020-04-28 14:30
278,51.89,51.69,51.9,51.64,1131100.0,58586240.0,2020,4,28,14,45,2020-04-28 14:45
279,51.68,51.79,51.79,51.61,1246600.0,64464256.0,2020,4,28,15,0,2020-04-28 15:00
280,51.4,51.49,51.65,51.15,1613200.0,82948376.0,2020,4,29,9,45,2020-04-29 09:45
281,51.49,51.64,51.74,51.46,1284800.0,66343016.0,2020,4,29,10,0,2020-04-29 10:00
282,51.62,51.96,51.97,51.61,1447700.0,75049168.0,2020,4,29,10,15,2020-04-29 10:15
283,51.87,52.15,52.15,51.82,1469700.0,76419984.0,2020,4,29,10,30,2020-04-29 10:30
284,52.15,52.25,52.25,52.08,1510900.0,78801824.0,2020,4,29,10,45,2020-04-29 10:45
285,52.25,52.36,52.36,52.22,1470400.0,76919776.0,2020,4,29,11,0,2020-04-29 11:00
286,52.36,52.75,52.75,52.31,1722000.0,90458720.0,2020,4,29,11,15,2020-04-29 11:15
287,52.76,52.4,52.76,52.4,1408900.0,74076032.0,2020,4,29,11,30,2020-04-29 11:30
288,52.4,52.16,52.4,52.12,956000.0,49928896.0,2020,4,29,13,15,2020-04-29 13:15
289,52.17,52.25,52.43,52.16,703200.0,36784000.0,2020,4,29,13,30,2020-04-29 13:30
290,52.27,52.01,52.27,52.0,1154200.0,60158976.0,2020,4,29,13,45,2020-04-29 13:45
291,52.0,51.82,52.13,51.8,1202100.0,62429248.0,2020,4,29,14,0,2020-04-29 14:00
292,51.82,51.85,51.92,51.77,859900.0,44562368.0,2020,4,29,14,15,2020-04-29 14:15
293,51.85,51.7,51.89,51.69,1031200.0,53403456.0,2020,4,29,14,30,2020-04-29 14:30
294,51.7,51.75,51.89,51.6,1281200.0,66244608.0,2020,4,29,14,45,2020-04-29 14:45
295,51.75,52.25,52.25,51.56,1508100.0,78236672.0,2020,4,29,15,0,2020-04-29 15:00
296,53.3,53.95,54.16,53.3,9509200.0,512118976.0,2020,4,30,9,45,2020-04-30 09:45
297,53.93,53.98,54.0,53.73,3096200.0,166877248.0,2020,4,30,10,0,2020-04-30 10:00
298,53.97,53.7,53.99,53.65,2018000.0,108588928.0,2020,4,30,10,15,2020-04-30 10:15
299,53.66,53.79,53.85,53.65,1333500.0,71713088.0,2020,4,30,10,30,2020-04-30 10:30
300,53.79,53.54,53.8,53.54,1205100.0,64682496.0,2020,4,30,10,45,2020-04-30 10:45
301,53.55,53.52,53.6,53.42,1603400.0,85778624.0,2020,4,30,11,0,2020-04-30 11:00
302,53.49,53.8,53.82,53.49,1082500.0,58140096.0,2020,4,30,11,15,2020-04-30 11:15
303,53.8,53.73,53.81,53.44,1011300.0,54210880.0,2020,4,30,11,30,2020-04-30 11:30
304,53.65,53.61,53.7,53.5,856300.0,45929472.0,2020,4,30,13,15,2020-04-30 13:15
305,53.61,53.67,53.72,53.6,822100.0,44113024.0,2020,4,30,13,30,2020-04-30 13:30
306,53.65,53.87,53.88,53.57,1558300.0,83730816.0,2020,4,30,13,45,2020-04-30 13:45
307,53.87,54.0,54.08,53.87,3518700.0,190027136.0,2020,4,30,14,0,2020-04-30 14:00
308,53.99,53.91,54.04,53.9,1548600.0,83586688.0,2020,4,30,14,15,2020-04-30 14:15
309,53.91,54.0,54.01,53.87,1546500.0,83406080.0,2020,4,30,14,30,2020-04-30 14:30
310,53.99,53.79,54.04,53.78,1860800.0,100307456.0,2020,4,30,14,45,2020-04-30 14:45
311,53.8,53.75,53.9,53.72,1461800.0,78649856.0,2020,4,30,15,0,2020-04-30 15:00
312,53.0,53.36,53.65,52.73,7133800.0,379863872.0,2020,5,6,9,45,2020-05-06 09:45
313,53.36,53.39,53.5,53.12,2850800.0,151936032.0,2020,5,6,10,0,2020-05-06 10:00
314,53.37,53.91,54.0,53.37,2284000.0,122832736.0,2020,5,6,10,15,2020-05-06 10:15
315,53.91,53.87,53.91,53.41,1604700.0,86192064.0,2020,5,6,10,30,2020-05-06 10:30
316,53.87,53.71,53.89,53.61,1347900.0,72518208.0,2020,5,6,10,45,2020-05-06 10:45
317,53.75,53.92,54.0,53.58,2327900.0,125311680.0,2020,5,6,11,0,2020-05-06 11:00
318,53.9,54.02,54.14,53.9,2016200.0,108985152.0,2020,5,6,11,15,2020-05-06 11:15
319,54.0,54.15,54.15,54.0,1381600.0,74749376.0,2020,5,6,11,30,2020-05-06 11:30
320,54.13,54.16,54.2,54.01,1894200.0,102528512.0,2020,5,6,13,15,2020-05-06 13:15
321,54.16,53.99,54.16,53.85,1103900.0,59638144.0,2020,5,6,13,30,2020-05-06 13:30
322,53.99,53.84,54.02,53.8,1273400.0,68662144.0,2020,5,6,13,45,2020-05-06 13:45
323,53.82,53.9,54.0,53.78,1106900.0,59632640.0,2020,5,6,14,0,2020-05-06 14:00
324,53.88,53.97,53.99,53.83,1036700.0,55896064.0,2020,5,6,14,15,2020-05-06 14:15
325,53.98,54.07,54.07,53.85,1639900.0,88499968.0,2020,5,6,14,30,2020-05-06 14:30
326,54.05,53.99,54.12,53.93,1502300.0,81200384.0,2020,5,6,14,45,2020-05-06 14:45
327,54.0,54.2,54.2,53.99,2352300.0,127319168.0,2020,5,6,15,0,2020-05-06 15:00
328,54.19,54.23,54.32,53.85,2480100.0,134133936.0,2020,5,7,9,45,2020-05-07 09:45
329,54.23,53.94,54.23,53.89,1905800.0,102997776.0,2020,5,7,10,0,2020-05-07 10:00
330,53.93,53.97,54.02,53.89,1004600.0,54190496.0,2020,5,7,10,15,2020-05-07 10:15
331,53.97,53.99,54.03,53.91,845000.0,45606912.0,2020,5,7,10,30,2020-05-07 10:30
332,53.98,54.09,54.13,53.94,1011900.0,54661920.0,2020,5,7,10,45,2020-05-07 10:45
333,54.09,53.9,54.2,53.9,1165800.0,62977856.0,2020,5,7,11,0,2020-05-07 11:00
334,53.9,54.11,54.15,53.88,910600.0,49116896.0,2020,5,7,11,15,2020-05-07 11:15
335,54.12,54.01,54.23,54.01,1127100.0,61032480.0,2020,5,7,11,30,2020-05-07 11:30
336,54.01,54.08,54.16,53.97,1214700.0,65661504.0,2020,5,7,13,15,2020-05-07 13:15
337,54.07,54.1,54.1,53.91,1067000.0,57607808.0,2020,5,7,13,30,2020-05-07 13:30
338,54.07,54.23,54.25,54.07,1099000.0,59544896.0,2020,5,7,13,45,2020-05-07 13:45
339,54.22,54.29,54.3,54.19,1274400.0,69137472.0,2020,5,7,14,0,2020-05-07 14:00
340,54.26,54.24,54.45,54.21,1633200.0,88767808.0,2020,5,7,14,15,2020-05-07 14:15
341,54.24,54.39,54.44,54.24,1416900.0,77068800.0,2020,5,7,14,30,2020-05-07 14:30
342,54.36,54.32,54.37,54.17,1422500.0,77255296.0,2020,5,7,14,45,2020-05-07 14:45
343,54.32,54.0,54.32,53.88,1796900.0,97046976.0,2020,5,7,15,0,2020-05-07 15:00
344,54.48,55.39,55.48,54.46,5530800.0,304470496.0,2020,5,8,9,45,2020-05-08 09:45
345,55.39,56.16,56.44,55.39,7237900.0,405244448.0,2020,5,8,10,0,2020-05-08 10:00
346,56.15,56.18,56.29,55.98,3227600.0,181221696.0,2020,5,8,10,15,2020-05-08 10:15
347,56.18,55.96,56.27,55.96,2518700.0,141504192.0,2020,5,8,10,30,2020-05-08 10:30
348,55.97,55.92,56.04,55.76,1653900.0,92418432.0,2020,5,8,10,45,2020-05-08 10:45
349,55.92,56.05,56.15,55.92,1339200.0,75100672.0,2020,5,8,11,0,2020-05-08 11:00
350,56.06,56.18,56.25,56.0,1338200.0,75152256.0,2020,5,8,11,15,2020-05-08 11:15
351,56.17,56.4,56.45,56.16,2448700.0,138011776.0,2020,5,8,11,30,2020-05-08 11:30
352,56.36,56.31,56.42,56.17,1867800.0,105238912.0,2020,5,8,13,15,2020-05-08 13:15
353,56.32,56.41,56.43,56.23,1791400.0,100952960.0,2020,5,8,13,30,2020-05-08 13:30
354,56.42,56.24,56.42,56.05,1285700.0,72229248.0,2020,5,8,13,45,2020-05-08 13:45
355,56.24,56.31,56.38,56.2,2015700.0,113507328.0,2020,5,8,14,0,2020-05-08 14:00
356,56.31,56.4,56.41,56.28,2690500.0,151667456.0,2020,5,8,14,15,2020-05-08 14:15
357,56.39,56.42,56.46,56.39,2407500.0,135847808.0,2020,5,8,14,30,2020-05-08 14:30
358,56.43,56.37,56.46,56.3,2011300.0,113476480.0,2020,5,8,14,45,2020-05-08 14:45
359,56.37,56.33,56.39,56.22,1597200.0,89978112.0,2020,5,8,15,0,2020-05-08 15:00
360,56.59,58.33,58.47,56.59,9374900.0,543206784.0,2020,5,11,9,45,2020-05-11 09:45
361,58.35,57.87,58.35,57.71,3929300.0,227580672.0,2020,5,11,10,0,2020-05-11 10:00
362,57.88,57.95,58.0,57.83,2709000.0,156951232.0,2020,5,11,10,15,2020-05-11 10:15
363,57.98,57.95,58.09,57.93,2833800.0,164346432.0,2020,5,11,10,30,2020-05-11 10:30
364,57.91,58.23,58.28,57.86,2254000.0,130914816.0,2020,5,11,10,45,2020-05-11 10:45
365,58.2,57.65,58.24,57.64,1706500.0,98879744.0,2020,5,11,11,0,2020-05-11 11:00
366,57.65,57.91,57.91,57.65,1035700.0,59935104.0,2020,5,11,11,15,2020-05-11 11:15
367,57.9,57.77,57.97,57.65,1161500.0,67251200.0,2020,5,11,11,30,2020-05-11 11:30
368,57.77,57.33,57.77,57.26,1269600.0,72976896.0,2020,5,11,13,15,2020-05-11 13:15
369,57.33,57.3,57.36,57.02,1488900.0,85132544.0,2020,5,11,13,30,2020-05-11 13:30
370,57.3,57.34,57.34,57.2,863100.0,49445888.0,2020,5,11,13,45,2020-05-11 13:45
371,57.34,57.45,57.5,57.3,1043300.0,59890304.0,2020,5,11,14,0,2020-05-11 14:00
372,57.45,57.33,57.58,57.33,1371600.0,78830976.0,2020,5,11,14,15,2020-05-11 14:15
373,57.35,56.43,57.36,56.43,3128600.0,177698560.0,2020,5,11,14,30,2020-05-11 14:30
374,56.43,57.17,57.25,56.43,2304400.0,131077632.0,2020,5,11,14,45,2020-05-11 14:45
375,57.16,56.91,57.25,56.9,1485600.0,84702720.0,2020,5,11,15,0,2020-05-11 15:00
376,57.5,57.27,58.36,57.15,4902800.0,283477376.0,2020,5,12,9,45,2020-05-12 09:45
377,57.28,57.7,57.86,57.03,2201700.0,126351328.0,2020,5,12,10,0,2020-05-12 10:00
378,57.75,57.89,57.99,57.7,2014600.0,116573696.0,2020,5,12,10,15,2020-05-12 10:15
379,57.9,57.89,57.92,57.63,1192700.0,68993760.0,2020,5,12,10,30,2020-05-12 10:30
380,57.89,58.0,58.2,57.75,2268700.0,131576256.0,2020,5,12,10,45,2020-05-12 10:45
381,57.99,57.98,58.03,57.96,1491400.0,86504192.0,2020,5,12,11,0,2020-05-12 11:00
382,57.98,57.97,58.02,57.96,1289600.0,74789760.0,2020,5,12,11,15,2020-05-12 11:15
383,57.96,57.95,57.97,57.8,1270300.0,73543040.0,2020,5,12,11,30,2020-05-12 11:30
384,57.93,57.86,57.95,57.73,1852900.0,107171008.0,2020,5,12,13,15,2020-05-12 13:15
385,57.87,57.98,58.0,57.83,1721900.0,99773248.0,2020,5,12,13,30,2020-05-12 13:30
386,57.98,57.96,57.98,57.83,1050700.0,60856832.0,2020,5,12,13,45,2020-05-12 13:45
387,57.96,58.0,58.05,57.95,1627900.0,94430080.0,2020,5,12,14,0,2020-05-12 14:00
388,58.02,57.91,58.02,57.86,1199600.0,69503232.0,2020,5,12,14,15,2020-05-12 14:15
389,57.9,57.87,57.91,57.86,1286900.0,74490752.0,2020,5,12,14,30,2020-05-12 14:30
390,57.87,57.87,57.95,57.86,1248100.0,72277504.0,2020,5,12,14,45,2020-05-12 14:45
391,57.89,58.0,58.05,57.76,1983600.0,114906880.0,2020,5,12,15,0,2020-05-12 15:00
392,57.6,57.21,57.78,57.11,3577200.0,205408576.0,2020,5,13,9,45,2020-05-13 09:45
393,57.2,57.04,57.27,56.92,1901300.0,108547008.0,2020,5,13,10,0,2020-05-13 10:00
394,57.03,57.3,57.3,56.97,1396700.0,79753792.0,2020,5,13,10,15,2020-05-13 10:15
395,57.29,57.24,57.3,57.09,1171500.0,67002560.0,2020,5,13,10,30,2020-05-13 10:30
396,57.24,57.49,57.5,57.2,1006100.0,57730720.0,2020,5,13,10,45,2020-05-13 10:45
397,57.49,57.47,57.5,57.39,1034800.0,59452064.0,2020,5,13,11,0,2020-05-13 11:00
398,57.48,57.47,57.49,57.26,893200.0,51275072.0,2020,5,13,11,15,2020-05-13 11:15
399,57.46,57.34,57.48,57.18,870800.0,49917696.0,2020,5,13,11,30,2020-05-13 11:30
400,57.3,57.33,57.38,57.22,813000.0,46618624.0,2020,5,13,13,15,2020-05-13 13:15
401,57.32,57.34,57.5,57.31,955100.0,54818752.0,2020,5,13,13,30,2020-05-13 13:30
402,57.34,57.36,57.53,57.33,1580100.0,90778112.0,2020,5,13,13,45,2020-05-13 13:45
403,57.36,57.7,57.7,57.36,1106900.0,63661888.0,2020,5,13,14,0,2020-05-13 14:00
404,57.69,57.8,57.91,57.59,1149700.0,66428800.0,2020,5,13,14,15,2020-05-13 14:15
405,57.8,57.94,58.0,57.76,1754000.0,101591808.0,2020,5,13,14,30,2020-05-13 14:30
406,57.94,57.89,57.97,57.78,1788600.0,103559424.0,2020,5,13,14,45,2020-05-13 14:45
407,57.9,57.75,57.9,57.75,939600.0,54321792.0,2020,5,13,15,0,2020-05-13 15:00
408,57.75,57.96,58.09,57.52,2322100.0,134329616.0,2020,5,14,9,45,2020-05-14 09:45
409,57.9,58.02,58.29,57.76,2177700.0,126365024.0,2020,5,14,10,0,2020-05-14 10:00
410,58.02,57.67,58.17,57.63,926000.0,53521232.0,2020,5,14,10,15,2020-05-14 10:15
411,57.67,57.81,57.92,57.63,1133600.0,65498944.0,2020,5,14,10,30,2020-05-14 10:30
412,57.81,58.07,58.1,57.81,1077000.0,62449760.0,2020,5,14,10,45,2020-05-14 10:45
413,58.07,58.25,58.25,57.93,1502700.0,87331584.0,2020,5,14,11,0,2020-05-14 11:00
414,58.24,58.2,58.27,58.11,1120200.0,65184032.0,2020,5,14,11,15,2020-05-14 11:15
415,58.21,58.16,58.22,58.04,799500.0,46515008.0,2020,5,14,11,30,2020-05-14 11:30
416,58.13,58.07,58.14,57.97,620900.0,36048128.0,2020,5,14,13,15,2020-05-14 13:15
417,58.07,58.04,58.14,58.04,558500.0,32440896.0,2020,5,14,13,30,2020-05-14 13:30
418,58.04,57.98,58.08,57.86,767600.0,44514368.0,2020,5,14,13,45,2020-05-14 13:45
419,57.98,58.18,58.18,57.92,826400.0,47997696.0,2020,5,14,14,0,2020-05-14 14:00
420,58.18,57.9,58.18,57.9,993200.0,57653056.0,2020,5,14,14,15,2020-05-14 14:15
421,57.93,58.09,58.12,57.9,821800.0,47691520.0,2020,5,14,14,30,2020-05-14 14:30
422,58.09,57.96,58.15,57.85,1247600.0,72380672.0,2020,5,14,14,45,2020-05-14 14:45
423,57.96,58.0,58.06,57.88,1107200.0,64174656.0,2020,5,14,15,0,2020-05-14 15:00
424,58.0,57.95,58.08,57.59,4267000.0,246639664.0,2020,5,15,9,45,2020-05-15 09:45
425,57.92,57.45,58.0,57.39,2012500.0,116124752.0,2020,5,15,10,0,2020-05-15 10:00
426,57.42,57.19,57.53,57.13,2033200.0,116545088.0,2020,5,15,10,15,2020-05-15 10:15
427,57.18,57.13,57.2,57.0,1853700.0,105837312.0,2020,5,15,10,30,2020-05-15 10:30
428,57.14,57.09,57.28,57.07,1177700.0,67294720.0,2020,5,15,10,45,2020-05-15 10:45
429,57.09,56.96,57.15,56.87,1566600.0,89328896.0,2020,5,15,11,0,2020-05-15 11:00
430,56.97,57.12,57.28,56.97,1038600.0,59281856.0,2020,5,15,11,15,2020-05-15 11:15
431,57.12,57.17,57.41,57.11,1082900.0,62001856.0,2020,5,15,11,30,2020-05-15 11:30
432,57.16,57.14,57.38,57.05,1366000.0,78064448.0,2020,5,15,13,15,2020-05-15 13:15
433,57.15,57.37,57.47,57.13,1047600.0,60100736.0,2020,5,15,13,30,2020-05-15 13:30
434,57.37,57.14,57.37,57.08,701000.0,40096000.0,2020,5,15,13,45,2020-05-15 13:45
435,57.14,57.11,57.15,57.0,763000.0,43550336.0,2020,5,15,14,0,2020-05-15 14:00
436,57.11,57.01,57.18,57.0,775800.0,44289664.0,2020,5,15,14,15,2020-05-15 14:15
437,57.02,57.15,57.16,57.02,893300.0,51003776.0,2020,5,15,14,30,2020-05-15 14:30
438,57.15,56.94,57.15,56.87,1367100.0,77885696.0,2020,5,15,14,45,2020-05-15 14:45
439,56.94,56.95,57.02,56.93,1415700.0,80643200.0,2020,5,15,15,0,2020-05-15 15:00
440,57.5,57.08,57.5,56.99,3965100.0,227058528.0,2020,5,18,9,45,2020-05-18 09:45
441,57.08,57.13,57.23,56.63,3115200.0,177279360.0,2020,5,18,10,0,2020-05-18 10:00
442,57.11,57.66,57.8,57.06,2392700.0,137335008.0,2020,5,18,10,15,2020-05-18 10:15
443,57.67,57.35,57.78,57.18,1804100.0,103653184.0,2020,5,18,10,30,2020-05-18 10:30
444,57.35,57.22,57.52,57.12,1026700.0,58803264.0,2020,5,18,10,45,2020-05-18 10:45
445,57.23,57.5,57.7,57.15,1067700.0,61250240.0,2020,5,18,11,0,2020-05-18 11:00
446,57.5,57.49,57.55,57.0,889800.0,51059712.0,2020,5,18,11,15,2020-05-18 11:15
447,57.37,57.57,57.69,57.24,1026900.0,58988096.0,2020,5,18,11,30,2020-05-18 11:30
448,57.57,57.58,57.67,57.3,1204800.0,69321920.0,2020,5,18,13,15,2020-05-18 13:15
449,57.58,57.77,57.83,57.49,1489700.0,86016832.0,2020,5,18,13,30,2020-05-18 13:30
450,57.77,57.96,57.97,57.76,1317800.0,76222912.0,2020,5,18,13,45,2020-05-18 13:45
451,57.96,58.16,58.2,57.91,2403300.0,139538432.0,2020,5,18,14,0,2020-05-18 14:00
452,58.18,57.97,58.19,57.96,974300.0,56535936.0,2020,5,18,14,15,2020-05-18 14:15
453,57.96,58.0,58.05,57.95,1022200.0,59297280.0,2020,5,18,14,30,2020-05-18 14:30
454,58.0,57.7,58.0,57.58,1190500.0,68787584.0,2020,5,18,14,45,2020-05-18 14:45
455,57.68,57.49,57.79,57.47,1286700.0,74070656.0,2020,5,18,15,0,2020-05-18 15:00
456,58.4,58.66,58.71,58.13,5201700.0,304590432.0,2020,5,19,9,45,2020-05-19 09:45
457,58.67,58.9,58.97,58.55,3506600.0,206133728.0,2020,5,19,10,0,2020-05-19 10:00
458,58.91,59.03,59.2,58.81,3626500.0,213940864.0,2020,5,19,10,15,2020-05-19 10:15
459,59.04,59.02,59.08,59.0,746600.0,44068288.0,2020,5,19,10,30,2020-05-19 10:30
460,59.0,58.88,59.0,58.8,857200.0,50497920.0,2020,5,19,10,45,2020-05-19 10:45
461,58.88,58.81,58.95,58.76,885700.0,52137856.0,2020,5,19,11,0,2020-05-19 11:00
462,58.85,58.74,58.85,58.56,910600.0,53434560.0,2020,5,19,11,15,2020-05-19 11:15
463,58.75,58.67,58.75,58.62,938900.0,55109824.0,2020,5,19,11,30,2020-05-19 11:30
464,58.67,58.89,58.9,58.58,1385200.0,81423488.0,2020,5,19,13,15,2020-05-19 13:15
465,58.89,58.94,59.01,58.89,1826400.0,107699968.0,2020,5,19,13,30,2020-05-19 13:30
466,58.94,58.9,58.97,58.86,1208600.0,71228416.0,2020,5,19,13,45,2020-05-19 13:45
467,58.94,58.86,58.95,58.71,1134900.0,66801280.0,2020,5,19,14,0,2020-05-19 14:00
468,58.87,58.9,58.9,58.82,1250400.0,73603968.0,2020,5,19,14,15,2020-05-19 14:15
469,58.87,58.94,58.96,58.87,1452000.0,85564928.0,2020,5,19,14,30,2020-05-19 14:30
470,58.94,58.98,59.0,58.91,1664300.0,98135168.0,2020,5,19,14,45,2020-05-19 14:45
471,58.98,58.76,58.99,58.76,1259500.0,74166144.0,2020,5,19,15,0,2020-05-19 15:00
472,58.53,58.9,59.03,58.53,1969500.0,115919392.0,2020,5,20,9,45,2020-05-20 09:45
473,58.9,58.85,58.9,58.74,923700.0,54348160.0,2020,5,20,10,0,2020-05-20 10:00
474,58.85,58.85,58.86,58.68,1003800.0,58999488.0,2020,5,20,10,15,2020-05-20 10:15
475,58.85,58.95,59.08,58.79,1660600.0,97918272.0,2020,5,20,10,30,2020-05-20 10:30
476,58.96,59.02,59.03,58.93,978200.0,57711872.0,2020,5,20,10,45,2020-05-20 10:45
477,59.01,58.93,59.02,58.86,484900.0,28588352.0,2020,5,20,11,0,2020-05-20 11:00
478,58.93,58.98,59.01,58.9,783700.0,46214208.0,2020,5,20,11,15,2020-05-20 11:15
479,58.98,58.99,59.02,58.97,938800.0,55388224.0,2020,5,20,11,30,2020-05-20 11:30
480,58.99,59.02,59.02,58.82,1396000.0,82281888.0,2020,5,20,13,15,2020-05-20 13:15
481,59.01,59.0,59.02,58.96,1062700.0,62704512.0,2020,5,20,13,30,2020-05-20 13:30
482,59.01,58.98,59.03,58.95,797800.0,47064704.0,2020,5,20,13,45,2020-05-20 13:45
483,58.98,59.01,59.1,58.93,1490800.0,88006976.0,2020,5,20,14,0,2020-05-20 14:00
484,59.01,58.9,59.03,58.9,1122900.0,66219648.0,2020,5,20,14,15,2020-05-20 14:15
485,58.91,58.87,59.0,58.82,1148100.0,67616960.0,2020,5,20,14,30,2020-05-20 14:30
486,58.88,58.95,59.04,58.86,1497800.0,88340480.0,2020,5,20,14,45,2020-05-20 14:45
487,58.92,59.03,59.04,58.92,1802200.0,106338048.0,2020,5,20,15,0,2020-05-20 15:00
488,59.55,59.26,59.58,59.08,1936600.0,115101296.0,2020,5,21,9,45,2020-05-21 09:45
489,59.24,59.11,59.3,59.1,825700.0,48888448.0,2020,5,21,10,0,2020-05-21 10:00
490,59.08,58.67,59.09,58.67,902300.0,53115088.0,2020,5,21,10,15,2020-05-21 10:15
491,58.66,58.77,58.85,58.65,652600.0,38346432.0,2020,5,21,10,30,2020-05-21 10:30
492,58.75,59.04,59.04,58.69,585300.0,34462464.0,2020,5,21,10,45,2020-05-21 10:45
493,59.02,58.9,59.03,58.77,521800.0,30749728.0,2020,5,21,11,0,2020-05-21 11:00
494,58.89,58.96,58.99,58.83,420500.0,24764928.0,2020,5,21,11,15,2020-05-21 11:15
495,58.98,58.9,59.0,58.86,471300.0,27765312.0,2020,5,21,11,30,2020-05-21 11:30
496,58.89,58.76,58.94,58.76,738500.0,43474048.0,2020,5,21,13,15,2020-05-21 13:15
497,58.77,58.5,58.79,58.5,902500.0,52934048.0,2020,5,21,13,30,2020-05-21 13:30
498,58.5,58.53,58.59,58.46,958700.0,56088512.0,2020,5,21,13,45,2020-05-21 13:45
499,58.52,58.66,58.72,58.48,1049500.0,61513792.0,2020,5,21,14,0,2020-05-21 14:00
500,58.67,58.59,58.67,58.45,1491400.0,87350144.0,2020,5,21,14,15,2020-05-21 14:15
501,58.59,58.38,58.62,58.37,1310800.0,76630848.0,2020,5,21,14,30,2020-05-21 14:30
502,58.38,58.62,58.62,58.37,1277800.0,74712128.0,2020,5,21,14,45,2020-05-21 14:45
503,58.6,58.72,58.8,58.55,868200.0,50956992.0,2020,5,21,15,0,2020-05-21 15:00
504,58.44,57.32,58.5,57.3,3612400.0,208066016.0,2020,5,22,9,45,2020-05-22 09:45
505,57.31,57.41,57.49,56.66,3871500.0,220844992.0,2020,5,22,10,0,2020-05-22 10:00
506,57.48,57.35,57.48,57.1,1739100.0,99605920.0,2020,5,22,10,15,2020-05-22 10:15
507,57.35,57.2,57.42,57.11,1246100.0,71360448.0,2020,5,22,10,30,2020-05-22 10:30
508,57.17,57.5,57.57,57.15,1030200.0,59080128.0,2020,5,22,10,45,2020-05-22 10:45
509,57.51,57.35,57.51,57.3,717300.0,41176000.0,2020,5,22,11,0,2020-05-22 11:00
510,57.31,57.5,57.59,57.31,644600.0,37068288.0,2020,5,22,11,15,2020-05-22 11:15
511,57.51,57.44,57.58,57.36,831700.0,47796032.0,2020,5,22,11,30,2020-05-22 11:30
512,57.45,57.46,57.5,57.22,1552400.0,89014592.0,2020,5,22,13,15,2020-05-22 13:15
513,57.48,57.09,57.53,56.98,1551100.0,88702720.0,2020,5,22,13,30,2020-05-22 13:30
514,57.1,56.96,57.18,56.96,1982800.0,113116672.0,2020,5,22,13,45,2020-05-22 13:45
515,56.95,57.26,57.26,56.88,1559800.0,88961024.0,2020,5,22,14,0,2020-05-22 14:00
516,57.28,57.15,57.48,57.1,1308900.0,74991744.0,2020,5,22,14,15,2020-05-22 14:15
517,57.16,57.08,57.25,57.06,1315200.0,75100800.0,2020,5,22,14,30,2020-05-22 14:30
518,57.08,57.03,57.24,56.99,1894600.0,108104320.0,2020,5,22,14,45,2020-05-22 14:45
519,57.03,57.12,57.27,56.98,1228500.0,70157312.0,2020,5,22,15,0,2020-05-22 15:00
520,58.3,56.33,58.39,56.18,3965700.0,225775840.0,2020,5,25,9,45,2020-05-25 09:45
521,56.33,56.97,56.99,56.15,1742300.0,98430304.0,2020,5,25,10,0,2020-05-25 10:00
522,56.97,57.02,57.4,56.97,1328900.0,76002208.0,2020,5,25,10,15,2020-05-25 10:15
523,57.02,56.87,57.06,56.72,794500.0,45214848.0,2020,5,25,10,30,2020-05-25 10:30
524,56.87,56.65,56.87,56.65,570000.0,32356096.0,2020,5,25,10,45,2020-05-25 10:45
525,56.64,56.6,56.72,56.44,924600.0,52357888.0,2020,5,25,11,0,2020-05-25 11:00
526,56.6,56.89,56.9,56.57,702000.0,39829856.0,2020,5,25,11,15,2020-05-25 11:15
527,56.89,56.85,56.9,56.7,497200.0,28248128.0,2020,5,25,11,30,2020-05-25 11:30
528,56.81,56.94,56.98,56.8,607800.0,34577408.0,2020,5,25,13,15,2020-05-25 13:15
529,56.94,56.8,56.94,56.67,519100.0,29459072.0,2020,5,25,13,30,2020-05-25 13:30
530,56.77,56.63,56.8,56.52,479200.0,27162624.0,2020,5,25,13,45,2020-05-25 13:45
531,56.62,56.5,56.65,56.44,731200.0,41336256.0,2020,5,25,14,0,2020-05-25 14:00
532,56.53,56.83,56.88,56.51,707900.0,40108160.0,2020,5,25,14,15,2020-05-25 14:15
533,56.73,56.73,56.8,56.65,616600.0,34976128.0,2020,5,25,14,30,2020-05-25 14:30
534,56.72,56.74,56.9,56.66,898700.0,51038144.0,2020,5,25,14,45,2020-05-25 14:45
535,56.7,56.84,56.84,56.7,858800.0,48752832.0,2020,5,25,15,0,2020-05-25 15:00
536,57.3,57.61,57.69,57.11,2284700.0,131143600.0,2020,5,26,9,45,2020-05-26 09:45
537,57.65,57.3,57.67,57.28,913800.0,52562544.0,2020,5,26,10,0,2020-05-26 10:00
538,57.33,56.96,57.38,56.94,941500.0,53802384.0,2020,5,26,10,15,2020-05-26 10:15
539,56.97,57.12,57.17,56.9,884500.0,50428016.0,2020,5,26,10,30,2020-05-26 10:30
540,57.12,56.92,57.12,56.84,839600.0,47816640.0,2020,5,26,10,45,2020-05-26 10:45
541,56.92,56.86,56.99,56.77,842800.0,47931616.0,2020,5,26,11,0,2020-05-26 11:00
542,56.86,56.91,57.05,56.84,588400.0,33501344.0,2020,5,26,11,15,2020-05-26 11:15
543,56.96,57.01,57.15,56.93,303300.0,17300992.0,2020,5,26,11,30,2020-05-26 11:30
544,57.06,57.25,57.29,56.93,938500.0,53564128.0,2020,5,26,13,15,2020-05-26 13:15
545,57.29,57.65,57.69,57.25,1547900.0,89055616.0,2020,5,26,13,30,2020-05-26 13:30
546,57.68,57.86,57.93,57.62,1147200.0,66254400.0,2020,5,26,13,45,2020-05-26 13:45
547,57.86,58.01,58.09,57.81,1947600.0,112862272.0,2020,5,26,14,0,2020-05-26 14:00
548,58.0,57.98,58.08,57.87,1309600.0,75938944.0,2020,5,26,14,15,2020-05-26 14:15
549,58.0,58.0,58.08,57.97,1198000.0,69515008.0,2020,5,26,14,30,2020-05-26 14:30
550,58.0,58.15,58.25,57.9,1390500.0,80732608.0,2020,5,26,14,45,2020-05-26 14:45
551,58.16,58.0,58.2,58.0,1352900.0,78595264.0,2020,5,26,15,0,2020-05-26 15:00
552,58.25,58.84,59.37,57.89,5038200.0,295558656.0,2020,5,27,9,45,2020-05-27 09:45
553,58.85,58.83,59.03,58.72,2726300.0,160554368.0,2020,5,27,10,0,2020-05-27 10:00
554,58.83,59.04,59.04,58.57,2467600.0,145034432.0,2020,5,27,10,15,2020-05-27 10:15
555,59.05,59.09,59.35,58.98,3579700.0,211712064.0,2020,5,27,10,30,2020-05-27 10:30
556,59.1,59.07,59.12,58.82,1447400.0,85397440.0,2020,5,27,10,45,2020-05-27 10:45
557,59.08,58.99,59.08,58.79,1281600.0,75553664.0,2020,5,27,11,0,2020-05-27 11:00
558,59.0,58.96,59.03,58.93,1021500.0,60244352.0,2020,5,27,11,15,2020-05-27 11:15
559,58.96,59.04,59.12,58.94,841700.0,49701184.0,2020,5,27,11,30,2020-05-27 11:30
560,59.05,59.02,59.05,58.89,940900.0,55511296.0,2020,5,27,13,15,2020-05-27 13:15
561,59.03,59.02,59.05,58.99,590200.0,34833024.0,2020,5,27,13,30,2020-05-27 13:30
562,59.02,58.97,59.03,58.95,728100.0,42956544.0,2020,5,27,13,45,2020-05-27 13:45
563,58.98,58.94,59.0,58.94,590800.0,34838656.0,2020,5,27,14,0,2020-05-27 14:00
564,58.94,58.45,58.94,58.44,1014700.0,59515776.0,2020,5,27,14,15,2020-05-27 14:15
565,58.45,58.26,58.52,58.1,1338800.0,78035840.0,2020,5,27,14,30,2020-05-27 14:30
566,58.21,58.28,58.45,58.21,1002000.0,58432128.0,2020,5,27,14,45,2020-05-27 14:45
567,58.28,58.25,58.49,58.25,1197000.0,69839232.0,2020,5,27,15,0,2020-05-27 15:00
568,59.17,59.18,59.21,58.8,4318800.0,255297040.0,2020,5,28,9,45,2020-05-28 09:45
569,59.19,59.23,59.37,59.16,2272200.0,134671632.0,2020,5,28,10,0,2020-05-28 10:00
570,59.24,59.04,59.24,58.89,1244200.0,73441920.0,2020,5,28,10,15,2020-05-28 10:15
571,59.05,58.84,59.05,58.74,869100.0,51161472.0,2020,5,28,10,30,2020-05-28 10:30
572,58.82,58.55,58.82,58.45,867600.0,50884704.0,2020,5,28,10,45,2020-05-28 10:45
573,58.57,58.55,58.63,58.49,519900.0,30438912.0,2020,5,28,11,0,2020-05-28 11:00
574,58.54,58.36,58.55,58.06,905800.0,52823232.0,2020,5,28,11,15,2020-05-28 11:15
575,58.36,57.99,58.37,57.91,796200.0,46269568.0,2020,5,28,11,30,2020-05-28 11:30
576,58.0,58.15,58.23,57.85,1011200.0,58623104.0,2020,5,28,13,15,2020-05-28 13:15
577,58.15,58.37,58.37,58.04,831500.0,48406720.0,2020,5,28,13,30,2020-05-28 13:30
578,58.36,58.13,58.5,58.08,939300.0,54701504.0,2020,5,28,13,45,2020-05-28 13:45
579,58.13,58.24,58.28,58.1,734600.0,42740672.0,2020,5,28,14,0,2020-05-28 14:00
580,58.22,58.24,58.49,58.2,1330000.0,77570816.0,2020,5,28,14,15,2020-05-28 14:15
581,58.24,58.2,58.49,58.12,1258600.0,73348352.0,2020,5,28,14,30,2020-05-28 14:30
582,58.19,58.15,58.3,58.11,1337900.0,77854976.0,2020,5,28,14,45,2020-05-28 14:45
583,58.17,58.15,58.29,58.12,1366200.0,79480320.0,2020,5,28,15,0,2020-05-28 15:00
584,57.99,58.35,58.44,57.99,1861700.0,108438136.0,2020,5,29,9,45,2020-05-29 09:45
585,58.36,58.1,58.37,58.08,1101700.0,64135384.0,2020,5,29,10,0,2020-05-29 10:00
586,58.11,58.33,58.44,58.1,791400.0,46138544.0,2020,5,29,10,15,2020-05-29 10:15
587,58.33,58.79,58.79,58.33,665700.0,39002304.0,2020,5,29,10,30,2020-05-29 10:30
588,58.78,59.03,59.05,58.7,2275600.0,134131904.0,2020,5,29,10,45,2020-05-29 10:45
589,59.03,59.18,59.24,59.01,1953000.0,115486912.0,2020,5,29,11,0,2020-05-29 11:00
590,59.18,58.93,59.18,58.88,871700.0,51438528.0,2020,5,29,11,15,2020-05-29 11:15
591,58.94,58.83,58.99,58.76,452800.0,26650880.0,2020,5,29,11,30,2020-05-29 11:30
592,58.84,58.97,58.99,58.75,606100.0,35669632.0,2020,5,29,13,15,2020-05-29 13:15
593,58.99,58.9,59.1,58.89,1051000.0,62020480.0,2020,5,29,13,30,2020-05-29 13:30
594,58.9,59.03,59.03,58.86,676900.0,39917184.0,2020,5,29,13,45,2020-05-29 13:45
595,59.02,58.99,59.05,58.9,788300.0,46510336.0,2020,5,29,14,0,2020-05-29 14:00
596,58.99,58.98,59.03,58.91,759000.0,44767744.0,2020,5,29,14,15,2020-05-29 14:15
597,58.99,58.98,59.0,58.93,1033100.0,60942144.0,2020,5,29,14,30,2020-05-29 14:30
598,58.99,59.02,59.05,58.96,1609700.0,94983168.0,2020,5,29,14,45,2020-05-29 14:45
599,59.01,59.02,59.06,59.0,1757200.0,103728192.0,2020,5,29,15,0,2020-05-29 15:00
600,59.3,60.25,60.43,59.3,6154500.0,369606528.0,2020,6,1,9,45,2020-06-01 09:45
601,60.25,60.34,60.34,60.05,3562700.0,214733312.0,2020,6,1,10,0,2020-06-01 10:00
602,60.34,60.31,60.38,60.27,2247500.0,135621760.0,2020,6,1,10,15,2020-06-01 10:15
603,60.31,60.2,60.33,59.98,1043300.0,62770816.0,2020,6,1,10,30,2020-06-01 10:30
604,60.2,60.27,60.28,60.03,1013900.0,61042432.0,2020,6,1,10,45,2020-06-01 10:45
605,60.28,60.23,60.35,60.11,1088200.0,65588608.0,2020,6,1,11,0,2020-06-01 11:00
606,60.23,60.2,60.34,60.18,824100.0,49688768.0,2020,6,1,11,15,2020-06-01 11:15
607,60.19,60.31,60.33,60.18,1007700.0,60748224.0,2020,6,1,11,30,2020-06-01 11:30
608,60.3,60.37,60.39,60.25,1936900.0,116877056.0,2020,6,1,13,15,2020-06-01 13:15
609,60.37,60.38,60.4,60.32,1247300.0,75299200.0,2020,6,1,13,30,2020-06-01 13:30
610,60.38,60.38,60.4,60.33,1239200.0,74829056.0,2020,6,1,13,45,2020-06-01 13:45
611,60.38,60.39,60.4,60.31,1015600.0,61312640.0,2020,6,1,14,0,2020-06-01 14:00
612,60.38,60.29,60.39,60.28,1138500.0,68699776.0,2020,6,1,14,15,2020-06-01 14:15
613,60.3,60.36,60.37,60.22,1398400.0,84299008.0,2020,6,1,14,30,2020-06-01 14:30
614,60.36,60.35,60.38,60.25,1568000.0,94595072.0,2020,6,1,14,45,2020-06-01 14:45
615,60.35,60.42,60.42,60.35,2994500.0,180851328.0,2020,6,1,15,0,2020-06-01 15:00
616,59.66,58.96,59.66,58.66,4169200.0,246096064.0,2020,6,2,9,45,2020-06-02 09:45
617,58.97,58.64,58.98,58.56,1869300.0,109734560.0,2020,6,2,10,0,2020-06-02 10:00
618,58.65,58.83,58.89,58.58,1358700.0,79787008.0,2020,6,2,10,15,2020-06-02 10:15
619,58.84,59.01,59.01,58.81,1490500.0,87787168.0,2020,6,2,10,30,2020-06-02 10:30
620,59.01,59.15,59.15,59.0,1320200.0,78012352.0,2020,6,2,10,45,2020-06-02 10:45
621,59.15,59.13,59.3,59.03,909500.0,53808064.0,2020,6,2,11,0,2020-06-02 11:00
622,59.13,59.17,59.24,59.1,903900.0,53486336.0,2020,6,2,11,15,2020-06-02 11:15
623,59.1,59.2,59.23,59.1,702800.0,41585216.0,2020,6,2,11,30,2020-06-02 11:30
624,59.19,59.09,59.2,59.0,760500.0,44977216.0,2020,6,2,13,15,2020-06-02 13:15
625,59.09,58.86,59.15,58.82,1089300.0,64274048.0,2020,6,2,13,30,2020-06-02 13:30
626,58.85,58.66,58.87,58.58,1132500.0,66512000.0,2020,6,2,13,45,2020-06-02 13:45
627,58.67,58.94,58.94,58.58,1079400.0,63368896.0,2020,6,2,14,0,2020-06-02 14:00
628,58.9,58.86,58.97,58.75,909600.0,53551808.0,2020,6,2,14,15,2020-06-02 14:15
629,58.86,58.79,58.95,58.75,758300.0,44608128.0,2020,6,2,14,30,2020-06-02 14:30
630,58.8,58.81,58.94,58.79,1078000.0,63441280.0,2020,6,2,14,45,2020-06-02 14:45
631,58.81,58.7,58.85,58.64,1148800.0,67447808.0,2020,6,2,15,0,2020-06-02 15:00
632,59.15,59.26,59.28,58.9,1897000.0,112070560.0,2020,6,3,9,45,2020-06-03 09:45
633,59.25,58.94,59.37,58.83,1093600.0,64684720.0,2020,6,3,10,0,2020-06-03 10:00
634,58.87,58.54,58.87,58.52,1042800.0,61163040.0,2020,6,3,10,15,2020-06-03 10:15
635,58.52,58.27,58.67,58.21,1224800.0,71561424.0,2020,6,3,10,30,2020-06-03 10:30
636,58.28,58.07,58.28,57.98,1605200.0,93271136.0,2020,6,3,10,45,2020-06-03 10:45
637,58.08,58.01,58.08,57.99,1112400.0,64549088.0,2020,6,3,11,0,2020-06-03 11:00
638,58.0,58.07,58.08,57.91,1083500.0,62816960.0,2020,6,3,11,15,2020-06-03 11:15
639,58.06,58.32,58.44,58.06,723200.0,42133696.0,2020,6,3,11,30,2020-06-03 11:30
640,58.31,58.65,58.73,58.2,1297100.0,75802560.0,2020,6,3,13,15,2020-06-03 13:15
641,58.66,58.62,58.76,58.59,854300.0,50113984.0,2020,6,3,13,30,2020-06-03 13:30
642,58.62,58.68,58.68,58.54,1020900.0,59845952.0,2020,6,3,13,45,2020-06-03 13:45
643,58.65,58.66,58.71,58.6,889500.0,52184192.0,2020,6,3,14,0,2020-06-03 14:00
644,58.66,58.59,58.72,58.5,1140900.0,66862400.0,2020,6,3,14,15,2020-06-03 14:15
645,58.58,58.58,58.6,58.52,943700.0,55267264.0,2020,6,3,14,30,2020-06-03 14:30
646,58.57,58.57,58.59,58.45,1019900.0,59707456.0,2020,6,3,14,45,2020-06-03 14:45
647,58.56,58.33,58.66,58.33,1144100.0,66968576.0,2020,6,3,15,0,2020-06-03 15:00
648,58.85,58.94,59.8,58.79,3311000.0,195757792.0,2020,6,4,9,45,2020-06-04 09:45
649,58.92,58.87,59.1,58.85,1004400.0,59231712.0,2020,6,4,10,0,2020-06-04 10:00
650,58.86,58.86,59.01,58.81,844500.0,49758720.0,2020,6,4,10,15,2020-06-04 10:15
651,58.86,59.03,59.1,58.84,1274500.0,75174944.0,2020,6,4,10,30,2020-06-04 10:30
652,59.03,58.92,59.1,58.88,682800.0,40281696.0,2020,6,4,10,45,2020-06-04 10:45
653,58.91,58.84,58.96,58.84,602300.0,35472224.0,2020,6,4,11,0,2020-06-04 11:00
654,58.84,58.8,58.92,58.78,733900.0,43181216.0,2020,6,4,11,15,2020-06-04 11:15
655,58.8,58.85,58.89,58.79,332800.0,19580704.0,2020,6,4,11,30,2020-06-04 11:30
656,58.85,58.97,59.05,58.82,890700.0,52506208.0,2020,6,4,13,15,2020-06-04 13:15
657,58.97,58.8,58.99,58.8,542400.0,31956608.0,2020,6,4,13,30,2020-06-04 13:30
658,58.85,58.85,58.98,58.84,508200.0,29943296.0,2020,6,4,13,45,2020-06-04 13:45
659,58.86,58.85,58.98,58.8,397400.0,23397504.0,2020,6,4,14,0,2020-06-04 14:00
660,58.85,58.96,59.0,58.85,578900.0,34130496.0,2020,6,4,14,15,2020-06-04 14:15
661,58.97,58.98,59.0,58.85,627800.0,36999744.0,2020,6,4,14,30,2020-06-04 14:30
662,58.98,58.89,58.99,58.85,674900.0,39757952.0,2020,6,4,14,45,2020-06-04 14:45
663,58.89,58.85,58.97,58.85,1019300.0,60026816.0,2020,6,4,15,0,2020-06-04 15:00
664,58.99,58.76,59.18,58.6,1349500.0,79340136.0,2020,6,5,9,45,2020-06-05 09:45
665,58.76,58.77,58.82,58.64,805500.0,47271848.0,2020,6,5,10,0,2020-06-05 10:00
666,58.75,58.9,58.9,58.63,813300.0,47758064.0,2020,6,5,10,15,2020-06-05 10:15
667,58.9,59.08,59.15,58.9,1229500.0,72613136.0,2020,6,5,10,30,2020-06-05 10:30
668,59.08,59.0,59.12,58.94,851400.0,50279312.0,2020,6,5,10,45,2020-06-05 10:45
669,59.02,58.81,59.07,58.76,585100.0,34469408.0,2020,6,5,11,0,2020-06-05 11:00
670,58.81,58.99,59.0,58.73,522800.0,30757728.0,2020,6,5,11,15,2020-06-05 11:15
671,58.95,58.7,58.98,58.69,532800.0,31319328.0,2020,6,5,11,30,2020-06-05 11:30
672,58.7,58.78,58.94,58.7,621600.0,36555264.0,2020,6,5,13,15,2020-06-05 13:15
673,58.78,58.7,58.87,58.68,493300.0,28983648.0,2020,6,5,13,30,2020-06-05 13:30
674,58.72,58.67,58.76,58.63,611100.0,35857536.0,2020,6,5,13,45,2020-06-05 13:45
675,58.69,58.92,58.95,58.64,706000.0,41500960.0,2020,6,5,14,0,2020-06-05 14:00
676,58.92,58.96,58.97,58.81,646200.0,38070208.0,2020,6,5,14,15,2020-06-05 14:15
677,58.95,59.03,59.03,58.9,793300.0,46776256.0,2020,6,5,14,30,2020-06-05 14:30
678,59.0,59.05,59.08,58.93,1281500.0,75633024.0,2020,6,5,14,45,2020-06-05 14:45
679,59.05,58.95,59.05,58.93,883000.0,52100800.0,2020,6,5,15,0,2020-06-05 15:00
680,59.4,60.79,60.83,59.31,8724400.0,526001728.0,2020,6,8,9,45,2020-06-08 09:45
681,60.79,61.46,61.48,60.69,7288400.0,444319808.0,2020,6,8,10,0,2020-06-08 10:00
682,61.5,61.52,61.55,61.18,5366200.0,329580160.0,2020,6,8,10,15,2020-06-08 10:15
683,61.52,60.84,61.52,60.8,1974600.0,121042304.0,2020,6,8,10,30,2020-06-08 10:30
684,60.85,60.59,60.85,60.51,1827200.0,110756992.0,2020,6,8,10,45,2020-06-08 10:45
685,60.59,61.05,61.05,60.59,1502200.0,91426432.0,2020,6,8,11,0,2020-06-08 11:00
686,61.04,60.88,61.1,60.83,725800.0,44294656.0,2020,6,8,11,15,2020-06-08 11:15
687,60.89,60.68,60.9,60.49,602200.0,36520832.0,2020,6,8,11,30,2020-06-08 11:30
688,60.68,60.25,60.72,60.21,1142200.0,69056640.0,2020,6,8,13,15,2020-06-08 13:15
689,60.26,60.14,60.28,60.07,861900.0,51852672.0,2020,6,8,13,30,2020-06-08 13:30
690,60.14,60.05,60.15,60.04,1018600.0,61211264.0,2020,6,8,13,45,2020-06-08 13:45
691,60.07,59.93,60.07,59.8,943600.0,56565504.0,2020,6,8,14,0,2020-06-08 14:00
692,59.95,59.94,60.0,59.81,716400.0,42926336.0,2020,6,8,14,15,2020-06-08 14:15
693,59.95,60.0,60.05,59.91,782900.0,46966144.0,2020,6,8,14,30,2020-06-08 14:30
694,60.02,60.0,60.1,59.96,800100.0,48027776.0,2020,6,8,14,45,2020-06-08 14:45
695,60.01,60.16,60.16,59.92,1667300.0,100081536.0,2020,6,8,15,0,2020-06-08 15:00
696,60.55,60.97,61.43,60.41,6213100.0,378572224.0,2020,6,9,9,45,2020-06-09 09:45
697,60.97,61.05,61.32,60.81,2823200.0,172609152.0,2020,6,9,10,0,2020-06-09 10:00
698,61.06,60.75,61.08,60.62,1134900.0,69104768.0,2020,6,9,10,15,2020-06-09 10:15
699,60.75,60.9,61.0,60.71,1134500.0,69059904.0,2020,6,9,10,30,2020-06-09 10:30
700,60.9,60.88,60.98,60.7,811500.0,49387072.0,2020,6,9,10,45,2020-06-09 10:45
701,60.9,61.02,61.02,60.84,1006800.0,61371264.0,2020,6,9,11,0,2020-06-09 11:00
702,61.03,60.85,61.1,60.68,841800.0,51310976.0,2020,6,9,11,15,2020-06-09 11:15
703,60.87,60.95,61.02,60.74,709200.0,43202176.0,2020,6,9,11,30,2020-06-09 11:30
704,60.91,61.13,61.19,60.91,1396600.0,85334400.0,2020,6,9,13,15,2020-06-09 13:15
705,61.15,60.91,61.15,60.9,811500.0,49549248.0,2020,6,9,13,30,2020-06-09 13:30
706,60.91,61.1,61.15,60.9,1221400.0,74569216.0,2020,6,9,13,45,2020-06-09 13:45
707,61.12,61.09,61.16,61.02,1153900.0,70531200.0,2020,6,9,14,0,2020-06-09 14:00
708,61.09,61.08,61.14,61.01,979600.0,59843584.0,2020,6,9,14,15,2020-06-09 14:15
709,61.08,60.98,61.08,60.9,989300.0,60335232.0,2020,6,9,14,30,2020-06-09 14:30
710,61.0,60.64,61.01,60.45,1445400.0,87733248.0,2020,6,9,14,45,2020-06-09 14:45
711,60.53,60.66,60.68,60.53,1340800.0,81280512.0,2020,6,9,15,0,2020-06-09 15:00
712,61.08,60.81,61.08,60.52,2895500.0,176083840.0,2020,6,10,9,45,2020-06-10 09:45
713,60.8,61.04,61.07,60.73,1884300.0,114717120.0,2020,6,10,10,0,2020-06-10 10:00
714,61.05,61.06,61.08,60.91,1502200.0,91650624.0,2020,6,10,10,15,2020-06-10 10:15
715,61.06,60.82,61.21,60.72,1477200.0,90221152.0,2020,6,10,10,30,2020-06-10 10:30
716,60.85,60.55,60.85,60.3,1016400.0,61533568.0,2020,6,10,10,45,2020-06-10 10:45
717,60.53,60.73,60.85,60.43,719600.0,43616800.0,2020,6,10,11,0,2020-06-10 11:00
718,60.68,60.63,60.93,60.6,621000.0,37773376.0,2020,6,10,11,15,2020-06-10 11:15
719,60.63,60.56,60.79,60.5,576800.0,34972608.0,2020,6,10,11,30,2020-06-10 11:30
720,60.55,60.61,60.67,60.45,756800.0,45844672.0,2020,6,10,13,15,2020-06-10 13:15
721,60.61,60.58,60.78,60.55,771200.0,46771584.0,2020,6,10,13,30,2020-06-10 13:30
722,60.6,60.43,60.76,60.43,938300.0,56824576.0,2020,6,10,13,45,2020-06-10 13:45
723,60.44,60.27,60.45,60.18,1380900.0,83280192.0,2020,6,10,14,0,2020-06-10 14:00
724,60.28,60.3,60.45,60.26,1061500.0,64055488.0,2020,6,10,14,15,2020-06-10 14:15
725,60.3,60.3,60.49,60.19,971600.0,58612352.0,2020,6,10,14,30,2020-06-10 14:30
726,60.32,60.38,60.44,60.21,961100.0,57991168.0,2020,6,10,14,45,2020-06-10 14:45
727,60.38,60.32,60.68,60.32,1480400.0,89463104.0,2020,6,10,15,0,2020-06-10 15:00
728,60.35,60.52,60.6,60.15,1747100.0,105481688.0,2020,6,11,9,45,2020-06-11 09:45
729,60.55,60.38,60.61,60.21,933700.0,56375640.0,2020,6,11,10,0,2020-06-11 10:00
730,60.39,60.2,60.55,60.1,1333600.0,80392688.0,2020,6,11,10,15,2020-06-11 10:15
731,60.19,59.89,60.26,59.89,1305000.0,78370976.0,2020,6,11,10,30,2020-06-11 10:30
732,59.88,59.73,59.94,59.69,1176600.0,70328192.0,2020,6,11,10,45,2020-06-11 10:45
733,59.72,59.85,59.94,59.69,1229700.0,73532000.0,2020,6,11,11,0,2020-06-11 11:00
734,59.9,59.95,59.99,59.85,669800.0,40151232.0,2020,6,11,11,15,2020-06-11 11:15
735,59.9,59.89,60.0,59.8,661000.0,39603872.0,2020,6,11,11,30,2020-06-11 11:30
736,59.89,59.81,59.89,59.68,1268000.0,75803904.0,2020,6,11,13,15,2020-06-11 13:15
737,59.81,59.67,59.86,59.6,1297900.0,77469952.0,2020,6,11,13,30,2020-06-11 13:30
738,59.68,59.64,59.79,59.38,2109900.0,125619840.0,2020,6,11,13,45,2020-06-11 13:45
739,59.62,59.5,59.67,59.46,894200.0,53229568.0,2020,6,11,14,0,2020-06-11 14:00
740,59.5,59.2,59.5,59.11,1652200.0,97909696.0,2020,6,11,14,15,2020-06-11 14:15
741,59.18,59.49,59.55,59.16,1083800.0,64273664.0,2020,6,11,14,30,2020-06-11 14:30
742,59.48,59.69,59.78,59.45,1341600.0,79980736.0,2020,6,11,14,45,2020-06-11 14:45
743,59.7,59.66,59.88,59.66,1433600.0,85658240.0,2020,6,11,15,0,2020-06-11 15:00
744,58.7,58.74,58.95,58.53,3601000.0,211446800.0,2020,6,12,9,45,2020-06-12 09:45
745,58.72,59.06,59.06,58.55,1414800.0,83052400.0,2020,6,12,10,0,2020-06-12 10:00
746,59.05,59.22,59.32,58.95,1269000.0,75015584.0,2020,6,12,10,15,2020-06-12 10:15
747,59.24,58.97,59.25,58.94,903600.0,53463904.0,2020,6,12,10,30,2020-06-12 10:30
748,58.97,59.36,59.36,58.93,873300.0,51676608.0,2020,6,12,10,45,2020-06-12 10:45
749,59.3,59.41,59.52,59.3,722500.0,42935264.0,2020,6,12,11,0,2020-06-12 11:00
750,59.4,59.42,59.45,59.31,458200.0,27208224.0,2020,6,12,11,15,2020-06-12 11:15
751,59.32,59.2,59.45,59.2,456800.0,27095424.0,2020,6,12,11,30,2020-06-12 11:30
752,59.2,59.24,59.3,58.98,1052800.0,62219968.0,2020,6,12,13,15,2020-06-12 13:15
753,59.24,59.64,59.66,59.24,731800.0,43514240.0,2020,6,12,13,30,2020-06-12 13:30
754,59.64,59.42,59.65,59.35,556000.0,33065856.0,2020,6,12,13,45,2020-06-12 13:45
755,59.42,59.59,59.69,59.4,992200.0,59108352.0,2020,6,12,14,0,2020-06-12 14:00
756,59.58,59.72,60.0,59.52,1289700.0,77033856.0,2020,6,12,14,15,2020-06-12 14:15
757,59.72,59.85,59.87,59.6,1001200.0,59805568.0,2020,6,12,14,30,2020-06-12 14:30
758,59.83,59.66,59.88,59.56,900800.0,53766016.0,2020,6,12,14,45,2020-06-12 14:45
759,59.66,59.98,59.98,59.48,2295300.0,137212672.0,2020,6,12,15,0,2020-06-12 15:00
760,59.09,59.26,59.3,58.8,3182400.0,187935664.0,2020,6,15,9,45,2020-06-15 09:45
761,59.25,59.0,59.43,58.91,2043700.0,120820112.0,2020,6,15,10,0,2020-06-15 10:00
762,58.99,58.28,58.99,58.27,4844000.0,283571264.0,2020,6,15,10,15,2020-06-15 10:15
763,58.29,58.53,58.58,58.18,3026000.0,176584704.0,2020,6,15,10,30,2020-06-15 10:30
764,58.53,58.77,58.8,58.39,2030000.0,118806528.0,2020,6,15,10,45,2020-06-15 10:45
765,58.77,58.72,58.98,58.69,1224200.0,71983296.0,2020,6,15,11,0,2020-06-15 11:00
766,58.7,58.54,58.8,58.54,890800.0,52244608.0,2020,6,15,11,15,2020-06-15 11:15
767,58.53,58.61,58.68,58.5,641300.0,37562112.0,2020,6,15,11,30,2020-06-15 11:30
768,58.6,58.42,58.7,58.35,2248200.0,131607488.0,2020,6,15,13,15,2020-06-15 13:15
769,58.47,58.58,58.74,58.43,1236800.0,72465792.0,2020,6,15,13,30,2020-06-15 13:30
770,58.58,58.41,58.74,58.39,1179300.0,69063808.0,2020,6,15,13,45,2020-06-15 13:45
771,58.44,58.17,58.49,58.15,2125300.0,123832960.0,2020,6,15,14,0,2020-06-15 14:00
772,58.18,58.4,58.48,58.01,1921400.0,111727488.0,2020,6,15,14,15,2020-06-15 14:15
773,58.41,58.18,58.41,58.17,1244100.0,72562304.0,2020,6,15,14,30,2020-06-15 14:30
774,58.16,58.07,58.25,58.03,1665200.0,96770432.0,2020,6,15,14,45,2020-06-15 14:45
775,58.09,58.0,58.1,58.0,2497700.0,144935424.0,2020,6,15,15,0,2020-06-15 15:00
776,58.69,59.09,59.3,58.69,2970100.0,175219600.0,2020,6,16,9,45,2020-06-16 09:45
777,59.11,58.94,59.16,58.8,1381800.0,81497776.0,2020,6,16,10,0,2020-06-16 10:00
778,58.94,58.67,58.97,58.61,1194800.0,70251584.0,2020,6,16,10,15,2020-06-16 10:15
779,58.64,58.75,58.8,58.61,839500.0,49285824.0,2020,6,16,10,30,2020-06-16 10:30
780,58.75,58.7,58.86,58.67,710500.0,41761280.0,2020,6,16,10,45,2020-06-16 10:45
781,58.79,58.79,58.88,58.7,697400.0,41009504.0,2020,6,16,11,0,2020-06-16 11:00
782,58.8,58.9,58.93,58.59,1197700.0,70456160.0,2020,6,16,11,15,2020-06-16 11:15
783,58.91,58.86,59.05,58.82,1214800.0,71628096.0,2020,6,16,11,30,2020-06-16 11:30
784,58.85,58.93,59.06,58.82,1355700.0,79946432.0,2020,6,16,13,15,2020-06-16 13:15
785,58.95,58.95,59.05,58.85,1033700.0,60956160.0,2020,6,16,13,30,2020-06-16 13:30
786,58.95,58.74,59.01,58.7,929200.0,54689664.0,2020,6,16,13,45,2020-06-16 13:45
787,58.7,58.73,58.9,58.6,982900.0,57688960.0,2020,6,16,14,0,2020-06-16 14:00
788,58.71,58.71,58.8,58.59,723500.0,42452928.0,2020,6,16,14,15,2020-06-16 14:15
789,58.72,58.7,58.96,58.65,968700.0,56930496.0,2020,6,16,14,30,2020-06-16 14:30
790,58.71,58.65,58.77,58.6,732800.0,42986432.0,2020,6,16,14,45,2020-06-16 14:45
791,58.66,59.0,59.0,58.65,1375700.0,80865856.0,2020,6,16,15,0,2020-06-16 15:00
792,58.81,58.41,58.81,58.27,3069500.0,179537056.0,2020,6,17,9,45,2020-06-17 09:45
793,58.42,58.8,58.85,58.42,1186000.0,69537744.0,2020,6,17,10,0,2020-06-17 10:00
794,58.81,58.4,58.81,58.33,1276100.0,74803088.0,2020,6,17,10,15,2020-06-17 10:15
795,58.39,58.48,58.5,58.32,1302400.0,76045824.0,2020,6,17,10,30,2020-06-17 10:30
796,58.43,57.99,58.44,57.96,2583200.0,150095424.0,2020,6,17,10,45,2020-06-17 10:45
797,57.97,58.04,58.08,57.94,753600.0,43713216.0,2020,6,17,11,0,2020-06-17 11:00
798,58.05,58.02,58.15,58.0,770200.0,44710720.0,2020,6,17,11,15,2020-06-17 11:15
799,58.02,57.88,58.02,57.83,1264600.0,73235456.0,2020,6,17,13,0,2020-06-17 13:00
