,open,close,high,low,vol,amount,year,month,day,hour,minute,datetime
0,3.05,3.04,3.05,3.03,1898100.0,5771848.0,2020,4,2,13,15,2020-04-02 13:15
1,3.03,3.04,3.05,3.03,1567600.0,4764704.0,2020,4,2,13,30,2020-04-02 13:30
2,3.03,3.05,3.05,3.03,1952900.0,5938144.0,2020,4,2,13,45,2020-04-02 13:45
3,3.05,3.04,3.05,3.04,1582100.0,4814160.0,2020,4,2,14,0,2020-04-02 14:00
4,3.04,3.05,3.08,3.04,12117600.0,37120432.0,2020,4,2,14,15,2020-04-02 14:15
5,3.06,3.07,3.08,3.05,5991800.0,18393088.0,2020,4,2,14,30,2020-04-02 14:30
6,3.08,3.11,3.12,3.07,22531500.0,69820608.0,2020,4,2,14,45,2020-04-02 14:45
7,3.11,3.12,3.12,3.1,10662800.0,33176864.0,2020,4,2,15,0,2020-04-02 15:00
8,3.11,3.09,3.11,3.07,12033600.0,37199812.0,2020,4,3,9,45,2020-04-03 09:45
9,3.09,3.11,3.11,3.08,5268300.0,16267156.0,2020,4,3,10,0,2020-04-03 10:00
10,3.11,3.1,3.12,3.09,3591600.0,11146440.0,2020,4,3,10,15,2020-04-03 10:15
11,3.1,3.09,3.1,3.07,4719400.0,14553872.0,2020,4,3,10,30,2020-04-03 10:30
12,3.09,3.09,3.09,3.08,1638100.0,5051216.0,2020,4,3,10,45,2020-04-03 10:45
13,3.09,3.07,3.09,3.06,4659600.0,14319376.0,2020,4,3,11,0,2020-04-03 11:00
14,3.06,3.07,3.07,3.06,3734200.0,11436776.0,2020,4,3,11,15,2020-04-03 11:15
15,3.06,3.06,3.07,3.04,4854700.0,14821880.0,2020,4,3,11,30,2020-04-03 11:30
16,3.06,3.05,3.06,3.04,2600200.0,7931672.0,2020,4,3,13,15,2020-04-03 13:15
17,3.05,3.05,3.06,3.05,1708100.0,5212360.0,2020,4,3,13,30,2020-04-03 13:30
18,3.05,3.05,3.06,3.04,2906100.0,8866832.0,2020,4,3,13,45,2020-04-03 13:45
19,3.05,3.06,3.06,3.05,1411700.0,4309024.0,2020,4,3,14,0,2020-04-03 14:00
20,3.06,3.05,3.06,3.04,2520200.0,7679344.0,2020,4,3,14,15,2020-04-03 14:15
21,3.04,3.06,3.06,3.03,4970300.0,15120016.0,2020,4,3,14,30,2020-04-03 14:30
22,3.05,3.05,3.07,3.05,2467900.0,7545568.0,2020,4,3,14,45,2020-04-03 14:45
23,3.05,3.05,3.06,3.04,6710500.0,20443376.0,2020,4,3,15,0,2020-04-03 15:00
24,3.12,3.08,3.12,3.07,17555000.0,54344336.0,2020,4,7,9,45,2020-04-07 09:45
25,3.08,3.11,3.14,3.08,14724800.0,45865112.0,2020,4,7,10,0,2020-04-07 10:00
26,3.12,3.1,3.12,3.1,4759800.0,14805752.0,2020,4,7,10,15,2020-04-07 10:15
27,3.1,3.11,3.12,3.1,4150600.0,12907032.0,2020,4,7,10,30,2020-04-07 10:30
28,3.12,3.12,3.12,3.11,2223000.0,6924600.0,2020,4,7,10,45,2020-04-07 10:45
29,3.12,3.11,3.12,3.11,3908000.0,12169072.0,2020,4,7,11,0,2020-04-07 11:00
30,3.11,3.12,3.12,3.1,2985300.0,9291904.0,2020,4,7,11,15,2020-04-07 11:15
31,3.11,3.11,3.12,3.1,2926300.0,9096960.0,2020,4,7,11,30,2020-04-07 11:30
32,3.1,3.11,3.12,3.1,3403200.0,10582224.0,2020,4,7,13,15,2020-04-07 13:15
33,3.12,3.11,3.12,3.11,1594500.0,4964032.0,2020,4,7,13,30,2020-04-07 13:30
34,3.12,3.11,3.12,3.1,3831000.0,11908704.0,2020,4,7,13,45,2020-04-07 13:45
35,3.11,3.13,3.15,3.11,14979500.0,46852928.0,2020,4,7,14,0,2020-04-07 14:00
36,3.14,3.13,3.14,3.12,4239600.0,13283760.0,2020,4,7,14,15,2020-04-07 14:15
37,3.13,3.12,3.14,3.12,4055700.0,12694032.0,2020,4,7,14,30,2020-04-07 14:30
38,3.12,3.12,3.13,3.12,2292400.0,7160016.0,2020,4,7,14,45,2020-04-07 14:45
39,3.12,3.12,3.13,3.11,7829900.0,24440224.0,2020,4,7,15,0,2020-04-07 15:00
40,3.1,3.1,3.11,3.07,13598800.0,42034688.0,2020,4,8,9,45,2020-04-08 09:45
41,3.11,3.16,3.17,3.09,17458300.0,54697504.0,2020,4,8,10,0,2020-04-08 10:00
42,3.17,3.17,3.18,3.15,19176200.0,60775248.0,2020,4,8,10,15,2020-04-08 10:15
43,3.17,3.18,3.18,3.16,5140500.0,16304880.0,2020,4,8,10,30,2020-04-08 10:30
44,3.18,3.17,3.18,3.16,6973300.0,22066672.0,2020,4,8,10,45,2020-04-08 10:45
45,3.16,3.16,3.18,3.15,4110500.0,13014176.0,2020,4,8,11,0,2020-04-08 11:00
46,3.17,3.16,3.18,3.15,2769000.0,8759312.0,2020,4,8,11,15,2020-04-08 11:15
47,3.16,3.16,3.17,3.16,1552500.0,4915232.0,2020,4,8,11,30,2020-04-08 11:30
48,3.16,3.18,3.18,3.16,2340900.0,7419264.0,2020,4,8,13,15,2020-04-08 13:15
49,3.17,3.16,3.18,3.16,2628500.0,8329216.0,2020,4,8,13,30,2020-04-08 13:30
50,3.16,3.17,3.17,3.15,3535100.0,11180928.0,2020,4,8,13,45,2020-04-08 13:45
51,3.17,3.18,3.2,3.16,13047100.0,41530112.0,2020,4,8,14,0,2020-04-08 14:00
52,3.18,3.17,3.19,3.17,5091100.0,16191232.0,2020,4,8,14,15,2020-04-08 14:15
53,3.17,3.16,3.18,3.16,3671600.0,11642016.0,2020,4,8,14,30,2020-04-08 14:30
54,3.16,3.17,3.18,3.16,3326600.0,10536032.0,2020,4,8,14,45,2020-04-08 14:45
55,3.17,3.17,3.18,3.16,5322400.0,16870304.0,2020,4,8,15,0,2020-04-08 15:00
56,3.19,3.23,3.24,3.17,15452900.0,49591728.0,2020,4,9,9,45,2020-04-09 09:45
57,3.23,3.22,3.24,3.21,8128300.0,26218312.0,2020,4,9,10,0,2020-04-09 10:00
58,3.22,3.22,3.23,3.2,5033700.0,16165936.0,2020,4,9,10,15,2020-04-09 10:15
59,3.21,3.22,3.22,3.21,2275800.0,7319264.0,2020,4,9,10,30,2020-04-09 10:30
60,3.21,3.19,3.22,3.19,7802900.0,25009400.0,2020,4,9,10,45,2020-04-09 10:45
61,3.19,3.19,3.2,3.18,4337500.0,13826096.0,2020,4,9,11,0,2020-04-09 11:00
62,3.19,3.17,3.2,3.17,3910500.0,12444848.0,2020,4,9,11,15,2020-04-09 11:15
63,3.17,3.19,3.19,3.17,2416500.0,7677856.0,2020,4,9,11,30,2020-04-09 11:30
64,3.19,3.19,3.19,3.18,2006700.0,6395824.0,2020,4,9,13,15,2020-04-09 13:15
65,3.18,3.19,3.19,3.18,2435100.0,7753952.0,2020,4,9,13,30,2020-04-09 13:30
66,3.19,3.19,3.19,3.18,1703200.0,5426944.0,2020,4,9,13,45,2020-04-09 13:45
67,3.19,3.19,3.19,3.18,2561100.0,8157424.0,2020,4,9,14,0,2020-04-09 14:00
68,3.19,3.17,3.2,3.17,4272600.0,13597408.0,2020,4,9,14,15,2020-04-09 14:15
69,3.18,3.17,3.18,3.16,5035000.0,15964016.0,2020,4,9,14,30,2020-04-09 14:30
70,3.17,3.16,3.18,3.15,5789400.0,18312896.0,2020,4,9,14,45,2020-04-09 14:45
71,3.16,3.17,3.17,3.15,7038700.0,22239888.0,2020,4,9,15,0,2020-04-09 15:00
72,3.18,3.12,3.19,3.12,11738900.0,36934616.0,2020,4,10,9,45,2020-04-10 09:45
73,3.12,3.14,3.14,3.11,6011200.0,18783504.0,2020,4,10,10,0,2020-04-10 10:00
74,3.13,3.14,3.14,3.12,3287500.0,10294476.0,2020,4,10,10,15,2020-04-10 10:15
75,3.13,3.13,3.14,3.13,3797000.0,11897644.0,2020,4,10,10,30,2020-04-10 10:30
76,3.13,3.11,3.14,3.11,4898400.0,15293680.0,2020,4,10,10,45,2020-04-10 10:45
77,3.11,3.1,3.12,3.1,4586700.0,14256608.0,2020,4,10,11,0,2020-04-10 11:00
78,3.1,3.12,3.12,3.1,4292000.0,13335448.0,2020,4,10,11,15,2020-04-10 11:15
79,3.11,3.09,3.12,3.09,3255100.0,10091328.0,2020,4,10,11,30,2020-04-10 11:30
80,3.09,3.09,3.1,3.08,4147400.0,12793928.0,2020,4,10,13,15,2020-04-10 13:15
81,3.08,3.08,3.09,3.07,2563700.0,7886400.0,2020,4,10,13,30,2020-04-10 13:30
82,3.08,3.07,3.08,3.05,5860800.0,17951744.0,2020,4,10,13,45,2020-04-10 13:45
83,3.08,3.07,3.09,3.07,2248900.0,6922032.0,2020,4,10,14,0,2020-04-10 14:00
84,3.08,3.08,3.08,3.06,2901900.0,8907328.0,2020,4,10,14,15,2020-04-10 14:15
85,3.07,3.08,3.09,3.07,2075300.0,6389728.0,2020,4,10,14,30,2020-04-10 14:30
86,3.08,3.07,3.08,3.07,2188200.0,6726608.0,2020,4,10,14,45,2020-04-10 14:45
87,3.08,3.07,3.08,3.07,4816500.0,14797216.0,2020,4,10,15,0,2020-04-10 15:00
88,3.04,3.03,3.04,3.0,10998800.0,33196020.0,2020,4,13,9,45,2020-04-13 09:45
89,3.02,3.03,3.04,3.02,3371000.0,10214520.0,2020,4,13,10,0,2020-04-13 10:00
90,3.03,3.04,3.05,3.03,1937300.0,5882636.0,2020,4,13,10,15,2020-04-13 10:15
91,3.05,3.04,3.05,3.04,1575400.0,4796684.0,2020,4,13,10,30,2020-04-13 10:30
92,3.04,3.04,3.05,3.03,2393600.0,7277784.0,2020,4,13,10,45,2020-04-13 10:45
93,3.05,3.05,3.05,3.03,1140300.0,3466500.0,2020,4,13,11,0,2020-04-13 11:00
94,3.05,3.03,3.05,3.03,1375400.0,4179768.0,2020,4,13,11,15,2020-04-13 11:15
95,3.03,3.04,3.04,3.03,1115400.0,3383072.0,2020,4,13,11,30,2020-04-13 11:30
96,3.04,3.03,3.04,3.02,2064100.0,6256888.0,2020,4,13,13,15,2020-04-13 13:15
97,3.03,3.02,3.03,3.02,1546100.0,4671680.0,2020,4,13,13,30,2020-04-13 13:30
98,3.02,3.03,3.03,3.02,1654400.0,5001184.0,2020,4,13,13,45,2020-04-13 13:45
99,3.03,3.03,3.04,3.02,2766400.0,8373528.0,2020,4,13,14,0,2020-04-13 14:00
100,3.03,3.03,3.04,3.03,2174200.0,6589184.0,2020,4,13,14,15,2020-04-13 14:15
101,3.03,3.03,3.04,3.02,1489900.0,4513856.0,2020,4,13,14,30,2020-04-13 14:30
102,3.03,3.02,3.04,3.02,1954400.0,5915288.0,2020,4,13,14,45,2020-04-13 14:45
103,3.02,3.03,3.04,3.02,2958500.0,8963984.0,2020,4,13,15,0,2020-04-13 15:00
104,3.04,3.04,3.06,3.03,7448600.0,22668616.0,2020,4,14,9,45,2020-04-14 09:45
105,3.04,3.07,3.07,3.04,5953200.0,18201272.0,2020,4,14,10,0,2020-04-14 10:00
106,3.07,3.06,3.07,3.05,2283700.0,6983832.0,2020,4,14,10,15,2020-04-14 10:15
107,3.06,3.05,3.06,3.04,2986800.0,9108860.0,2020,4,14,10,30,2020-04-14 10:30
108,3.04,3.05,3.06,3.04,1953800.0,5959544.0,2020,4,14,10,45,2020-04-14 10:45
109,3.05,3.05,3.06,3.04,1657200.0,5053084.0,2020,4,14,11,0,2020-04-14 11:00
110,3.05,3.05,3.05,3.04,825200.0,2513896.0,2020,4,14,11,15,2020-04-14 11:15
111,3.04,3.05,3.06,3.04,1694500.0,5167816.0,2020,4,14,11,30,2020-04-14 11:30
112,3.05,3.04,3.06,3.04,3094500.0,9418848.0,2020,4,14,13,15,2020-04-14 13:15
113,3.05,3.04,3.05,3.03,1617200.0,4918784.0,2020,4,14,13,30,2020-04-14 13:30
114,3.04,3.05,3.06,3.04,2460600.0,7501432.0,2020,4,14,13,45,2020-04-14 13:45
115,3.06,3.05,3.06,3.05,1458300.0,4451544.0,2020,4,14,14,0,2020-04-14 14:00
116,3.05,3.05,3.06,3.05,2475400.0,7558696.0,2020,4,14,14,15,2020-04-14 14:15
117,3.05,3.05,3.06,3.05,2778800.0,8479200.0,2020,4,14,14,30,2020-04-14 14:30
118,3.05,3.07,3.08,3.04,7687100.0,23548912.0,2020,4,14,14,45,2020-04-14 14:45
119,3.07,3.08,3.08,3.06,5947500.0,18273104.0,2020,4,14,15,0,2020-04-14 15:00
120,3.09,3.06,3.09,3.05,6402600.0,19595220.0,2020,4,15,9,45,2020-04-15 09:45
121,3.06,3.06,3.07,3.05,4672100.0,14297204.0,2020,4,15,10,0,2020-04-15 10:00
122,3.05,3.06,3.06,3.04,4108600.0,12532296.0,2020,4,15,10,15,2020-04-15 10:15
123,3.05,3.07,3.07,3.05,2885900.0,8834852.0,2020,4,15,10,30,2020-04-15 10:30
124,3.06,3.05,3.07,3.05,2631900.0,8059752.0,2020,4,15,10,45,2020-04-15 10:45
125,3.05,3.04,3.06,3.04,4160000.0,12668940.0,2020,4,15,11,0,2020-04-15 11:00
126,3.05,3.06,3.06,3.04,2259900.0,6890456.0,2020,4,15,11,15,2020-04-15 11:15
127,3.05,3.05,3.06,3.05,1434700.0,4380408.0,2020,4,15,11,30,2020-04-15 11:30
128,3.05,3.05,3.06,3.05,1679700.0,5130048.0,2020,4,15,13,15,2020-04-15 13:15
129,3.05,3.05,3.06,3.04,2187300.0,6668760.0,2020,4,15,13,30,2020-04-15 13:30
130,3.05,3.05,3.05,3.04,1520800.0,4626856.0,2020,4,15,13,45,2020-04-15 13:45
131,3.04,3.04,3.05,3.04,1509100.0,4591296.0,2020,4,15,14,0,2020-04-15 14:00
132,3.04,3.03,3.05,3.02,7817600.0,23715456.0,2020,4,15,14,15,2020-04-15 14:15
133,3.03,3.04,3.04,3.03,2469800.0,7497656.0,2020,4,15,14,30,2020-04-15 14:30
134,3.04,3.04,3.04,3.02,6109400.0,18502768.0,2020,4,15,14,45,2020-04-15 14:45
135,3.03,3.03,3.04,3.02,3973400.0,12033040.0,2020,4,15,15,0,2020-04-15 15:00
136,3.01,3.0,3.01,2.98,16941600.0,50693724.0,2020,4,16,9,45,2020-04-16 09:45
137,2.99,3.01,3.02,2.99,4311600.0,12951776.0,2020,4,16,10,0,2020-04-16 10:00
138,3.01,3.0,3.01,2.99,4247500.0,12745284.0,2020,4,16,10,15,2020-04-16 10:15
139,3.0,3.01,3.02,3.0,3154600.0,9495168.0,2020,4,16,10,30,2020-04-16 10:30
140,3.01,3.01,3.02,3.0,3128200.0,9428792.0,2020,4,16,10,45,2020-04-16 10:45
141,3.02,3.01,3.02,3.0,2175300.0,6548144.0,2020,4,16,11,0,2020-04-16 11:00
142,3.01,3.0,3.01,3.0,1296100.0,3892624.0,2020,4,16,11,15,2020-04-16 11:15
143,3.01,3.0,3.01,3.0,1915300.0,5747776.0,2020,4,16,11,30,2020-04-16 11:30
144,3.0,3.0,3.01,2.99,3275700.0,9826208.0,2020,4,16,13,15,2020-04-16 13:15
145,3.0,3.0,3.01,2.99,3220900.0,9665736.0,2020,4,16,13,30,2020-04-16 13:30
146,3.01,3.0,3.01,3.0,1359400.0,4080000.0,2020,4,16,13,45,2020-04-16 13:45
147,3.01,3.02,3.04,3.0,8133000.0,24539568.0,2020,4,16,14,0,2020-04-16 14:00
148,3.03,3.03,3.03,3.01,2517400.0,7608496.0,2020,4,16,14,15,2020-04-16 14:15
149,3.02,3.03,3.04,3.02,3591400.0,10882176.0,2020,4,16,14,30,2020-04-16 14:30
150,3.04,3.02,3.04,3.02,4451300.0,13482304.0,2020,4,16,14,45,2020-04-16 14:45
151,3.02,3.02,3.03,3.02,3065600.0,9265312.0,2020,4,16,15,0,2020-04-16 15:00
152,3.04,3.03,3.05,3.02,6632600.0,20117076.0,2020,4,17,9,45,2020-04-17 09:45
153,3.02,3.05,3.06,3.02,8616000.0,26279212.0,2020,4,17,10,0,2020-04-17 10:00
154,3.06,3.05,3.06,3.04,4329400.0,13206672.0,2020,4,17,10,15,2020-04-17 10:15
155,3.05,3.05,3.06,3.04,3796100.0,11554824.0,2020,4,17,10,30,2020-04-17 10:30
156,3.05,3.04,3.05,3.03,2888400.0,8792072.0,2020,4,17,10,45,2020-04-17 10:45
157,3.03,3.03,3.05,3.02,3660700.0,11092672.0,2020,4,17,11,0,2020-04-17 11:00
158,3.03,3.04,3.04,3.02,1130400.0,3424296.0,2020,4,17,11,15,2020-04-17 11:15
159,3.03,3.03,3.04,3.02,1142600.0,3462936.0,2020,4,17,11,30,2020-04-17 11:30
160,3.03,3.03,3.04,3.02,2120200.0,6424888.0,2020,4,17,13,15,2020-04-17 13:15
161,3.03,3.02,3.04,3.02,2708800.0,8209120.0,2020,4,17,13,30,2020-04-17 13:30
162,3.03,3.02,3.04,3.02,3169700.0,9591776.0,2020,4,17,13,45,2020-04-17 13:45
163,3.02,3.03,3.03,3.02,2044900.0,6183608.0,2020,4,17,14,0,2020-04-17 14:00
164,3.02,3.01,3.03,3.01,4643300.0,14023552.0,2020,4,17,14,15,2020-04-17 14:15
165,3.01,3.0,3.02,3.0,4375900.0,13169888.0,2020,4,17,14,30,2020-04-17 14:30
166,3.0,3.01,3.02,3.0,3713800.0,11168272.0,2020,4,17,14,45,2020-04-17 14:45
167,3.0,3.01,3.01,3.0,4839300.0,14545872.0,2020,4,17,15,0,2020-04-17 15:00
168,3.0,2.99,3.02,2.99,10077600.0,30223292.0,2020,4,20,9,45,2020-04-20 09:45
169,2.99,2.99,3.0,2.98,4511900.0,13485988.0,2020,4,20,10,0,2020-04-20 10:00
170,2.99,3.0,3.0,2.98,4164100.0,12450528.0,2020,4,20,10,15,2020-04-20 10:15
171,2.99,3.0,3.0,2.99,1751500.0,5243140.0,2020,4,20,10,30,2020-04-20 10:30
172,3.0,2.99,3.0,2.99,1376800.0,4120780.0,2020,4,20,10,45,2020-04-20 10:45
173,2.99,2.99,3.0,2.99,1585500.0,4743424.0,2020,4,20,11,0,2020-04-20 11:00
174,2.99,2.99,3.0,2.99,1236900.0,3701752.0,2020,4,20,11,15,2020-04-20 11:15
175,2.99,2.99,3.0,2.99,1840200.0,5514872.0,2020,4,20,11,30,2020-04-20 11:30
176,2.99,2.99,3.0,2.99,1840400.0,5509560.0,2020,4,20,13,15,2020-04-20 13:15
177,2.99,3.0,3.0,2.99,1710400.0,5118320.0,2020,4,20,13,30,2020-04-20 13:30
178,2.99,2.99,3.0,2.99,2241700.0,6706768.0,2020,4,20,13,45,2020-04-20 13:45
179,2.99,2.99,3.0,2.99,1976800.0,5912600.0,2020,4,20,14,0,2020-04-20 14:00
180,3.0,2.99,3.0,2.98,5486900.0,16401880.0,2020,4,20,14,15,2020-04-20 14:15
181,2.99,3.0,3.0,2.98,3032200.0,9059576.0,2020,4,20,14,30,2020-04-20 14:30
182,2.99,2.99,3.0,2.99,3361900.0,10056464.0,2020,4,20,14,45,2020-04-20 14:45
183,2.99,2.99,3.0,2.99,5007600.0,14981936.0,2020,4,20,15,0,2020-04-20 15:00
184,2.98,2.93,2.99,2.9,21134700.0,61959816.0,2020,4,21,9,45,2020-04-21 09:45
185,2.92,2.92,2.93,2.9,11792500.0,34352856.0,2020,4,21,10,0,2020-04-21 10:00
186,2.92,2.92,2.93,2.91,6768000.0,19747096.0,2020,4,21,10,15,2020-04-21 10:15
187,2.93,2.91,2.93,2.91,3084800.0,9009744.0,2020,4,21,10,30,2020-04-21 10:30
188,2.91,2.91,2.92,2.9,6003400.0,17455096.0,2020,4,21,10,45,2020-04-21 10:45
189,2.9,2.91,2.92,2.9,3336300.0,9711568.0,2020,4,21,11,0,2020-04-21 11:00
190,2.92,2.9,2.92,2.9,4559500.0,13255568.0,2020,4,21,11,15,2020-04-21 11:15
191,2.9,2.88,2.91,2.87,12344700.0,35703456.0,2020,4,21,11,30,2020-04-21 11:30
192,2.88,2.88,2.88,2.87,6560200.0,18849744.0,2020,4,21,13,15,2020-04-21 13:15
193,2.88,2.89,2.89,2.87,3454400.0,9948784.0,2020,4,21,13,30,2020-04-21 13:30
194,2.89,2.89,2.89,2.88,2173800.0,6268576.0,2020,4,21,13,45,2020-04-21 13:45
195,2.89,2.88,2.89,2.88,2434700.0,7019184.0,2020,4,21,14,0,2020-04-21 14:00
196,2.88,2.89,2.9,2.88,2773100.0,8022720.0,2020,4,21,14,15,2020-04-21 14:15
197,2.89,2.91,2.91,2.89,3180300.0,9213888.0,2020,4,21,14,30,2020-04-21 14:30
198,2.91,2.9,2.91,2.9,2450300.0,7115184.0,2020,4,21,14,45,2020-04-21 14:45
199,2.91,2.91,2.91,2.9,4148700.0,12050848.0,2020,4,21,15,0,2020-04-21 15:00
200,2.88,2.87,2.88,2.84,11953900.0,34182088.0,2020,4,22,9,45,2020-04-22 09:45
201,2.87,2.91,2.91,2.86,6218900.0,17947184.0,2020,4,22,10,0,2020-04-22 10:00
202,2.9,2.89,2.91,2.89,3033400.0,8804204.0,2020,4,22,10,15,2020-04-22 10:15
203,2.9,2.9,2.91,2.89,3907800.0,11322524.0,2020,4,22,10,30,2020-04-22 10:30
204,2.89,2.9,2.9,2.89,1234100.0,3569376.0,2020,4,22,10,45,2020-04-22 10:45
205,2.89,2.89,2.9,2.88,1969900.0,5693432.0,2020,4,22,11,0,2020-04-22 11:00
206,2.89,2.88,2.9,2.88,2548600.0,7358208.0,2020,4,22,11,15,2020-04-22 11:15
207,2.88,2.88,2.89,2.86,3577000.0,10281944.0,2020,4,22,11,30,2020-04-22 11:30
208,2.88,2.88,2.88,2.87,2381600.0,6851816.0,2020,4,22,13,15,2020-04-22 13:15
209,2.88,2.89,2.89,2.88,1599300.0,4610776.0,2020,4,22,13,30,2020-04-22 13:30
210,2.89,2.89,2.9,2.88,4496300.0,12971768.0,2020,4,22,13,45,2020-04-22 13:45
211,2.89,2.89,2.9,2.88,2140500.0,6185176.0,2020,4,22,14,0,2020-04-22 14:00
212,2.89,2.89,2.9,2.89,1779600.0,5147104.0,2020,4,22,14,15,2020-04-22 14:15
213,2.89,2.91,2.93,2.89,9966600.0,28989392.0,2020,4,22,14,30,2020-04-22 14:30
214,2.91,2.91,2.92,2.9,3980500.0,11581200.0,2020,4,22,14,45,2020-04-22 14:45
215,2.9,2.92,2.92,2.9,4918900.0,14341392.0,2020,4,22,15,0,2020-04-22 15:00
216,2.92,2.89,2.93,2.89,7077400.0,20572868.0,2020,4,23,9,45,2020-04-23 09:45
217,2.9,2.89,2.91,2.89,4091100.0,11858528.0,2020,4,23,10,0,2020-04-23 10:00
218,2.89,2.88,2.9,2.87,6870300.0,19799964.0,2020,4,23,10,15,2020-04-23 10:15
219,2.89,2.88,2.89,2.87,3855100.0,11095952.0,2020,4,23,10,30,2020-04-23 10:30
220,2.89,2.88,2.89,2.88,2193000.0,6323360.0,2020,4,23,10,45,2020-04-23 10:45
221,2.88,2.88,2.89,2.87,2839300.0,8173176.0,2020,4,23,11,0,2020-04-23 11:00
222,2.88,2.89,2.89,2.88,1500000.0,4322384.0,2020,4,23,11,15,2020-04-23 11:15
223,2.89,2.88,2.89,2.87,1437400.0,4137296.0,2020,4,23,11,30,2020-04-23 11:30
224,2.87,2.88,2.89,2.87,1449900.0,4177744.0,2020,4,23,13,15,2020-04-23 13:15
225,2.89,2.89,2.89,2.88,2391100.0,6889904.0,2020,4,23,13,30,2020-04-23 13:30
226,2.88,2.89,2.89,2.88,2039200.0,5877288.0,2020,4,23,13,45,2020-04-23 13:45
227,2.89,2.88,2.89,2.87,4448500.0,12812992.0,2020,4,23,14,0,2020-04-23 14:00
228,2.89,2.88,2.89,2.87,3551700.0,10227800.0,2020,4,23,14,15,2020-04-23 14:15
229,2.88,2.88,2.89,2.87,2727900.0,7851280.0,2020,4,23,14,30,2020-04-23 14:30
230,2.88,2.87,2.88,2.86,7134000.0,20487880.0,2020,4,23,14,45,2020-04-23 14:45
231,2.87,2.86,2.87,2.85,7919500.0,22650416.0,2020,4,23,15,0,2020-04-23 15:00
232,2.87,2.88,2.9,2.86,10079700.0,29066576.0,2020,4,24,9,45,2020-04-24 09:45
233,2.87,2.88,2.88,2.87,2511300.0,7215908.0,2020,4,24,10,0,2020-04-24 10:00
234,2.87,2.87,2.87,2.86,3879000.0,11105740.0,2020,4,24,10,15,2020-04-24 10:15
235,2.86,2.85,2.87,2.84,5004800.0,14290876.0,2020,4,24,10,30,2020-04-24 10:30
236,2.84,2.85,2.85,2.84,1546200.0,4398468.0,2020,4,24,10,45,2020-04-24 10:45
237,2.85,2.85,2.86,2.85,2390800.0,6821376.0,2020,4,24,11,0,2020-04-24 11:00
238,2.85,2.84,2.86,2.84,1817000.0,5180272.0,2020,4,24,11,15,2020-04-24 11:15
239,2.84,2.84,2.85,2.84,1053500.0,2997776.0,2020,4,24,11,30,2020-04-24 11:30
240,2.84,2.83,2.85,2.82,4561100.0,12934592.0,2020,4,24,13,15,2020-04-24 13:15
241,2.83,2.82,2.84,2.82,2678700.0,7571632.0,2020,4,24,13,30,2020-04-24 13:30
242,2.82,2.81,2.83,2.8,5627600.0,15822688.0,2020,4,24,13,45,2020-04-24 13:45
243,2.81,2.81,2.81,2.78,8023000.0,22436464.0,2020,4,24,14,0,2020-04-24 14:00
244,2.8,2.79,2.81,2.78,4311800.0,12053152.0,2020,4,24,14,15,2020-04-24 14:15
245,2.79,2.8,2.8,2.79,3412000.0,9524864.0,2020,4,24,14,30,2020-04-24 14:30
246,2.8,2.78,2.8,2.77,6507600.0,18100544.0,2020,4,24,14,45,2020-04-24 14:45
247,2.78,2.78,2.79,2.78,5800000.0,16144416.0,2020,4,24,15,0,2020-04-24 15:00
248,2.78,2.68,2.79,2.66,20450400.0,55422488.0,2020,4,27,9,45,2020-04-27 09:45
249,2.69,2.72,2.72,2.69,8981900.0,24317656.0,2020,4,27,10,0,2020-04-27 10:00
250,2.72,2.71,2.73,2.7,4691600.0,12739984.0,2020,4,27,10,15,2020-04-27 10:15
251,2.71,2.7,2.71,2.7,5185100.0,14015808.0,2020,4,27,10,30,2020-04-27 10:30
252,2.71,2.83,2.84,2.69,20884200.0,57748320.0,2020,4,27,10,45,2020-04-27 10:45
253,2.83,2.81,2.84,2.8,8873500.0,25063696.0,2020,4,27,11,0,2020-04-27 11:00
254,2.81,2.81,2.82,2.8,2592700.0,7283312.0,2020,4,27,11,15,2020-04-27 11:15
255,2.81,2.82,2.82,2.8,1994300.0,5609968.0,2020,4,27,11,30,2020-04-27 11:30
256,2.82,2.81,2.82,2.8,1978800.0,5569104.0,2020,4,27,13,15,2020-04-27 13:15
257,2.8,2.79,2.81,2.79,1837700.0,5147344.0,2020,4,27,13,30,2020-04-27 13:30
258,2.79,2.79,2.8,2.79,957500.0,2676192.0,2020,4,27,13,45,2020-04-27 13:45
259,2.8,2.8,2.8,2.79,1755400.0,4910880.0,2020,4,27,14,0,2020-04-27 14:00
260,2.8,2.78,2.81,2.78,2155500.0,6022896.0,2020,4,27,14,15,2020-04-27 14:15
261,2.79,2.79,2.8,2.78,1651000.0,4606224.0,2020,4,27,14,30,2020-04-27 14:30
262,2.79,2.79,2.8,2.78,1777500.0,4951280.0,2020,4,27,14,45,2020-04-27 14:45
263,2.79,2.78,2.79,2.77,3746300.0,10417200.0,2020,4,27,15,0,2020-04-27 15:00
264,2.74,2.7,2.76,2.7,10310400.0,28140496.0,2020,4,28,9,45,2020-04-28 09:45
265,2.71,2.63,2.71,2.62,17472700.0,46484744.0,2020,4,28,10,0,2020-04-28 10:00
266,2.63,2.66,2.67,2.62,8741200.0,23141760.0,2020,4,28,10,15,2020-04-28 10:15
267,2.66,2.67,2.69,2.65,3342000.0,8934576.0,2020,4,28,10,30,2020-04-28 10:30
268,2.67,2.71,2.71,2.66,3676900.0,9890336.0,2020,4,28,10,45,2020-04-28 10:45
269,2.7,2.71,2.71,2.69,2322100.0,6267568.0,2020,4,28,11,0,2020-04-28 11:00
270,2.7,2.71,2.73,2.69,2710600.0,7342880.0,2020,4,28,11,15,2020-04-28 11:15
271,2.71,2.72,2.72,2.7,1613600.0,4370072.0,2020,4,28,11,30,2020-04-28 11:30
272,2.72,2.7,2.72,2.69,2204800.0,5970352.0,2020,4,28,13,15,2020-04-28 13:15
273,2.7,2.69,2.71,2.69,1451100.0,3919840.0,2020,4,28,13,30,2020-04-28 13:30
274,2.7,2.69,2.7,2.69,1531000.0,4121184.0,2020,4,28,13,45,2020-04-28 13:45
275,2.69,2.7,2.71,2.68,2141400.0,5771824.0,2020,4,28,14,0,2020-04-28 14:00
276,2.7,2.69,2.71,2.68,2301200.0,6188976.0,2020,4,28,14,15,2020-04-28 14:15
277,2.68,2.68,2.7,2.68,2428600.0,6531344.0,2020,4,28,14,30,2020-04-28 14:30
278,2.68,2.67,2.69,2.66,5013400.0,13424544.0,2020,4,28,14,45,2020-04-28 14:45
279,2.68,2.67,2.68,2.67,4278300.0,11436960.0,2020,4,28,15,0,2020-04-28 15:00
280,2.67,2.71,2.72,2.66,8359400.0,22526700.0,2020,4,29,9,45,2020-04-29 09:45
281,2.71,2.7,2.72,2.7,3447800.0,9342328.0,2020,4,29,10,0,2020-04-29 10:00
282,2.7,2.7,2.71,2.7,1631000.0,4409700.0,2020,4,29,10,15,2020-04-29 10:15
283,2.7,2.7,2.71,2.7,2477400.0,6693112.0,2020,4,29,10,30,2020-04-29 10:30
284,2.69,2.69,2.7,2.68,2008700.0,5402152.0,2020,4,29,10,45,2020-04-29 10:45
285,2.68,2.7,2.7,2.68,1715500.0,4611976.0,2020,4,29,11,0,2020-04-29 11:00
286,2.69,2.69,2.7,2.69,1556300.0,4190508.0,2020,4,29,11,15,2020-04-29 11:15
287,2.69,2.69,2.7,2.68,1060700.0,2848472.0,2020,4,29,11,30,2020-04-29 11:30
288,2.68,2.69,2.69,2.68,1297900.0,3485720.0,2020,4,29,13,15,2020-04-29 13:15
289,2.69,2.68,2.69,2.68,1371800.0,3681980.0,2020,4,29,13,30,2020-04-29 13:30
290,2.68,2.67,2.69,2.67,2074000.0,5554472.0,2020,4,29,13,45,2020-04-29 13:45
291,2.68,2.67,2.68,2.67,1397900.0,3738704.0,2020,4,29,14,0,2020-04-29 14:00
292,2.68,2.68,2.69,2.67,2105200.0,5644384.0,2020,4,29,14,15,2020-04-29 14:15
293,2.68,2.68,2.69,2.67,2375900.0,6371760.0,2020,4,29,14,30,2020-04-29 14:30
294,2.68,2.68,2.69,2.67,2384200.0,6392776.0,2020,4,29,14,45,2020-04-29 14:45
295,2.68,2.68,2.68,2.67,3428900.0,9175216.0,2020,4,29,15,0,2020-04-29 15:00
296,2.67,2.74,2.75,2.66,12597900.0,34007780.0,2020,4,30,9,45,2020-04-30 09:45
297,2.74,2.73,2.75,2.72,6056700.0,16559044.0,2020,4,30,10,0,2020-04-30 10:00
298,2.73,2.72,2.74,2.72,2750700.0,7500760.0,2020,4,30,10,15,2020-04-30 10:15
299,2.73,2.72,2.73,2.72,2546300.0,6938208.0,2020,4,30,10,30,2020-04-30 10:30
300,2.72,2.72,2.73,2.71,4060300.0,11045816.0,2020,4,30,10,45,2020-04-30 10:45
301,2.73,2.72,2.73,2.71,2412000.0,6565880.0,2020,4,30,11,0,2020-04-30 11:00
302,2.73,2.76,2.77,2.72,12742300.0,35017696.0,2020,4,30,11,15,2020-04-30 11:15
303,2.76,2.75,2.76,2.75,1878500.0,5174896.0,2020,4,30,11,30,2020-04-30 11:30
304,2.76,2.76,2.77,2.75,4376100.0,12073120.0,2020,4,30,13,15,2020-04-30 13:15
305,2.76,2.77,2.77,2.76,3872700.0,10702736.0,2020,4,30,13,30,2020-04-30 13:30
306,2.77,2.77,2.77,2.76,2907300.0,8037728.0,2020,4,30,13,45,2020-04-30 13:45
307,2.77,2.77,2.78,2.76,4039300.0,11203312.0,2020,4,30,14,0,2020-04-30 14:00
308,2.78,2.8,2.8,2.77,6275600.0,17483232.0,2020,4,30,14,15,2020-04-30 14:15
309,2.79,2.79,2.8,2.78,5694400.0,15902608.0,2020,4,30,14,30,2020-04-30 14:30
310,2.79,2.78,2.8,2.78,5390700.0,15056944.0,2020,4,30,14,45,2020-04-30 14:45
311,2.78,2.78,2.79,2.77,7125700.0,19809568.0,2020,4,30,15,0,2020-04-30 15:00
312,2.74,2.79,2.81,2.73,18309400.0,50836368.0,2020,5,6,9,45,2020-05-06 09:45
313,2.79,2.77,2.8,2.76,5937800.0,16503920.0,2020,5,6,10,0,2020-05-06 10:00
314,2.77,2.81,2.83,2.77,8230200.0,23058632.0,2020,5,6,10,15,2020-05-06 10:15
315,2.8,2.79,2.81,2.79,3733100.0,10435496.0,2020,5,6,10,30,2020-05-06 10:30
316,2.8,2.79,2.81,2.79,1927000.0,5394024.0,2020,5,6,10,45,2020-05-06 10:45
317,2.79,2.8,2.8,2.78,1736600.0,4844952.0,2020,5,6,11,0,2020-05-06 11:00
318,2.79,2.8,2.8,2.79,1455100.0,4068400.0,2020,5,6,11,15,2020-05-06 11:15
319,2.8,2.8,2.81,2.79,2241700.0,6282968.0,2020,5,6,11,30,2020-05-06 11:30
320,2.8,2.82,2.82,2.8,3121500.0,8766264.0,2020,5,6,13,15,2020-05-06 13:15
321,2.81,2.8,2.82,2.8,2263900.0,6357440.0,2020,5,6,13,30,2020-05-06 13:30
322,2.8,2.81,2.81,2.8,1377900.0,3864208.0,2020,5,6,13,45,2020-05-06 13:45
323,2.81,2.8,2.81,2.8,2125400.0,5955136.0,2020,5,6,14,0,2020-05-06 14:00
324,2.81,2.8,2.81,2.79,2455200.0,6870688.0,2020,5,6,14,15,2020-05-06 14:15
325,2.79,2.81,2.81,2.79,4532400.0,12688304.0,2020,5,6,14,30,2020-05-06 14:30
326,2.8,2.82,2.82,2.8,5933100.0,16677040.0,2020,5,6,14,45,2020-05-06 14:45
327,2.81,2.81,2.82,2.8,4507200.0,12674832.0,2020,5,6,15,0,2020-05-06 15:00
328,2.8,2.82,2.85,2.8,12206400.0,34516244.0,2020,5,7,9,45,2020-05-07 09:45
329,2.82,2.81,2.82,2.79,5592000.0,15680292.0,2020,5,7,10,0,2020-05-07 10:00
330,2.81,2.78,2.81,2.77,6099100.0,17015512.0,2020,5,7,10,15,2020-05-07 10:15
331,2.79,2.78,2.8,2.77,3713700.0,10327976.0,2020,5,7,10,30,2020-05-07 10:30
332,2.79,2.8,2.8,2.78,1397600.0,3899968.0,2020,5,7,10,45,2020-05-07 10:45
333,2.8,2.79,2.8,2.79,2266200.0,6329088.0,2020,5,7,11,0,2020-05-07 11:00
334,2.79,2.79,2.8,2.78,1194500.0,3334440.0,2020,5,7,11,15,2020-05-07 11:15
335,2.79,2.78,2.8,2.78,2075700.0,5789216.0,2020,5,7,11,30,2020-05-07 11:30
336,2.78,2.77,2.79,2.76,4907600.0,13618824.0,2020,5,7,13,15,2020-05-07 13:15
337,2.77,2.76,2.77,2.75,3617800.0,9984776.0,2020,5,7,13,30,2020-05-07 13:30
338,2.75,2.77,2.77,2.75,2460100.0,6791424.0,2020,5,7,13,45,2020-05-07 13:45
339,2.77,2.76,2.77,2.75,3460200.0,9552128.0,2020,5,7,14,0,2020-05-07 14:00
340,2.77,2.75,2.77,2.75,2926500.0,8074144.0,2020,5,7,14,15,2020-05-07 14:15
341,2.75,2.76,2.77,2.75,3584400.0,9889792.0,2020,5,7,14,30,2020-05-07 14:30
342,2.76,2.75,2.76,2.74,7391200.0,20322016.0,2020,5,7,14,45,2020-05-07 14:45
343,2.75,2.74,2.76,2.74,4380200.0,12025392.0,2020,5,7,15,0,2020-05-07 15:00
344,2.76,2.77,2.77,2.75,6833800.0,18870800.0,2020,5,8,9,45,2020-05-08 09:45
345,2.77,2.78,2.79,2.75,6147500.0,17050304.0,2020,5,8,10,0,2020-05-08 10:00
346,2.78,2.76,2.78,2.75,5249500.0,14500832.0,2020,5,8,10,15,2020-05-08 10:15
347,2.76,2.75,2.77,2.75,2826600.0,7781844.0,2020,5,8,10,30,2020-05-08 10:30
348,2.76,2.74,2.76,2.74,2781600.0,7636864.0,2020,5,8,10,45,2020-05-08 10:45
349,2.75,2.75,2.75,2.74,2572500.0,7052388.0,2020,5,8,11,0,2020-05-08 11:00
350,2.75,2.76,2.76,2.74,3224200.0,8870408.0,2020,5,8,11,15,2020-05-08 11:15
351,2.76,2.76,2.76,2.75,1160700.0,3195440.0,2020,5,8,11,30,2020-05-08 11:30
352,2.75,2.76,2.77,2.75,2878100.0,7944320.0,2020,5,8,13,15,2020-05-08 13:15
353,2.76,2.76,2.78,2.76,3714200.0,10278472.0,2020,5,8,13,30,2020-05-08 13:30
354,2.77,2.77,2.77,2.76,1462400.0,4039400.0,2020,5,8,13,45,2020-05-08 13:45
355,2.76,2.75,2.77,2.75,1899200.0,5238720.0,2020,5,8,14,0,2020-05-08 14:00
356,2.76,2.75,2.76,2.74,3751300.0,10319096.0,2020,5,8,14,15,2020-05-08 14:15
357,2.76,2.75,2.76,2.74,2001400.0,5503744.0,2020,5,8,14,30,2020-05-08 14:30
358,2.75,2.74,2.76,2.74,3733100.0,10269192.0,2020,5,8,14,45,2020-05-08 14:45
359,2.74,2.74,2.75,2.74,4001200.0,10979360.0,2020,5,8,15,0,2020-05-08 15:00
360,2.75,2.74,2.76,2.73,9068500.0,24887898.0,2020,5,11,9,45,2020-05-11 09:45
361,2.74,2.76,2.79,2.74,13185000.0,36433112.0,2020,5,11,10,0,2020-05-11 10:00
362,2.76,2.77,2.77,2.76,2611900.0,7218236.0,2020,5,11,10,15,2020-05-11 10:15
363,2.76,2.75,2.77,2.74,4026700.0,11088072.0,2020,5,11,10,30,2020-05-11 10:30
364,2.75,2.76,2.76,2.74,1654300.0,4550520.0,2020,5,11,10,45,2020-05-11 10:45
365,2.75,2.74,2.76,2.74,1786700.0,4914376.0,2020,5,11,11,0,2020-05-11 11:00
366,2.75,2.76,2.76,2.74,1891500.0,5203000.0,2020,5,11,11,15,2020-05-11 11:15
367,2.75,2.74,2.76,2.74,1406500.0,3867520.0,2020,5,11,11,30,2020-05-11 11:30
368,2.74,2.73,2.75,2.73,2542500.0,6962496.0,2020,5,11,13,15,2020-05-11 13:15
369,2.73,2.73,2.74,2.73,1166200.0,3185968.0,2020,5,11,13,30,2020-05-11 13:30
370,2.73,2.73,2.74,2.72,3905000.0,10655296.0,2020,5,11,13,45,2020-05-11 13:45
371,2.73,2.72,2.73,2.72,1492000.0,4061192.0,2020,5,11,14,0,2020-05-11 14:00
372,2.72,2.72,2.73,2.72,1391200.0,3787840.0,2020,5,11,14,15,2020-05-11 14:15
373,2.73,2.71,2.73,2.7,3914200.0,10621400.0,2020,5,11,14,30,2020-05-11 14:30
374,2.71,2.72,2.72,2.7,4688900.0,12698816.0,2020,5,11,14,45,2020-05-11 14:45
375,2.71,2.72,2.72,2.7,3462200.0,9390912.0,2020,5,11,15,0,2020-05-11 15:00
376,2.71,2.65,2.71,2.65,15727900.0,42019232.0,2020,5,12,9,45,2020-05-12 09:45
377,2.65,2.67,2.67,2.64,8258000.0,21939388.0,2020,5,12,10,0,2020-05-12 10:00
378,2.67,2.67,2.68,2.66,4334500.0,11555284.0,2020,5,12,10,15,2020-05-12 10:15
379,2.67,2.66,2.68,2.66,2371600.0,6326728.0,2020,5,12,10,30,2020-05-12 10:30
380,2.67,2.66,2.67,2.66,2435100.0,6481816.0,2020,5,12,10,45,2020-05-12 10:45
381,2.67,2.65,2.67,2.65,3200700.0,8498280.0,2020,5,12,11,0,2020-05-12 11:00
382,2.65,2.65,2.66,2.64,4174300.0,11056560.0,2020,5,12,11,15,2020-05-12 11:15
383,2.65,2.64,2.65,2.63,3922200.0,10357504.0,2020,5,12,11,30,2020-05-12 11:30
384,2.63,2.65,2.65,2.63,3695800.0,9740472.0,2020,5,12,13,15,2020-05-12 13:15
385,2.65,2.66,2.66,2.64,3570400.0,9452992.0,2020,5,12,13,30,2020-05-12 13:30
386,2.65,2.66,2.67,2.65,2560400.0,6810256.0,2020,5,12,13,45,2020-05-12 13:45
387,2.66,2.67,2.67,2.66,1344400.0,3582672.0,2020,5,12,14,0,2020-05-12 14:00
388,2.66,2.65,2.67,2.65,2510800.0,6666240.0,2020,5,12,14,15,2020-05-12 14:15
389,2.66,2.65,2.66,2.65,2508900.0,6653568.0,2020,5,12,14,30,2020-05-12 14:30
390,2.65,2.66,2.66,2.64,3281600.0,8703728.0,2020,5,12,14,45,2020-05-12 14:45
391,2.66,2.66,2.67,2.65,3742400.0,9962528.0,2020,5,12,15,0,2020-05-12 15:00
392,2.65,2.64,2.66,2.63,7205500.0,19046098.0,2020,5,13,9,45,2020-05-13 09:45
393,2.63,2.63,2.64,2.63,4503400.0,11851272.0,2020,5,13,10,0,2020-05-13 10:00
394,2.64,2.64,2.64,2.63,2133300.0,5619578.0,2020,5,13,10,15,2020-05-13 10:15
395,2.63,2.63,2.64,2.63,1807700.0,4761436.0,2020,5,13,10,30,2020-05-13 10:30
396,2.63,2.63,2.64,2.63,1536700.0,4044860.0,2020,5,13,10,45,2020-05-13 10:45
397,2.63,2.63,2.64,2.63,1847500.0,4862820.0,2020,5,13,11,0,2020-05-13 11:00
398,2.63,2.63,2.64,2.62,2216000.0,5823220.0,2020,5,13,11,15,2020-05-13 11:15
399,2.63,2.62,2.63,2.62,1504100.0,3946744.0,2020,5,13,11,30,2020-05-13 11:30
400,2.63,2.63,2.63,2.62,3359700.0,8823484.0,2020,5,13,13,15,2020-05-13 13:15
401,2.63,2.64,2.64,2.63,1745700.0,4600672.0,2020,5,13,13,30,2020-05-13 13:30
402,2.63,2.64,2.65,2.63,3706400.0,9781528.0,2020,5,13,13,45,2020-05-13 13:45
403,2.64,2.93,2.93,2.64,61056500.0,169050848.0,2020,5,13,14,0,2020-05-13 14:00
404,2.92,2.88,2.92,2.86,29619500.0,85404976.0,2020,5,13,14,15,2020-05-13 14:15
405,2.88,2.86,2.89,2.86,12307500.0,35358720.0,2020,5,13,14,30,2020-05-13 14:30
406,2.87,2.88,2.88,2.86,13041000.0,37447744.0,2020,5,13,14,45,2020-05-13 14:45
407,2.88,2.9,2.9,2.87,21457100.0,61962880.0,2020,5,13,15,0,2020-05-13 15:00
408,2.85,2.86,2.9,2.81,37233100.0,106333616.0,2020,5,14,9,45,2020-05-14 09:45
409,2.86,2.87,2.88,2.84,12106200.0,34637024.0,2020,5,14,10,0,2020-05-14 10:00
410,2.88,2.94,2.96,2.87,38495800.0,112898864.0,2020,5,14,10,15,2020-05-14 10:15
411,2.94,2.92,2.94,2.92,9624700.0,28225664.0,2020,5,14,10,30,2020-05-14 10:30
412,2.93,2.91,2.93,2.9,8403400.0,24461568.0,2020,5,14,10,45,2020-05-14 10:45
413,2.91,2.89,2.91,2.88,5536700.0,16032832.0,2020,5,14,11,0,2020-05-14 11:00
414,2.88,2.89,2.9,2.88,3679700.0,10626080.0,2020,5,14,11,15,2020-05-14 11:15
415,2.89,2.88,2.9,2.88,3478900.0,10040864.0,2020,5,14,11,30,2020-05-14 11:30
416,2.89,2.87,2.89,2.86,3735400.0,10740896.0,2020,5,14,13,15,2020-05-14 13:15
417,2.86,2.86,2.88,2.86,3368400.0,9667328.0,2020,5,14,13,30,2020-05-14 13:30
418,2.87,2.88,2.88,2.86,2646400.0,7596736.0,2020,5,14,13,45,2020-05-14 13:45
419,2.88,2.9,2.9,2.87,2755200.0,7948576.0,2020,5,14,14,0,2020-05-14 14:00
420,2.89,2.88,2.9,2.87,3258600.0,9393248.0,2020,5,14,14,15,2020-05-14 14:15
421,2.88,2.88,2.89,2.87,2949200.0,8489600.0,2020,5,14,14,30,2020-05-14 14:30
422,2.88,2.86,2.88,2.86,3864100.0,11094624.0,2020,5,14,14,45,2020-05-14 14:45
423,2.87,2.84,2.87,2.83,13280100.0,37780224.0,2020,5,14,15,0,2020-05-14 15:00
424,2.85,2.81,2.87,2.79,16454700.0,46458632.0,2020,5,15,9,45,2020-05-15 09:45
425,2.81,2.8,2.82,2.8,5684700.0,15968744.0,2020,5,15,10,0,2020-05-15 10:00
426,2.8,2.79,2.81,2.78,11095800.0,30967208.0,2020,5,15,10,15,2020-05-15 10:15
427,2.78,2.79,2.79,2.77,6225400.0,17310152.0,2020,5,15,10,30,2020-05-15 10:30
428,2.79,2.8,2.81,2.78,4156300.0,11615800.0,2020,5,15,10,45,2020-05-15 10:45
429,2.8,2.79,2.81,2.79,2108700.0,5895416.0,2020,5,15,11,0,2020-05-15 11:00
430,2.79,2.79,2.81,2.79,2412600.0,6748992.0,2020,5,15,11,15,2020-05-15 11:15
431,2.8,2.81,2.82,2.79,2721600.0,7640800.0,2020,5,15,11,30,2020-05-15 11:30
432,2.82,2.81,2.82,2.81,2087000.0,5874176.0,2020,5,15,13,15,2020-05-15 13:15
433,2.81,2.82,2.83,2.81,2237200.0,6309904.0,2020,5,15,13,30,2020-05-15 13:30
434,2.82,2.88,2.92,2.81,24639400.0,70991872.0,2020,5,15,13,45,2020-05-15 13:45
435,2.88,2.88,2.89,2.87,9043200.0,26060880.0,2020,5,15,14,0,2020-05-15 14:00
436,2.88,2.88,2.9,2.88,7123200.0,20572176.0,2020,5,15,14,15,2020-05-15 14:15
437,2.88,2.87,2.89,2.87,3969200.0,11442464.0,2020,5,15,14,30,2020-05-15 14:30
438,2.87,2.84,2.88,2.84,7558800.0,21602880.0,2020,5,15,14,45,2020-05-15 14:45
439,2.85,2.85,2.86,2.84,4960400.0,14151008.0,2020,5,15,15,0,2020-05-15 15:00
440,2.82,2.8,2.82,2.78,15829300.0,44395368.0,2020,5,18,9,45,2020-05-18 09:45
441,2.81,2.79,2.81,2.77,10447700.0,29123512.0,2020,5,18,10,0,2020-05-18 10:00
442,2.79,2.8,2.8,2.79,3670400.0,10253136.0,2020,5,18,10,15,2020-05-18 10:15
443,2.8,2.8,2.81,2.79,2577500.0,7229104.0,2020,5,18,10,30,2020-05-18 10:30
444,2.8,2.8,2.82,2.8,2358800.0,6623616.0,2020,5,18,10,45,2020-05-18 10:45
445,2.8,2.8,2.81,2.79,2399700.0,6710168.0,2020,5,18,11,0,2020-05-18 11:00
446,2.8,2.8,2.81,2.79,2050300.0,5744896.0,2020,5,18,11,15,2020-05-18 11:15
447,2.81,2.82,2.82,2.79,3042800.0,8540360.0,2020,5,18,11,30,2020-05-18 11:30
448,2.81,2.81,2.82,2.8,2287900.0,6432072.0,2020,5,18,13,15,2020-05-18 13:15
449,2.81,2.8,2.82,2.8,1815800.0,5088352.0,2020,5,18,13,30,2020-05-18 13:30
450,2.81,2.79,2.81,2.79,2033700.0,5693896.0,2020,5,18,13,45,2020-05-18 13:45
451,2.79,2.79,2.8,2.79,1909800.0,5336240.0,2020,5,18,14,0,2020-05-18 14:00
452,2.8,2.81,2.81,2.79,5619300.0,15704384.0,2020,5,18,14,15,2020-05-18 14:15
453,2.8,2.82,2.83,2.79,8760500.0,24623152.0,2020,5,18,14,30,2020-05-18 14:30
454,2.82,2.78,2.82,2.78,6667500.0,18617760.0,2020,5,18,14,45,2020-05-18 14:45
455,2.78,2.78,2.79,2.77,5674500.0,15778064.0,2020,5,18,15,0,2020-05-18 15:00
456,2.8,2.79,2.81,2.78,6944000.0,19405170.0,2020,5,19,9,45,2020-05-19 09:45
457,2.79,2.78,2.8,2.78,2757600.0,7687504.0,2020,5,19,10,0,2020-05-19 10:00
458,2.79,2.75,2.79,2.75,6099700.0,16896470.0,2020,5,19,10,15,2020-05-19 10:15
459,2.75,2.77,2.78,2.75,4530000.0,12502956.0,2020,5,19,10,30,2020-05-19 10:30
460,2.78,2.75,2.78,2.75,3470900.0,9594916.0,2020,5,19,10,45,2020-05-19 10:45
461,2.76,2.75,2.76,2.73,8252800.0,22639344.0,2020,5,19,11,0,2020-05-19 11:00
462,2.75,2.74,2.76,2.73,3073000.0,8434696.0,2020,5,19,11,15,2020-05-19 11:15
463,2.74,2.74,2.75,2.74,1664800.0,4565552.0,2020,5,19,11,30,2020-05-19 11:30
464,2.74,2.75,2.75,2.74,1868900.0,5123112.0,2020,5,19,13,15,2020-05-19 13:15
465,2.75,2.74,2.75,2.74,2139700.0,5868840.0,2020,5,19,13,30,2020-05-19 13:30
466,2.74,2.75,2.76,2.74,2561300.0,7040720.0,2020,5,19,13,45,2020-05-19 13:45
467,2.75,2.74,2.75,2.74,1687700.0,4635248.0,2020,5,19,14,0,2020-05-19 14:00
468,2.75,2.75,2.76,2.74,1669700.0,4589232.0,2020,5,19,14,15,2020-05-19 14:15
469,2.74,2.74,2.75,2.73,3431400.0,9400784.0,2020,5,19,14,30,2020-05-19 14:30
470,2.74,2.74,2.75,2.73,3108300.0,8507536.0,2020,5,19,14,45,2020-05-19 14:45
471,2.74,2.74,2.74,2.73,5504000.0,15057264.0,2020,5,19,15,0,2020-05-19 15:00
472,2.71,2.69,2.71,2.67,13541200.0,36392340.0,2020,5,20,9,45,2020-05-20 09:45
473,2.69,2.68,2.7,2.67,6412900.0,17206592.0,2020,5,20,10,0,2020-05-20 10:00
474,2.67,2.68,2.68,2.66,8802500.0,23515988.0,2020,5,20,10,15,2020-05-20 10:15
475,2.67,2.67,2.68,2.66,4622600.0,12347920.0,2020,5,20,10,30,2020-05-20 10:30
476,2.67,2.72,2.72,2.66,7319600.0,19651608.0,2020,5,20,10,45,2020-05-20 10:45
477,2.72,2.82,2.88,2.72,45529300.0,128519232.0,2020,5,20,11,0,2020-05-20 11:00
478,2.82,2.81,2.83,2.8,6914300.0,19451296.0,2020,5,20,11,15,2020-05-20 11:15
479,2.81,2.8,2.82,2.78,6700900.0,18741104.0,2020,5,20,11,30,2020-05-20 11:30
480,2.8,2.8,2.8,2.78,2121300.0,5922720.0,2020,5,20,13,15,2020-05-20 13:15
481,2.8,2.79,2.8,2.78,1659000.0,4631040.0,2020,5,20,13,30,2020-05-20 13:30
482,2.8,2.78,2.8,2.78,1616000.0,4508864.0,2020,5,20,13,45,2020-05-20 13:45
483,2.78,2.78,2.79,2.77,2071700.0,5759328.0,2020,5,20,14,0,2020-05-20 14:00
484,2.78,2.77,2.78,2.77,1380000.0,3826144.0,2020,5,20,14,15,2020-05-20 14:15
485,2.77,2.77,2.78,2.76,2109700.0,5846176.0,2020,5,20,14,30,2020-05-20 14:30
486,2.77,2.77,2.78,2.76,3130300.0,8668672.0,2020,5,20,14,45,2020-05-20 14:45
487,2.77,2.78,2.78,2.76,5837200.0,16189472.0,2020,5,20,15,0,2020-05-20 15:00
488,2.75,2.77,2.78,2.73,10534300.0,28986750.0,2020,5,21,9,45,2020-05-21 09:45
489,2.77,2.78,2.81,2.76,8634900.0,24070178.0,2020,5,21,10,0,2020-05-21 10:00
490,2.79,2.81,2.85,2.77,20378600.0,57565976.0,2020,5,21,10,15,2020-05-21 10:15
491,2.81,2.81,2.82,2.8,4254700.0,11953912.0,2020,5,21,10,30,2020-05-21 10:30
492,2.8,2.81,2.82,2.8,2444400.0,6860024.0,2020,5,21,10,45,2020-05-21 10:45
493,2.82,2.8,2.82,2.8,2484900.0,6984712.0,2020,5,21,11,0,2020-05-21 11:00
494,2.81,2.79,2.81,2.79,2398000.0,6716800.0,2020,5,21,11,15,2020-05-21 11:15
495,2.8,2.79,2.8,2.79,1382500.0,3858400.0,2020,5,21,11,30,2020-05-21 11:30
496,2.8,2.79,2.8,2.79,1879500.0,5256320.0,2020,5,21,13,15,2020-05-21 13:15
497,2.79,2.79,2.8,2.78,1558100.0,4344288.0,2020,5,21,13,30,2020-05-21 13:30
498,2.79,2.78,2.79,2.77,2232000.0,6204496.0,2020,5,21,13,45,2020-05-21 13:45
499,2.79,2.79,2.8,2.78,1556400.0,4340416.0,2020,5,21,14,0,2020-05-21 14:00
500,2.79,2.79,2.8,2.78,2020900.0,5632016.0,2020,5,21,14,15,2020-05-21 14:15
501,2.79,2.77,2.79,2.77,3457200.0,9594160.0,2020,5,21,14,30,2020-05-21 14:30
502,2.77,2.77,2.78,2.76,2349700.0,6509792.0,2020,5,21,14,45,2020-05-21 14:45
503,2.76,2.77,2.77,2.76,4066100.0,11248320.0,2020,5,21,15,0,2020-05-21 15:00
504,2.74,2.73,2.75,2.71,8826100.0,24107876.0,2020,5,22,9,45,2020-05-22 09:45
505,2.73,2.74,2.75,2.71,5832600.0,15890696.0,2020,5,22,10,0,2020-05-22 10:00
506,2.75,2.73,2.75,2.72,1875600.0,5125624.0,2020,5,22,10,15,2020-05-22 10:15
507,2.73,2.72,2.73,2.72,2354500.0,6406732.0,2020,5,22,10,30,2020-05-22 10:30
508,2.72,2.72,2.73,2.71,1883900.0,5120928.0,2020,5,22,10,45,2020-05-22 10:45
509,2.72,2.72,2.73,2.71,2065500.0,5611768.0,2020,5,22,11,0,2020-05-22 11:00
510,2.72,2.71,2.72,2.71,1936200.0,5258144.0,2020,5,22,11,15,2020-05-22 11:15
511,2.72,2.7,2.72,2.69,5258100.0,14205200.0,2020,5,22,11,30,2020-05-22 11:30
512,2.7,2.69,2.7,2.68,3059700.0,8233728.0,2020,5,22,13,15,2020-05-22 13:15
513,2.69,2.69,2.69,2.67,5137800.0,13769208.0,2020,5,22,13,30,2020-05-22 13:30
514,2.69,2.68,2.7,2.68,3160200.0,8496424.0,2020,5,22,13,45,2020-05-22 13:45
515,2.68,2.68,2.7,2.67,3954200.0,10605184.0,2020,5,22,14,0,2020-05-22 14:00
516,2.68,2.7,2.7,2.68,1439700.0,3874384.0,2020,5,22,14,15,2020-05-22 14:15
517,2.7,2.7,2.71,2.69,2013900.0,5437240.0,2020,5,22,14,30,2020-05-22 14:30
518,2.71,2.69,2.71,2.69,2533600.0,6833632.0,2020,5,22,14,45,2020-05-22 14:45
519,2.69,2.68,2.7,2.68,4526400.0,12168352.0,2020,5,22,15,0,2020-05-22 15:00
520,2.68,2.73,2.74,2.68,8553500.0,23189452.0,2020,5,25,9,45,2020-05-25 09:45
521,2.73,2.74,2.74,2.71,3748600.0,10219180.0,2020,5,25,10,0,2020-05-25 10:00
522,2.74,2.74,2.78,2.73,11633400.0,32079260.0,2020,5,25,10,15,2020-05-25 10:15
523,2.74,2.73,2.74,2.72,2429500.0,6619492.0,2020,5,25,10,30,2020-05-25 10:30
524,2.72,2.71,2.73,2.71,1517700.0,4123744.0,2020,5,25,10,45,2020-05-25 10:45
525,2.72,2.73,2.73,2.71,1065400.0,2896400.0,2020,5,25,11,0,2020-05-25 11:00
526,2.72,2.73,2.73,2.72,610900.0,1662864.0,2020,5,25,11,15,2020-05-25 11:15
527,2.73,2.72,2.73,2.72,1003300.0,2735160.0,2020,5,25,11,30,2020-05-25 11:30
528,2.72,2.71,2.73,2.7,2166300.0,5880256.0,2020,5,25,13,15,2020-05-25 13:15
529,2.71,2.72,2.72,2.7,1290600.0,3500064.0,2020,5,25,13,30,2020-05-25 13:30
530,2.71,2.71,2.72,2.7,1557000.0,4216968.0,2020,5,25,13,45,2020-05-25 13:45
531,2.71,2.7,2.71,2.7,775500.0,2096040.0,2020,5,25,14,0,2020-05-25 14:00
532,2.7,2.71,2.71,2.7,2530900.0,6837848.0,2020,5,25,14,15,2020-05-25 14:15
533,2.7,2.7,2.7,2.69,1590100.0,4288072.0,2020,5,25,14,30,2020-05-25 14:30
534,2.7,2.7,2.71,2.7,1650100.0,4460944.0,2020,5,25,14,45,2020-05-25 14:45
535,2.7,2.7,2.71,2.7,2724800.0,7364568.0,2020,5,25,15,0,2020-05-25 15:00
536,2.71,2.74,2.74,2.71,5342100.0,14560362.0,2020,5,26,9,45,2020-05-26 09:45
537,2.74,2.74,2.75,2.72,5700800.0,15610606.0,2020,5,26,10,0,2020-05-26 10:00
538,2.75,2.74,2.75,2.73,3299200.0,9038072.0,2020,5,26,10,15,2020-05-26 10:15
539,2.74,2.74,2.74,2.73,1751800.0,4788884.0,2020,5,26,10,30,2020-05-26 10:30
540,2.74,2.73,2.74,2.72,2395900.0,6539500.0,2020,5,26,10,45,2020-05-26 10:45
541,2.72,2.73,2.73,2.71,2358600.0,6417680.0,2020,5,26,11,0,2020-05-26 11:00
542,2.73,2.72,2.73,2.72,763100.0,2078500.0,2020,5,26,11,15,2020-05-26 11:15
543,2.73,2.73,2.73,2.72,1031300.0,2808872.0,2020,5,26,11,30,2020-05-26 11:30
544,2.72,2.73,2.74,2.72,2628700.0,7174300.0,2020,5,26,13,15,2020-05-26 13:15
545,2.73,2.73,2.74,2.72,912000.0,2488600.0,2020,5,26,13,30,2020-05-26 13:30
546,2.73,2.72,2.73,2.72,1236700.0,3370432.0,2020,5,26,13,45,2020-05-26 13:45
547,2.72,2.73,2.74,2.72,1885000.0,5142024.0,2020,5,26,14,0,2020-05-26 14:00
548,2.73,2.73,2.74,2.72,1897000.0,5179912.0,2020,5,26,14,15,2020-05-26 14:15
549,2.73,2.73,2.74,2.72,2840500.0,7753672.0,2020,5,26,14,30,2020-05-26 14:30
550,2.73,2.73,2.74,2.73,1915100.0,5232336.0,2020,5,26,14,45,2020-05-26 14:45
551,2.73,2.73,2.74,2.73,4479100.0,12235952.0,2020,5,26,15,0,2020-05-26 15:00
552,2.72,2.7,2.73,2.69,8408000.0,22735482.0,2020,5,27,9,45,2020-05-27 09:45
553,2.7,2.7,2.71,2.69,4728400.0,12756522.0,2020,5,27,10,0,2020-05-27 10:00
554,2.69,2.7,2.7,2.68,4388200.0,11807544.0,2020,5,27,10,15,2020-05-27 10:15
555,2.7,2.69,2.7,2.68,2698800.0,7246488.0,2020,5,27,10,30,2020-05-27 10:30
556,2.68,2.69,2.69,2.68,3340600.0,8979568.0,2020,5,27,10,45,2020-05-27 10:45
557,2.69,2.69,2.7,2.68,2062000.0,5547308.0,2020,5,27,11,0,2020-05-27 11:00
558,2.69,2.69,2.7,2.69,977700.0,2630640.0,2020,5,27,11,15,2020-05-27 11:15
559,2.69,2.7,2.7,2.69,777100.0,2092144.0,2020,5,27,11,30,2020-05-27 11:30
560,2.7,2.75,2.77,2.69,13046000.0,35704352.0,2020,5,27,13,15,2020-05-27 13:15
561,2.75,2.74,2.75,2.72,3086500.0,8446704.0,2020,5,27,13,30,2020-05-27 13:30
562,2.74,2.76,2.77,2.74,12788400.0,35311312.0,2020,5,27,13,45,2020-05-27 13:45
563,2.75,2.74,2.76,2.74,3298200.0,9071440.0,2020,5,27,14,0,2020-05-27 14:00
564,2.74,2.74,2.75,2.74,1099700.0,3017360.0,2020,5,27,14,15,2020-05-27 14:15
565,2.74,2.74,2.76,2.73,4218100.0,11584544.0,2020,5,27,14,30,2020-05-27 14:30
566,2.74,2.74,2.75,2.73,2580000.0,7066432.0,2020,5,27,14,45,2020-05-27 14:45
567,2.73,2.74,2.75,2.73,4150500.0,11377952.0,2020,5,27,15,0,2020-05-27 15:00
568,2.73,2.74,2.74,2.71,6951500.0,18929608.0,2020,5,28,9,45,2020-05-28 09:45
569,2.74,2.73,2.75,2.73,5230800.0,14329854.0,2020,5,28,10,0,2020-05-28 10:00
570,2.73,2.73,2.74,2.72,2068000.0,5643850.0,2020,5,28,10,15,2020-05-28 10:15
571,2.73,2.72,2.73,2.71,2414800.0,6572440.0,2020,5,28,10,30,2020-05-28 10:30
572,2.71,2.74,2.76,2.71,6817200.0,18673664.0,2020,5,28,10,45,2020-05-28 10:45
573,2.73,2.73,2.74,2.73,1335800.0,3651784.0,2020,5,28,11,0,2020-05-28 11:00
574,2.73,2.72,2.74,2.72,1673900.0,4560368.0,2020,5,28,11,15,2020-05-28 11:15
575,2.72,2.72,2.73,2.71,2141000.0,5822352.0,2020,5,28,11,30,2020-05-28 11:30
576,2.72,2.72,2.73,2.71,2262000.0,6142672.0,2020,5,28,13,15,2020-05-28 13:15
577,2.72,2.73,2.73,2.71,1032900.0,2810472.0,2020,5,28,13,30,2020-05-28 13:30
578,2.73,2.72,2.73,2.71,1002200.0,2726432.0,2020,5,28,13,45,2020-05-28 13:45
579,2.72,2.71,2.72,2.71,1384400.0,3756840.0,2020,5,28,14,0,2020-05-28 14:00
580,2.71,2.72,2.73,2.71,1715800.0,4661544.0,2020,5,28,14,15,2020-05-28 14:15
581,2.72,2.72,2.73,2.71,1292800.0,3518280.0,2020,5,28,14,30,2020-05-28 14:30
582,2.72,2.76,2.78,2.72,17696600.0,48782560.0,2020,5,28,14,45,2020-05-28 14:45
583,2.76,2.76,2.76,2.74,8442200.0,23256544.0,2020,5,28,15,0,2020-05-28 15:00
584,2.74,2.76,2.76,2.72,7745300.0,21211578.0,2020,5,29,9,45,2020-05-29 09:45
585,2.75,2.74,2.76,2.74,3882100.0,10683870.0,2020,5,29,10,0,2020-05-29 10:00
586,2.75,2.75,2.76,2.74,3250600.0,8937708.0,2020,5,29,10,15,2020-05-29 10:15
587,2.76,2.78,2.78,2.75,6199800.0,17146140.0,2020,5,29,10,30,2020-05-29 10:30
588,2.78,2.78,2.82,2.76,18251900.0,51001424.0,2020,5,29,10,45,2020-05-29 10:45
589,2.78,2.78,2.79,2.78,2352900.0,6553376.0,2020,5,29,11,0,2020-05-29 11:00
590,2.78,2.77,2.79,2.77,2563800.0,7128664.0,2020,5,29,11,15,2020-05-29 11:15
591,2.77,2.78,2.78,2.77,1465100.0,4066328.0,2020,5,29,11,30,2020-05-29 11:30
592,2.77,2.77,2.78,2.77,1759500.0,4890056.0,2020,5,29,13,15,2020-05-29 13:15
593,2.77,2.78,2.79,2.77,1793500.0,4988680.0,2020,5,29,13,30,2020-05-29 13:30
594,2.78,2.78,2.79,2.77,1927700.0,5354928.0,2020,5,29,13,45,2020-05-29 13:45
595,2.78,2.78,2.79,2.77,3380000.0,9382656.0,2020,5,29,14,0,2020-05-29 14:00
596,2.77,2.77,2.78,2.76,2970900.0,8225728.0,2020,5,29,14,15,2020-05-29 14:15
597,2.77,2.78,2.78,2.77,1869500.0,5185072.0,2020,5,29,14,30,2020-05-29 14:30
598,2.78,2.77,2.78,2.76,3810900.0,10560720.0,2020,5,29,14,45,2020-05-29 14:45
599,2.77,2.77,2.78,2.76,6564200.0,18185184.0,2020,5,29,15,0,2020-05-29 15:00
600,2.78,2.8,2.8,2.78,7464700.0,20841028.0,2020,6,1,9,45,2020-06-01 09:45
601,2.79,2.84,2.84,2.79,12146000.0,34214164.0,2020,6,1,10,0,2020-06-01 10:00
602,2.83,2.83,2.85,2.81,12042600.0,34106480.0,2020,6,1,10,15,2020-06-01 10:15
603,2.83,2.82,2.83,2.81,5389900.0,15197992.0,2020,6,1,10,30,2020-06-01 10:30
604,2.83,2.83,2.84,2.81,4639400.0,13107848.0,2020,6,1,10,45,2020-06-01 10:45
605,2.83,2.83,2.84,2.82,2913600.0,8248576.0,2020,6,1,11,0,2020-06-01 11:00
606,2.83,2.82,2.84,2.82,3504700.0,9917336.0,2020,6,1,11,15,2020-06-01 11:15
607,2.83,2.83,2.84,2.82,2581100.0,7309808.0,2020,6,1,11,30,2020-06-01 11:30
608,2.83,2.83,2.84,2.82,4695800.0,13303856.0,2020,6,1,13,15,2020-06-01 13:15
609,2.84,2.83,2.84,2.83,2248500.0,6369504.0,2020,6,1,13,30,2020-06-01 13:30
610,2.84,2.83,2.84,2.83,2701300.0,7658096.0,2020,6,1,13,45,2020-06-01 13:45
611,2.83,2.83,2.84,2.82,3840300.0,10864320.0,2020,6,1,14,0,2020-06-01 14:00
612,2.82,2.82,2.83,2.81,5549100.0,15648048.0,2020,6,1,14,15,2020-06-01 14:15
613,2.82,2.82,2.83,2.81,3617900.0,10199440.0,2020,6,1,14,30,2020-06-01 14:30
614,2.83,2.83,2.83,2.82,2019900.0,5701568.0,2020,6,1,14,45,2020-06-01 14:45
615,2.82,2.83,2.83,2.82,6598000.0,18628400.0,2020,6,1,15,0,2020-06-01 15:00
616,2.82,2.87,2.87,2.82,15033400.0,42781932.0,2020,6,2,9,45,2020-06-02 09:45
617,2.87,2.87,2.89,2.86,19556900.0,56265940.0,2020,6,2,10,0,2020-06-02 10:00
618,2.87,2.91,2.92,2.87,22713100.0,65870032.0,2020,6,2,10,15,2020-06-02 10:15
619,2.91,2.92,2.94,2.91,14241000.0,41651200.0,2020,6,2,10,30,2020-06-02 10:30
620,2.91,2.92,2.93,2.91,7245300.0,21162096.0,2020,6,2,10,45,2020-06-02 10:45
621,2.93,2.9,2.93,2.9,7080600.0,20669792.0,2020,6,2,11,0,2020-06-02 11:00
622,2.9,2.91,2.92,2.9,3899300.0,11356048.0,2020,6,2,11,15,2020-06-02 11:15
623,2.91,2.91,2.92,2.9,4915400.0,14312784.0,2020,6,2,11,30,2020-06-02 11:30
624,2.91,2.95,2.95,2.91,13301400.0,39015616.0,2020,6,2,13,15,2020-06-02 13:15
625,2.95,2.98,3.03,2.94,35627400.0,106257984.0,2020,6,2,13,30,2020-06-02 13:30
626,2.99,2.98,3.0,2.97,14917100.0,44572224.0,2020,6,2,13,45,2020-06-02 13:45
627,2.98,2.99,3.0,2.97,6963400.0,20813248.0,2020,6,2,14,0,2020-06-02 14:00
628,2.98,2.98,3.0,2.98,6327300.0,18910624.0,2020,6,2,14,15,2020-06-02 14:15
629,2.99,2.97,2.99,2.95,8639500.0,25620896.0,2020,6,2,14,30,2020-06-02 14:30
630,2.97,2.97,2.97,2.95,5823900.0,17249600.0,2020,6,2,14,45,2020-06-02 14:45
631,2.97,2.97,2.97,2.96,10985700.0,32580544.0,2020,6,2,15,0,2020-06-02 15:00
632,2.97,2.92,2.99,2.9,30035700.0,88231728.0,2020,6,3,9,45,2020-06-03 09:45
633,2.92,2.91,2.94,2.91,11081100.0,32409688.0,2020,6,3,10,0,2020-06-03 10:00
634,2.91,2.91,2.92,2.9,9904100.0,28811448.0,2020,6,3,10,15,2020-06-03 10:15
635,2.91,2.91,2.92,2.9,5054700.0,14718176.0,2020,6,3,10,30,2020-06-03 10:30
636,2.91,2.9,2.91,2.89,10981000.0,31845488.0,2020,6,3,10,45,2020-06-03 10:45
637,2.9,2.93,2.93,2.9,4930400.0,14354720.0,2020,6,3,11,0,2020-06-03 11:00
638,2.93,2.92,2.93,2.91,2898800.0,8461888.0,2020,6,3,11,15,2020-06-03 11:15
639,2.92,2.93,2.93,2.91,2636900.0,7697584.0,2020,6,3,11,30,2020-06-03 11:30
640,2.93,2.92,2.93,2.91,4462600.0,13042000.0,2020,6,3,13,15,2020-06-03 13:15
641,2.92,2.91,2.93,2.91,5034400.0,14672960.0,2020,6,3,13,30,2020-06-03 13:30
642,2.91,2.91,2.92,2.9,4062100.0,11822480.0,2020,6,3,13,45,2020-06-03 13:45
643,2.91,2.91,2.92,2.9,2989400.0,8701024.0,2020,6,3,14,0,2020-06-03 14:00
644,2.91,2.91,2.92,2.9,3858100.0,11232672.0,2020,6,3,14,15,2020-06-03 14:15
645,2.9,2.89,2.91,2.89,6457400.0,18734912.0,2020,6,3,14,30,2020-06-03 14:30
646,2.89,2.89,2.9,2.89,5074900.0,14680800.0,2020,6,3,14,45,2020-06-03 14:45
647,2.89,2.89,2.9,2.88,9156200.0,26450304.0,2020,6,3,15,0,2020-06-03 15:00
648,2.88,2.89,2.92,2.88,11582000.0,33520180.0,2020,6,4,9,45,2020-06-04 09:45
649,2.89,2.92,2.95,2.88,14846700.0,43409228.0,2020,6,4,10,0,2020-06-04 10:00
650,2.92,2.9,2.93,2.9,4126000.0,12032824.0,2020,6,4,10,15,2020-06-04 10:15
651,2.9,2.91,2.91,2.9,1757600.0,5107208.0,2020,6,4,10,30,2020-06-04 10:30
652,2.9,2.91,2.93,2.9,6095900.0,17768536.0,2020,6,4,10,45,2020-06-04 10:45
653,2.91,2.9,2.92,2.9,2616900.0,7611664.0,2020,6,4,11,0,2020-06-04 11:00
654,2.91,2.88,2.91,2.88,3563400.0,10314120.0,2020,6,4,11,15,2020-06-04 11:15
655,2.88,2.9,2.9,2.88,2508400.0,7259904.0,2020,6,4,11,30,2020-06-04 11:30
656,2.9,2.9,2.91,2.89,1680000.0,4869664.0,2020,6,4,13,15,2020-06-04 13:15
657,2.9,2.9,2.91,2.9,2423300.0,7041984.0,2020,6,4,13,30,2020-06-04 13:30
658,2.9,2.89,2.91,2.88,3503500.0,10129408.0,2020,6,4,13,45,2020-06-04 13:45
659,2.89,2.88,2.9,2.88,2811100.0,8115008.0,2020,6,4,14,0,2020-06-04 14:00
660,2.88,2.89,2.9,2.88,3784700.0,10923584.0,2020,6,4,14,15,2020-06-04 14:15
661,2.89,2.88,2.9,2.88,2584500.0,7458752.0,2020,6,4,14,30,2020-06-04 14:30
662,2.89,2.89,2.89,2.88,3024600.0,8717696.0,2020,6,4,14,45,2020-06-04 14:45
663,2.89,2.9,2.9,2.88,6383800.0,18450192.0,2020,6,4,15,0,2020-06-04 15:00
664,2.87,2.89,2.92,2.87,10305400.0,29828460.0,2020,6,5,9,45,2020-06-05 09:45
665,2.89,2.88,2.9,2.88,4141400.0,11949912.0,2020,6,5,10,0,2020-06-05 10:00
666,2.89,2.88,2.89,2.88,3648900.0,10514052.0,2020,6,5,10,15,2020-06-05 10:15
667,2.89,2.89,2.89,2.88,2638400.0,7613256.0,2020,6,5,10,30,2020-06-05 10:30
668,2.88,2.89,2.9,2.88,3705600.0,10730912.0,2020,6,5,10,45,2020-06-05 10:45
669,2.9,2.88,2.9,2.88,2526800.0,7302104.0,2020,6,5,11,0,2020-06-05 11:00
670,2.88,2.87,2.89,2.87,3552500.0,10214592.0,2020,6,5,11,15,2020-06-05 11:15
671,2.87,2.86,2.88,2.86,2493600.0,7150760.0,2020,6,5,11,30,2020-06-05 11:30
672,2.86,2.85,2.87,2.85,3494600.0,9991056.0,2020,6,5,13,15,2020-06-05 13:15
673,2.85,2.85,2.86,2.84,5473400.0,15594960.0,2020,6,5,13,30,2020-06-05 13:30
674,2.85,2.85,2.86,2.84,2154300.0,6139400.0,2020,6,5,13,45,2020-06-05 13:45
675,2.84,2.86,2.86,2.84,2419200.0,6890848.0,2020,6,5,14,0,2020-06-05 14:00
676,2.86,2.86,2.87,2.85,3123400.0,8929912.0,2020,6,5,14,15,2020-06-05 14:15
677,2.85,2.86,2.86,2.85,2165000.0,6179024.0,2020,6,5,14,30,2020-06-05 14:30
678,2.86,2.85,2.86,2.85,3119000.0,8895744.0,2020,6,5,14,45,2020-06-05 14:45
679,2.86,2.85,2.86,2.84,6832500.0,19480400.0,2020,6,5,15,0,2020-06-05 15:00
680,2.88,2.91,2.94,2.87,23308400.0,67838536.0,2020,6,8,9,45,2020-06-08 09:45
681,2.91,2.95,2.96,2.91,19553300.0,57470136.0,2020,6,8,10,0,2020-06-08 10:00
682,2.95,2.95,2.97,2.94,16692100.0,49280304.0,2020,6,8,10,15,2020-06-08 10:15
683,2.95,2.94,2.96,2.93,6738400.0,19854832.0,2020,6,8,10,30,2020-06-08 10:30
684,2.93,2.93,2.94,2.92,4809800.0,14094656.0,2020,6,8,10,45,2020-06-08 10:45
685,2.93,2.93,2.94,2.92,1643500.0,4820432.0,2020,6,8,11,0,2020-06-08 11:00
686,2.93,2.94,2.94,2.93,1826500.0,5357984.0,2020,6,8,11,15,2020-06-08 11:15
687,2.93,2.93,2.94,2.92,3373900.0,9884960.0,2020,6,8,11,30,2020-06-08 11:30
688,2.93,2.92,2.93,2.92,1215900.0,3555568.0,2020,6,8,13,15,2020-06-08 13:15
689,2.92,2.91,2.93,2.91,3360600.0,9801488.0,2020,6,8,13,30,2020-06-08 13:30
690,2.92,2.92,2.92,2.91,2020500.0,5891952.0,2020,6,8,13,45,2020-06-08 13:45
691,2.92,2.92,2.92,2.91,1576200.0,4596000.0,2020,6,8,14,0,2020-06-08 14:00
692,2.91,2.92,2.92,2.91,1506800.0,4393392.0,2020,6,8,14,15,2020-06-08 14:15
693,2.92,2.92,2.92,2.91,1563900.0,4560864.0,2020,6,8,14,30,2020-06-08 14:30
694,2.91,2.92,2.93,2.91,4565700.0,13329328.0,2020,6,8,14,45,2020-06-08 14:45
695,2.91,2.92,2.92,2.91,8477000.0,24712256.0,2020,6,8,15,0,2020-06-08 15:00
696,2.9,2.87,2.91,2.86,16478400.0,47465408.0,2020,6,9,9,45,2020-06-09 09:45
697,2.87,2.89,2.89,2.87,5409600.0,15545284.0,2020,6,9,10,0,2020-06-09 10:00
698,2.88,2.87,2.89,2.87,4196300.0,12075372.0,2020,6,9,10,15,2020-06-09 10:15
699,2.87,2.86,2.88,2.86,3523700.0,10115440.0,2020,6,9,10,30,2020-06-09 10:30
700,2.86,2.86,2.87,2.85,6441900.0,18419656.0,2020,6,9,10,45,2020-06-09 10:45
701,2.86,2.88,2.88,2.86,2358900.0,6761048.0,2020,6,9,11,0,2020-06-09 11:00
702,2.88,2.86,2.88,2.86,2389600.0,6846480.0,2020,6,9,11,15,2020-06-09 11:15
703,2.86,2.87,2.87,2.86,3076800.0,8804864.0,2020,6,9,11,30,2020-06-09 11:30
704,2.86,2.88,2.89,2.86,3610200.0,10377360.0,2020,6,9,13,15,2020-06-09 13:15
705,2.88,2.88,2.9,2.87,2920500.0,8430784.0,2020,6,9,13,30,2020-06-09 13:30
706,2.89,2.88,2.89,2.88,1603200.0,4620992.0,2020,6,9,13,45,2020-06-09 13:45
707,2.89,2.89,2.9,2.87,3279300.0,9468432.0,2020,6,9,14,0,2020-06-09 14:00
708,2.88,2.88,2.89,2.88,1171000.0,3376416.0,2020,6,9,14,15,2020-06-09 14:15
709,2.89,2.89,2.89,2.87,2339900.0,6740640.0,2020,6,9,14,30,2020-06-09 14:30
710,2.89,2.89,2.89,2.88,2762300.0,7964560.0,2020,6,9,14,45,2020-06-09 14:45
711,2.88,2.89,2.89,2.88,5410900.0,15613536.0,2020,6,9,15,0,2020-06-09 15:00
712,2.87,2.84,2.88,2.84,10141300.0,28916430.0,2020,6,10,9,45,2020-06-10 09:45
713,2.85,2.87,2.9,2.85,8837400.0,25438570.0,2020,6,10,10,0,2020-06-10 10:00
714,2.87,2.87,2.88,2.86,2535500.0,7275764.0,2020,6,10,10,15,2020-06-10 10:15
715,2.87,2.86,2.88,2.85,2889700.0,8273620.0,2020,6,10,10,30,2020-06-10 10:30
716,2.86,2.85,2.86,2.85,1889500.0,5387800.0,2020,6,10,10,45,2020-06-10 10:45
717,2.85,2.86,2.86,2.84,3453300.0,9836648.0,2020,6,10,11,0,2020-06-10 11:00
718,2.86,2.85,2.87,2.85,3936500.0,11251456.0,2020,6,10,11,15,2020-06-10 11:15
719,2.86,2.86,2.86,2.85,1212700.0,3459696.0,2020,6,10,11,30,2020-06-10 11:30
720,2.86,2.86,2.87,2.85,2463200.0,7039896.0,2020,6,10,13,15,2020-06-10 13:15
721,2.85,2.85,2.87,2.85,2097100.0,5984608.0,2020,6,10,13,30,2020-06-10 13:30
722,2.85,2.85,2.86,2.85,1533500.0,4375168.0,2020,6,10,13,45,2020-06-10 13:45
723,2.85,2.86,2.86,2.85,1860600.0,5304936.0,2020,6,10,14,0,2020-06-10 14:00
724,2.85,2.85,2.86,2.84,2858800.0,8140632.0,2020,6,10,14,15,2020-06-10 14:15
725,2.84,2.85,2.85,2.84,2587100.0,7358168.0,2020,6,10,14,30,2020-06-10 14:30
726,2.84,2.83,2.85,2.83,10482500.0,29715776.0,2020,6,10,14,45,2020-06-10 14:45
727,2.83,2.83,2.84,2.82,6886100.0,19484192.0,2020,6,10,15,0,2020-06-10 15:00
728,2.84,2.84,2.85,2.83,6012300.0,17061694.0,2020,6,11,9,45,2020-06-11 09:45
729,2.85,2.82,2.85,2.82,5918400.0,16764582.0,2020,6,11,10,0,2020-06-11 10:00
730,2.83,2.85,2.85,2.82,7190900.0,20329292.0,2020,6,11,10,15,2020-06-11 10:15
731,2.85,2.84,2.85,2.83,3552200.0,10093168.0,2020,6,11,10,30,2020-06-11 10:30
732,2.84,2.84,2.85,2.83,1513800.0,4295672.0,2020,6,11,10,45,2020-06-11 10:45
733,2.84,2.84,2.84,2.83,1956100.0,5537192.0,2020,6,11,11,0,2020-06-11 11:00
734,2.83,2.83,2.84,2.83,3074200.0,8702680.0,2020,6,11,11,15,2020-06-11 11:15
735,2.83,2.86,2.87,2.83,8443100.0,24075672.0,2020,6,11,11,30,2020-06-11 11:30
736,2.86,2.84,2.86,2.84,3030500.0,8628568.0,2020,6,11,13,15,2020-06-11 13:15
737,2.84,2.84,2.85,2.83,2386300.0,6764008.0,2020,6,11,13,30,2020-06-11 13:30
738,2.84,2.83,2.84,2.82,4001100.0,11315216.0,2020,6,11,13,45,2020-06-11 13:45
739,2.83,2.82,2.84,2.82,2198000.0,6214864.0,2020,6,11,14,0,2020-06-11 14:00
740,2.82,2.81,2.83,2.81,4805300.0,13542320.0,2020,6,11,14,15,2020-06-11 14:15
741,2.81,2.82,2.82,2.81,2922900.0,8226992.0,2020,6,11,14,30,2020-06-11 14:30
742,2.81,2.82,2.82,2.81,3233600.0,9101328.0,2020,6,11,14,45,2020-06-11 14:45
743,2.81,2.81,2.82,2.81,5010300.0,14102288.0,2020,6,11,15,0,2020-06-11 15:00
744,2.74,2.75,2.76,2.72,16886200.0,46263916.0,2020,6,12,9,45,2020-06-12 09:45
745,2.75,2.77,2.77,2.74,5650700.0,15553372.0,2020,6,12,10,0,2020-06-12 10:00
746,2.76,2.76,2.77,2.75,5333000.0,14699280.0,2020,6,12,10,15,2020-06-12 10:15
747,2.76,2.74,2.76,2.73,9839600.0,27002200.0,2020,6,12,10,30,2020-06-12 10:30
748,2.74,2.75,2.76,2.73,3965900.0,10875824.0,2020,6,12,10,45,2020-06-12 10:45
749,2.75,2.75,2.76,2.74,4536000.0,12460928.0,2020,6,12,11,0,2020-06-12 11:00
750,2.74,2.75,2.76,2.74,2849300.0,7823680.0,2020,6,12,11,15,2020-06-12 11:15
751,2.75,2.75,2.76,2.74,3322200.0,9124016.0,2020,6,12,11,30,2020-06-12 11:30
752,2.75,2.74,2.75,2.73,4150900.0,11374704.0,2020,6,12,13,15,2020-06-12 13:15
753,2.74,2.74,2.75,2.73,3298700.0,9037248.0,2020,6,12,13,30,2020-06-12 13:30
754,2.74,2.75,2.75,2.74,2810200.0,7709920.0,2020,6,12,13,45,2020-06-12 13:45
755,2.74,2.74,2.76,2.74,4749000.0,13044160.0,2020,6,12,14,0,2020-06-12 14:00
756,2.75,2.75,2.76,2.74,6868100.0,18881456.0,2020,6,12,14,15,2020-06-12 14:15
757,2.74,2.75,2.75,2.74,5425700.0,14890608.0,2020,6,12,14,30,2020-06-12 14:30
758,2.75,2.75,2.76,2.74,6658900.0,18302000.0,2020,6,12,14,45,2020-06-12 14:45
759,2.74,2.76,2.76,2.74,12194100.0,33549456.0,2020,6,12,15,0,2020-06-12 15:00
760,2.74,2.72,2.74,2.72,11260300.0,30705800.0,2020,6,15,9,45,2020-06-15 09:45
761,2.73,2.73,2.75,2.73,4514600.0,12374052.0,2020,6,15,10,0,2020-06-15 10:00
762,2.74,2.74,2.75,2.73,3418100.0,9368188.0,2020,6,15,10,15,2020-06-15 10:15
763,2.74,2.75,2.75,2.74,3258600.0,8934036.0,2020,6,15,10,30,2020-06-15 10:30
764,2.74,2.76,2.78,2.74,7706400.0,21279100.0,2020,6,15,10,45,2020-06-15 10:45
765,2.76,2.76,2.76,2.75,1457100.0,4014936.0,2020,6,15,11,0,2020-06-15 11:00
766,2.75,2.75,2.76,2.75,1224700.0,3369728.0,2020,6,15,11,15,2020-06-15 11:15
767,2.76,2.76,2.76,2.75,1882100.0,5177976.0,2020,6,15,11,30,2020-06-15 11:30
768,2.76,2.74,2.76,2.74,3215300.0,8837872.0,2020,6,15,13,15,2020-06-15 13:15
769,2.74,2.75,2.75,2.74,1807300.0,4958048.0,2020,6,15,13,30,2020-06-15 13:30
770,2.75,2.74,2.75,2.73,2771700.0,7597384.0,2020,6,15,13,45,2020-06-15 13:45
771,2.73,2.74,2.74,2.73,2508500.0,6854144.0,2020,6,15,14,0,2020-06-15 14:00
772,2.73,2.73,2.74,2.73,2265600.0,6189888.0,2020,6,15,14,15,2020-06-15 14:15
773,2.73,2.73,2.74,2.73,2236800.0,6114896.0,2020,6,15,14,30,2020-06-15 14:30
774,2.73,2.73,2.74,2.72,3812000.0,10411584.0,2020,6,15,14,45,2020-06-15 14:45
775,2.72,2.72,2.73,2.72,5302200.0,14437296.0,2020,6,15,15,0,2020-06-15 15:00
776,2.73,2.75,2.75,2.73,6724300.0,18442748.0,2020,6,16,9,45,2020-06-16 09:45
777,2.74,2.73,2.75,2.73,3875700.0,10617934.0,2020,6,16,10,0,2020-06-16 10:00
778,2.73,2.73,2.74,2.73,2429900.0,6637798.0,2020,6,16,10,15,2020-06-16 10:15
779,2.74,2.73,2.74,2.72,3972700.0,10845740.0,2020,6,16,10,30,2020-06-16 10:30
780,2.74,2.73,2.74,2.73,2943200.0,8043280.0,2020,6,16,10,45,2020-06-16 10:45
781,2.74,2.73,2.74,2.73,2536700.0,6934592.0,2020,6,16,11,0,2020-06-16 11:00
782,2.74,2.73,2.74,2.73,2944500.0,8042788.0,2020,6,16,11,15,2020-06-16 11:15
783,2.73,2.74,2.74,2.72,1627000.0,4440856.0,2020,6,16,11,30,2020-06-16 11:30
784,2.73,2.73,2.74,2.73,1431900.0,3913032.0,2020,6,16,13,15,2020-06-16 13:15
785,2.74,2.73,2.74,2.73,1761100.0,4811272.0,2020,6,16,13,30,2020-06-16 13:30
786,2.73,2.73,2.74,2.73,1748900.0,4779808.0,2020,6,16,13,45,2020-06-16 13:45
787,2.73,2.74,2.74,2.73,1957400.0,5349520.0,2020,6,16,14,0,2020-06-16 14:00
788,2.73,2.73,2.74,2.73,2554300.0,6977992.0,2020,6,16,14,15,2020-06-16 14:15
789,2.73,2.76,2.78,2.73,23312100.0,64269232.0,2020,6,16,14,30,2020-06-16 14:30
790,2.76,2.76,2.77,2.75,5822500.0,16064288.0,2020,6,16,14,45,2020-06-16 14:45
791,2.76,2.76,2.77,2.76,4276700.0,11819216.0,2020,6,16,15,0,2020-06-16 15:00
792,2.75,2.74,2.75,2.73,7729800.0,21167308.0,2020,6,17,9,45,2020-06-17 09:45
793,2.75,2.73,2.75,2.73,5412500.0,14815128.0,2020,6,17,10,0,2020-06-17 10:00
794,2.73,2.73,2.74,2.73,6629000.0,18101416.0,2020,6,17,10,15,2020-06-17 10:15
795,2.74,2.73,2.74,2.73,3419100.0,9340008.0,2020,6,17,10,30,2020-06-17 10:30
796,2.73,2.72,2.74,2.72,2098000.0,5716500.0,2020,6,17,10,45,2020-06-17 10:45
797,2.72,2.73,2.73,2.72,1929100.0,5250736.0,2020,6,17,11,0,2020-06-17 11:00
798,2.72,2.73,2.74,2.72,2460600.0,6715736.0,2020,6,17,11,15,2020-06-17 11:15
799,2.74,2.73,2.74,2.73,1432600.0,3913664.0,2020,6,17,13,0,2020-06-17 13:00
