,open,close,high,low,vol,amount,year,month,day,hour,minute,datetime
0,4.8,4.8,4.81,4.79,283400.0,1360874.0,2020,4,2,13,15,2020-04-02 13:15
1,4.8,4.8,4.8,4.79,256600.0,1230572.0,2020,4,2,13,30,2020-04-02 13:30
2,4.8,4.83,4.84,4.79,734600.0,3539066.0,2020,4,2,13,45,2020-04-02 13:45
3,4.83,4.83,4.84,4.82,455600.0,2199796.0,2020,4,2,14,0,2020-04-02 14:00
4,4.83,4.82,4.84,4.82,416600.0,2011348.0,2020,4,2,14,15,2020-04-02 14:15
5,4.82,4.84,4.84,4.81,414900.0,2003856.0,2020,4,2,14,30,2020-04-02 14:30
6,4.84,4.85,4.85,4.83,324100.0,1568794.0,2020,4,2,14,45,2020-04-02 14:45
7,4.85,4.87,4.87,4.84,785000.0,3814050.0,2020,4,2,15,0,2020-04-02 15:00
8,4.92,4.87,4.92,4.85,1224600.0,5982917.0,2020,4,3,9,45,2020-04-03 09:45
9,4.87,4.87,4.89,4.85,522100.0,2540080.0,2020,4,3,10,0,2020-04-03 10:00
10,4.87,4.85,4.87,4.83,479500.0,2324411.0,2020,4,3,10,15,2020-04-03 10:15
11,4.85,4.83,4.85,4.82,415300.0,2006900.0,2020,4,3,10,30,2020-04-03 10:30
12,4.82,4.82,4.83,4.81,458000.0,2207761.0,2020,4,3,10,45,2020-04-03 10:45
13,4.82,4.81,4.82,4.79,611000.0,2937895.0,2020,4,3,11,0,2020-04-03 11:00
14,4.81,4.81,4.82,4.79,294900.0,1416560.0,2020,4,3,11,15,2020-04-03 11:15
15,4.82,4.81,4.82,4.79,276500.0,1326688.0,2020,4,3,11,30,2020-04-03 11:30
16,4.81,4.81,4.83,4.8,211900.0,1018850.0,2020,4,3,13,15,2020-04-03 13:15
17,4.82,4.81,4.82,4.79,199000.0,956418.0,2020,4,3,13,30,2020-04-03 13:30
18,4.8,4.81,4.81,4.8,215000.0,1033374.0,2020,4,3,13,45,2020-04-03 13:45
19,4.81,4.8,4.83,4.8,236100.0,1135932.0,2020,4,3,14,0,2020-04-03 14:00
20,4.81,4.79,4.81,4.78,346100.0,1660136.0,2020,4,3,14,15,2020-04-03 14:15
21,4.79,4.8,4.8,4.78,225200.0,1079882.0,2020,4,3,14,30,2020-04-03 14:30
22,4.8,4.79,4.82,4.79,248000.0,1191084.0,2020,4,3,14,45,2020-04-03 14:45
23,4.8,4.8,4.81,4.79,549000.0,2635574.0,2020,4,3,15,0,2020-04-03 15:00
24,4.85,4.86,4.9,4.84,1727800.0,8400711.0,2020,4,7,9,45,2020-04-07 09:45
25,4.86,4.88,4.89,4.86,616300.0,3004468.0,2020,4,7,10,0,2020-04-07 10:00
26,4.87,4.88,4.89,4.87,598300.0,2919040.0,2020,4,7,10,15,2020-04-07 10:15
27,4.88,4.87,4.88,4.87,160900.0,784083.0,2020,4,7,10,30,2020-04-07 10:30
28,4.87,4.88,4.88,4.87,176400.0,860030.0,2020,4,7,10,45,2020-04-07 10:45
29,4.87,4.87,4.88,4.86,428900.0,2089010.0,2020,4,7,11,0,2020-04-07 11:00
30,4.87,4.89,4.89,4.87,211600.0,1032320.0,2020,4,7,11,15,2020-04-07 11:15
31,4.89,4.89,4.89,4.88,355400.0,1737248.0,2020,4,7,11,30,2020-04-07 11:30
32,4.89,4.9,4.9,4.89,161600.0,791338.0,2020,4,7,13,15,2020-04-07 13:15
33,4.9,4.9,4.9,4.89,325900.0,1595490.0,2020,4,7,13,30,2020-04-07 13:30
34,4.9,4.89,4.9,4.89,343400.0,1679692.0,2020,4,7,13,45,2020-04-07 13:45
35,4.9,4.91,4.91,4.89,366700.0,1797882.0,2020,4,7,14,0,2020-04-07 14:00
36,4.91,4.91,4.91,4.9,200100.0,982024.0,2020,4,7,14,15,2020-04-07 14:15
37,4.9,4.91,4.92,4.9,439100.0,2156948.0,2020,4,7,14,30,2020-04-07 14:30
38,4.91,4.91,4.92,4.91,246600.0,1212566.0,2020,4,7,14,45,2020-04-07 14:45
39,4.91,4.91,4.92,4.9,969000.0,4756810.0,2020,4,7,15,0,2020-04-07 15:00
40,4.9,4.9,4.9,4.85,873700.0,4260813.0,2020,4,8,9,45,2020-04-08 09:45
41,4.89,5.26,5.4,4.87,7804700.0,40404384.0,2020,4,8,10,0,2020-04-08 10:00
42,5.25,5.18,5.27,5.18,2495300.0,13005220.0,2020,4,8,10,15,2020-04-08 10:15
43,5.19,5.18,5.2,5.16,1120000.0,5804820.0,2020,4,8,10,30,2020-04-08 10:30
44,5.18,5.15,5.19,5.13,947100.0,4883188.0,2020,4,8,10,45,2020-04-08 10:45
45,5.15,5.16,5.17,5.14,380400.0,1960592.0,2020,4,8,11,0,2020-04-08 11:00
46,5.16,5.2,5.21,5.16,623000.0,3228784.0,2020,4,8,11,15,2020-04-08 11:15
47,5.19,5.18,5.2,5.16,395700.0,2050296.0,2020,4,8,11,30,2020-04-08 11:30
48,5.18,5.33,5.39,5.18,3521900.0,18640552.0,2020,4,8,13,15,2020-04-08 13:15
49,5.34,5.4,5.4,5.29,7196900.0,38773480.0,2020,4,8,13,30,2020-04-08 13:30
50,5.4,5.4,5.4,5.4,1266900.0,6841264.0,2020,4,8,13,45,2020-04-08 13:45
51,5.4,5.4,5.4,5.4,165500.0,893696.0,2020,4,8,14,0,2020-04-08 14:00
52,5.4,5.4,5.4,5.4,165400.0,893168.0,2020,4,8,14,15,2020-04-08 14:15
53,5.4,5.4,5.4,5.4,293900.0,1587056.0,2020,4,8,14,30,2020-04-08 14:30
54,5.4,5.4,5.4,5.4,136700.0,738176.0,2020,4,8,14,45,2020-04-08 14:45
55,5.4,5.4,5.4,5.4,458300.0,2474816.0,2020,4,8,15,0,2020-04-08 15:00
56,5.42,5.37,5.5,5.33,11089000.0,60049392.0,2020,4,9,9,45,2020-04-09 09:45
57,5.37,5.36,5.37,5.25,4010100.0,21310800.0,2020,4,9,10,0,2020-04-09 10:00
58,5.36,5.43,5.47,5.33,2450900.0,13231080.0,2020,4,9,10,15,2020-04-09 10:15
59,5.42,5.41,5.44,5.39,1732300.0,9390032.0,2020,4,9,10,30,2020-04-09 10:30
60,5.4,5.34,5.41,5.32,793800.0,4253272.0,2020,4,9,10,45,2020-04-09 10:45
61,5.34,5.39,5.39,5.33,477400.0,2552632.0,2020,4,9,11,0,2020-04-09 11:00
62,5.38,5.36,5.41,5.34,714700.0,3846776.0,2020,4,9,11,15,2020-04-09 11:15
63,5.35,5.38,5.38,5.34,346600.0,1858472.0,2020,4,9,11,30,2020-04-09 11:30
64,5.39,5.38,5.39,5.36,369000.0,1984864.0,2020,4,9,13,15,2020-04-09 13:15
65,5.38,5.37,5.38,5.35,477800.0,2564400.0,2020,4,9,13,30,2020-04-09 13:30
66,5.36,5.66,5.68,5.35,5425700.0,30126456.0,2020,4,9,13,45,2020-04-09 13:45
67,5.68,5.7,5.8,5.64,5115200.0,29199008.0,2020,4,9,14,0,2020-04-09 14:00
68,5.69,5.6,5.7,5.58,1306000.0,7354896.0,2020,4,9,14,15,2020-04-09 14:15
69,5.59,5.61,5.67,5.58,1007000.0,5662320.0,2020,4,9,14,30,2020-04-09 14:30
70,5.61,5.56,5.61,5.56,930500.0,5193424.0,2020,4,9,14,45,2020-04-09 14:45
71,5.56,5.57,5.6,5.56,2159100.0,12044480.0,2020,4,9,15,0,2020-04-09 15:00
72,5.43,5.38,5.47,5.34,6002400.0,32463622.0,2020,4,10,9,45,2020-04-10 09:45
73,5.37,5.35,5.4,5.32,2550400.0,13651714.0,2020,4,10,10,0,2020-04-10 10:00
74,5.35,5.37,5.39,5.34,844900.0,4530812.0,2020,4,10,10,15,2020-04-10 10:15
75,5.37,5.37,5.42,5.37,840800.0,4536836.0,2020,4,10,10,30,2020-04-10 10:30
76,5.36,5.36,5.37,5.34,799900.0,4282844.0,2020,4,10,10,45,2020-04-10 10:45
77,5.35,5.37,5.4,5.35,491200.0,2640964.0,2020,4,10,11,0,2020-04-10 11:00
78,5.37,5.43,5.49,5.35,1485300.0,8054752.0,2020,4,10,11,15,2020-04-10 11:15
79,5.41,5.4,5.42,5.38,598700.0,3228160.0,2020,4,10,11,30,2020-04-10 11:30
80,5.39,5.39,5.4,5.36,622500.0,3348136.0,2020,4,10,13,15,2020-04-10 13:15
81,5.39,5.37,5.39,5.36,323100.0,1734264.0,2020,4,10,13,30,2020-04-10 13:30
82,5.36,5.34,5.36,5.33,781100.0,4173152.0,2020,4,10,13,45,2020-04-10 13:45
83,5.35,5.35,5.36,5.34,278500.0,1490312.0,2020,4,10,14,0,2020-04-10 14:00
84,5.35,5.36,5.36,5.33,438000.0,2342256.0,2020,4,10,14,15,2020-04-10 14:15
85,5.35,5.33,5.38,5.33,442300.0,2369056.0,2020,4,10,14,30,2020-04-10 14:30
86,5.34,5.32,5.39,5.32,847200.0,4535600.0,2020,4,10,14,45,2020-04-10 14:45
87,5.32,5.33,5.35,5.32,1292700.0,6888184.0,2020,4,10,15,0,2020-04-10 15:00
88,5.33,5.25,5.35,5.23,1730400.0,9136492.0,2020,4,13,9,45,2020-04-13 09:45
89,5.26,5.19,5.26,5.13,2552100.0,13243628.0,2020,4,13,10,0,2020-04-13 10:00
90,5.19,5.25,5.29,5.19,1256300.0,6582494.0,2020,4,13,10,15,2020-04-13 10:15
91,5.25,5.23,5.28,5.22,678800.0,3562888.0,2020,4,13,10,30,2020-04-13 10:30
92,5.24,5.24,5.26,5.23,334900.0,1755286.0,2020,4,13,10,45,2020-04-13 10:45
93,5.24,5.24,5.24,5.19,482000.0,2515604.0,2020,4,13,11,0,2020-04-13 11:00
94,5.24,5.23,5.26,5.22,270000.0,1413608.0,2020,4,13,11,15,2020-04-13 11:15
95,5.23,5.23,5.24,5.22,214700.0,1122744.0,2020,4,13,11,30,2020-04-13 11:30
96,5.22,5.22,5.24,5.22,260300.0,1361892.0,2020,4,13,13,15,2020-04-13 13:15
97,5.22,5.2,5.22,5.2,324300.0,1690356.0,2020,4,13,13,30,2020-04-13 13:30
98,5.21,5.24,5.27,5.19,539200.0,2818552.0,2020,4,13,13,45,2020-04-13 13:45
99,5.24,5.29,5.3,5.22,528100.0,2775868.0,2020,4,13,14,0,2020-04-13 14:00
100,5.28,5.27,5.29,5.25,381000.0,2008704.0,2020,4,13,14,15,2020-04-13 14:15
101,5.27,5.27,5.28,5.25,266800.0,1403696.0,2020,4,13,14,30,2020-04-13 14:30
102,5.27,5.25,5.27,5.21,455700.0,2389228.0,2020,4,13,14,45,2020-04-13 14:45
103,5.24,5.27,5.27,5.23,1143900.0,6006096.0,2020,4,13,15,0,2020-04-13 15:00
104,5.31,5.27,5.31,5.24,1381000.0,7292582.0,2020,4,14,9,45,2020-04-14 09:45
105,5.26,5.3,5.32,5.26,930200.0,4922967.0,2020,4,14,10,0,2020-04-14 10:00
106,5.31,5.31,5.32,5.28,1407500.0,7456657.0,2020,4,14,10,15,2020-04-14 10:15
107,5.31,5.29,5.31,5.28,451500.0,2392376.0,2020,4,14,10,30,2020-04-14 10:30
108,5.29,5.3,5.31,5.28,533900.0,2828190.0,2020,4,14,10,45,2020-04-14 10:45
109,5.31,5.35,5.35,5.3,591200.0,3145492.0,2020,4,14,11,0,2020-04-14 11:00
110,5.35,5.35,5.36,5.33,789600.0,4225154.0,2020,4,14,11,15,2020-04-14 11:15
111,5.35,5.31,5.35,5.31,411200.0,2190998.0,2020,4,14,11,30,2020-04-14 11:30
112,5.32,5.3,5.32,5.29,263700.0,1398848.0,2020,4,14,13,15,2020-04-14 13:15
113,5.29,5.33,5.34,5.29,409200.0,2174920.0,2020,4,14,13,30,2020-04-14 13:30
114,5.33,5.34,5.35,5.32,470900.0,2512368.0,2020,4,14,13,45,2020-04-14 13:45
115,5.33,5.32,5.33,5.31,420900.0,2240024.0,2020,4,14,14,0,2020-04-14 14:00
116,5.32,5.31,5.33,5.31,317000.0,1685072.0,2020,4,14,14,15,2020-04-14 14:15
117,5.31,5.32,5.34,5.3,497400.0,2646532.0,2020,4,14,14,30,2020-04-14 14:30
118,5.33,5.32,5.33,5.3,753300.0,4002892.0,2020,4,14,14,45,2020-04-14 14:45
119,5.32,5.32,5.34,5.31,916800.0,4877412.0,2020,4,14,15,0,2020-04-14 15:00
120,5.29,5.26,5.31,5.25,1919800.0,10120910.0,2020,4,15,9,45,2020-04-15 09:45
121,5.27,5.38,5.41,5.26,2428100.0,13040910.0,2020,4,15,10,0,2020-04-15 10:00
122,5.38,5.41,5.45,5.36,2433400.0,13165636.0,2020,4,15,10,15,2020-04-15 10:15
123,5.41,5.39,5.41,5.36,885800.0,4773112.0,2020,4,15,10,30,2020-04-15 10:30
124,5.39,5.37,5.41,5.36,576200.0,3102052.0,2020,4,15,10,45,2020-04-15 10:45
125,5.36,5.37,5.37,5.34,384500.0,2057276.0,2020,4,15,11,0,2020-04-15 11:00
126,5.37,5.38,5.39,5.35,380400.0,2044528.0,2020,4,15,11,15,2020-04-15 11:15
127,5.38,5.37,5.38,5.36,312600.0,1678296.0,2020,4,15,11,30,2020-04-15 11:30
128,5.37,5.36,5.39,5.35,523400.0,2810348.0,2020,4,15,13,15,2020-04-15 13:15
129,5.36,5.33,5.36,5.32,488200.0,2605064.0,2020,4,15,13,30,2020-04-15 13:30
130,5.33,5.31,5.33,5.31,600700.0,3194152.0,2020,4,15,13,45,2020-04-15 13:45
131,5.31,5.29,5.32,5.29,522300.0,2772876.0,2020,4,15,14,0,2020-04-15 14:00
132,5.29,5.31,5.31,5.28,482800.0,2552680.0,2020,4,15,14,15,2020-04-15 14:15
133,5.31,5.3,5.31,5.27,518700.0,2742336.0,2020,4,15,14,30,2020-04-15 14:30
134,5.3,5.33,5.36,5.28,656300.0,3500752.0,2020,4,15,14,45,2020-04-15 14:45
135,5.33,5.33,5.35,5.29,732800.0,3903112.0,2020,4,15,15,0,2020-04-15 15:00
136,5.21,5.24,5.28,5.21,1786400.0,9359029.0,2020,4,16,9,45,2020-04-16 09:45
137,5.23,5.16,5.25,5.16,2018000.0,10515859.0,2020,4,16,10,0,2020-04-16 10:00
138,5.18,5.2,5.25,5.18,1025100.0,5337632.0,2020,4,16,10,15,2020-04-16 10:15
139,5.2,5.24,5.24,5.19,605600.0,3155570.0,2020,4,16,10,30,2020-04-16 10:30
140,5.24,5.25,5.27,5.23,457100.0,2398396.0,2020,4,16,10,45,2020-04-16 10:45
141,5.25,5.21,5.25,5.19,724300.0,3777018.0,2020,4,16,11,0,2020-04-16 11:00
142,5.2,5.19,5.22,5.18,977000.0,5069296.0,2020,4,16,11,15,2020-04-16 11:15
143,5.19,5.17,5.2,5.17,600100.0,3107796.0,2020,4,16,11,30,2020-04-16 11:30
144,5.17,5.17,5.19,5.16,821900.0,4251560.0,2020,4,16,13,15,2020-04-16 13:15
145,5.16,5.16,5.18,5.15,1079700.0,5571336.0,2020,4,16,13,30,2020-04-16 13:30
146,5.16,5.16,5.17,5.15,884900.0,4566616.0,2020,4,16,13,45,2020-04-16 13:45
147,5.16,5.18,5.19,5.15,906000.0,4681200.0,2020,4,16,14,0,2020-04-16 14:00
148,5.18,5.18,5.19,5.17,411700.0,2131072.0,2020,4,16,14,15,2020-04-16 14:15
149,5.18,5.18,5.19,5.16,838800.0,4335404.0,2020,4,16,14,30,2020-04-16 14:30
150,5.17,5.19,5.19,5.16,579100.0,2997280.0,2020,4,16,14,45,2020-04-16 14:45
151,5.19,5.16,5.19,5.16,1359100.0,7027024.0,2020,4,16,15,0,2020-04-16 15:00
152,5.22,5.19,5.22,5.17,1606700.0,8346341.0,2020,4,17,9,45,2020-04-17 09:45
153,5.19,5.27,5.3,5.19,2572500.0,13519007.0,2020,4,17,10,0,2020-04-17 10:00
154,5.28,5.26,5.3,5.25,1542000.0,8140542.0,2020,4,17,10,15,2020-04-17 10:15
155,5.25,5.27,5.29,5.25,822300.0,4332522.0,2020,4,17,10,30,2020-04-17 10:30
156,5.28,5.25,5.28,5.25,658700.0,3468296.0,2020,4,17,10,45,2020-04-17 10:45
157,5.25,5.23,5.25,5.22,785800.0,4111684.0,2020,4,17,11,0,2020-04-17 11:00
158,5.23,5.26,5.27,5.23,402500.0,2113844.0,2020,4,17,11,15,2020-04-17 11:15
159,5.3,5.37,5.37,5.28,2561200.0,13634548.0,2020,4,17,11,30,2020-04-17 11:30
160,5.37,5.35,5.42,5.35,1437200.0,7725688.0,2020,4,17,13,15,2020-04-17 13:15
161,5.36,5.34,5.37,5.33,536600.0,2871904.0,2020,4,17,13,30,2020-04-17 13:30
162,5.34,5.35,5.37,5.34,526400.0,2819120.0,2020,4,17,13,45,2020-04-17 13:45
163,5.36,5.38,5.41,5.35,1665400.0,8965632.0,2020,4,17,14,0,2020-04-17 14:00
164,5.38,5.34,5.38,5.33,711900.0,3809512.0,2020,4,17,14,15,2020-04-17 14:15
165,5.34,5.31,5.34,5.3,945400.0,5026264.0,2020,4,17,14,30,2020-04-17 14:30
166,5.31,5.32,5.35,5.31,778000.0,4144328.0,2020,4,17,14,45,2020-04-17 14:45
167,5.33,5.32,5.33,5.3,1208500.0,6422960.0,2020,4,17,15,0,2020-04-17 15:00
168,5.26,5.23,5.31,5.21,2549100.0,13355897.0,2020,4,20,9,45,2020-04-20 09:45
169,5.23,5.21,5.23,5.19,1159500.0,6040607.0,2020,4,20,10,0,2020-04-20 10:00
170,5.21,5.25,5.25,5.2,816900.0,4260250.0,2020,4,20,10,15,2020-04-20 10:15
171,5.25,5.23,5.26,5.22,448000.0,2347230.0,2020,4,20,10,30,2020-04-20 10:30
172,5.24,5.24,5.24,5.23,332500.0,1740394.0,2020,4,20,10,45,2020-04-20 10:45
173,5.24,5.24,5.26,5.23,332400.0,1742162.0,2020,4,20,11,0,2020-04-20 11:00
174,5.24,5.23,5.24,5.22,416200.0,2175748.0,2020,4,20,11,15,2020-04-20 11:15
175,5.23,5.23,5.24,5.23,215800.0,1130096.0,2020,4,20,11,30,2020-04-20 11:30
176,5.24,5.25,5.26,5.23,309200.0,1623320.0,2020,4,20,13,15,2020-04-20 13:15
177,5.25,5.22,5.25,5.22,412500.0,2158484.0,2020,4,20,13,30,2020-04-20 13:30
178,5.22,5.24,5.25,5.22,282300.0,1478892.0,2020,4,20,13,45,2020-04-20 13:45
179,5.24,5.24,5.25,5.24,433800.0,2274872.0,2020,4,20,14,0,2020-04-20 14:00
180,5.24,5.23,5.25,5.23,496100.0,2598572.0,2020,4,20,14,15,2020-04-20 14:15
181,5.24,5.23,5.24,5.22,643700.0,3366944.0,2020,4,20,14,30,2020-04-20 14:30
182,5.23,5.21,5.24,5.2,1206900.0,6292500.0,2020,4,20,14,45,2020-04-20 14:45
183,5.21,5.22,5.22,5.19,1391000.0,7248296.0,2020,4,20,15,0,2020-04-20 15:00
184,5.19,5.16,5.2,5.15,1517100.0,7844853.0,2020,4,21,9,45,2020-04-21 09:45
185,5.16,5.08,5.16,5.08,2458600.0,12591959.0,2020,4,21,10,0,2020-04-21 10:00
186,5.06,5.08,5.1,5.06,1658700.0,8426554.0,2020,4,21,10,15,2020-04-21 10:15
187,5.08,5.07,5.09,5.06,830400.0,4210736.0,2020,4,21,10,30,2020-04-21 10:30
188,5.07,5.06,5.07,5.04,996700.0,5034350.0,2020,4,21,10,45,2020-04-21 10:45
189,5.06,5.05,5.08,5.04,559600.0,2831244.0,2020,4,21,11,0,2020-04-21 11:00
190,5.05,5.05,5.06,5.04,444300.0,2241324.0,2020,4,21,11,15,2020-04-21 11:15
191,5.05,5.01,5.06,5.0,1279300.0,6417620.0,2020,4,21,11,30,2020-04-21 11:30
192,5.02,5.03,5.04,5.01,557100.0,2798696.0,2020,4,21,13,15,2020-04-21 13:15
193,5.04,5.05,5.06,5.02,438900.0,2212812.0,2020,4,21,13,30,2020-04-21 13:30
194,5.06,5.09,5.11,5.05,519800.0,2641536.0,2020,4,21,13,45,2020-04-21 13:45
195,5.08,5.06,5.09,5.05,255200.0,1293020.0,2020,4,21,14,0,2020-04-21 14:00
196,5.06,5.08,5.09,5.06,125600.0,637496.0,2020,4,21,14,15,2020-04-21 14:15
197,5.08,5.1,5.11,5.07,327500.0,1667628.0,2020,4,21,14,30,2020-04-21 14:30
198,5.1,5.1,5.11,5.09,439100.0,2241504.0,2020,4,21,14,45,2020-04-21 14:45
199,5.09,5.11,5.12,5.09,560700.0,2865108.0,2020,4,21,15,0,2020-04-21 15:00
200,5.1,5.04,5.1,5.01,893700.0,4500252.5,2020,4,22,9,45,2020-04-22 09:45
201,5.04,5.06,5.06,5.03,506500.0,2551743.0,2020,4,22,10,0,2020-04-22 10:00
202,5.05,5.05,5.05,5.03,389200.0,1961391.5,2020,4,22,10,15,2020-04-22 10:15
203,5.05,5.05,5.07,5.04,402100.0,2032251.0,2020,4,22,10,30,2020-04-22 10:30
204,5.05,5.05,5.05,5.04,196200.0,989502.0,2020,4,22,10,45,2020-04-22 10:45
205,5.05,5.07,5.07,5.05,290300.0,1467177.0,2020,4,22,11,0,2020-04-22 11:00
206,5.06,5.06,5.07,5.05,231000.0,1169461.0,2020,4,22,11,15,2020-04-22 11:15
207,5.06,5.04,5.06,5.03,366300.0,1847110.0,2020,4,22,11,30,2020-04-22 11:30
208,5.04,5.06,5.06,5.04,247200.0,1248094.0,2020,4,22,13,15,2020-04-22 13:15
209,5.06,5.12,5.12,5.05,639000.0,3250902.0,2020,4,22,13,30,2020-04-22 13:30
210,5.11,5.09,5.11,5.08,491700.0,2503698.0,2020,4,22,13,45,2020-04-22 13:45
211,5.1,5.07,5.1,5.06,508500.0,2579730.0,2020,4,22,14,0,2020-04-22 14:00
212,5.07,5.09,5.09,5.06,283200.0,1436980.0,2020,4,22,14,15,2020-04-22 14:15
213,5.08,5.1,5.1,5.08,321200.0,1635066.0,2020,4,22,14,30,2020-04-22 14:30
214,5.1,5.1,5.12,5.08,657900.0,3357676.0,2020,4,22,14,45,2020-04-22 14:45
215,5.12,5.12,5.12,5.09,874600.0,4467570.0,2020,4,22,15,0,2020-04-22 15:00
216,5.12,5.12,5.14,5.11,1099700.0,5629236.0,2020,4,23,9,45,2020-04-23 09:45
217,5.12,5.1,5.15,5.1,820900.0,4205735.0,2020,4,23,10,0,2020-04-23 10:00
218,5.1,5.09,5.11,5.08,528100.0,2689180.0,2020,4,23,10,15,2020-04-23 10:15
219,5.09,5.09,5.1,5.06,557100.0,2828006.0,2020,4,23,10,30,2020-04-23 10:30
220,5.08,5.08,5.1,5.07,230900.0,1174609.0,2020,4,23,10,45,2020-04-23 10:45
221,5.08,5.08,5.09,5.07,306900.0,1558844.0,2020,4,23,11,0,2020-04-23 11:00
222,5.09,5.07,5.09,5.07,202000.0,1026002.0,2020,4,23,11,15,2020-04-23 11:15
223,5.08,5.07,5.08,5.06,273300.0,1386470.0,2020,4,23,11,30,2020-04-23 11:30
224,5.07,5.08,5.09,5.07,231600.0,1175516.0,2020,4,23,13,15,2020-04-23 13:15
225,5.09,5.09,5.09,5.08,147300.0,748970.0,2020,4,23,13,30,2020-04-23 13:30
226,5.08,5.09,5.1,5.08,236800.0,1204746.0,2020,4,23,13,45,2020-04-23 13:45
227,5.09,5.1,5.12,5.08,336300.0,1715562.0,2020,4,23,14,0,2020-04-23 14:00
228,5.1,5.09,5.11,5.09,266000.0,1356590.0,2020,4,23,14,15,2020-04-23 14:15
229,5.09,5.08,5.1,5.08,321500.0,1636612.0,2020,4,23,14,30,2020-04-23 14:30
230,5.08,5.09,5.1,5.08,561200.0,2856132.0,2020,4,23,14,45,2020-04-23 14:45
231,5.09,5.06,5.09,5.05,1055000.0,5342562.0,2020,4,23,15,0,2020-04-23 15:00
232,5.07,5.05,5.07,5.04,550700.0,2781539.0,2020,4,24,9,45,2020-04-24 09:45
233,5.05,5.07,5.09,5.03,438700.0,2222074.0,2020,4,24,10,0,2020-04-24 10:00
234,5.07,5.08,5.08,5.06,348100.0,1766793.0,2020,4,24,10,15,2020-04-24 10:15
235,5.09,5.12,5.14,5.08,1268300.0,6487259.0,2020,4,24,10,30,2020-04-24 10:30
236,5.12,5.11,5.13,5.1,527200.0,2697459.0,2020,4,24,10,45,2020-04-24 10:45
237,5.11,5.11,5.11,5.1,282000.0,1440010.0,2020,4,24,11,0,2020-04-24 11:00
238,5.11,5.1,5.11,5.09,213200.0,1087874.0,2020,4,24,11,15,2020-04-24 11:15
239,5.1,5.08,5.1,5.08,248100.0,1262348.0,2020,4,24,11,30,2020-04-24 11:30
240,5.08,5.07,5.09,5.06,257600.0,1306200.0,2020,4,24,13,15,2020-04-24 13:15
241,5.08,5.06,5.08,5.06,259800.0,1316584.0,2020,4,24,13,30,2020-04-24 13:30
242,5.06,5.05,5.07,5.04,388500.0,1962894.0,2020,4,24,13,45,2020-04-24 13:45
243,5.05,5.05,5.06,5.04,196800.0,993132.0,2020,4,24,14,0,2020-04-24 14:00
244,5.05,5.04,5.05,5.03,328600.0,1655346.0,2020,4,24,14,15,2020-04-24 14:15
245,5.03,5.05,5.06,5.03,377700.0,1906666.0,2020,4,24,14,30,2020-04-24 14:30
246,5.04,5.06,5.06,5.03,401400.0,2022436.0,2020,4,24,14,45,2020-04-24 14:45
247,5.06,5.06,5.06,5.04,472200.0,2386656.0,2020,4,24,15,0,2020-04-24 15:00
248,5.06,5.03,5.08,5.03,764400.0,3860933.0,2020,4,27,9,45,2020-04-27 09:45
249,5.03,5.06,5.06,5.03,422500.0,2132822.0,2020,4,27,10,0,2020-04-27 10:00
250,5.06,5.09,5.09,5.05,530600.0,2688535.0,2020,4,27,10,15,2020-04-27 10:15
251,5.09,5.07,5.09,5.07,265500.0,1349023.0,2020,4,27,10,30,2020-04-27 10:30
252,5.08,5.08,5.08,5.06,289700.0,1470166.0,2020,4,27,10,45,2020-04-27 10:45
253,5.08,5.06,5.08,5.06,239000.0,1211647.0,2020,4,27,11,0,2020-04-27 11:00
254,5.06,5.05,5.07,5.0,1020200.0,5133392.0,2020,4,27,11,15,2020-04-27 11:15
255,5.04,5.04,5.06,5.04,111100.0,560446.0,2020,4,27,11,30,2020-04-27 11:30
256,5.06,5.05,5.08,5.03,248400.0,1255340.0,2020,4,27,13,15,2020-04-27 13:15
257,5.05,5.03,5.06,5.03,91900.0,463436.0,2020,4,27,13,30,2020-04-27 13:30
258,5.04,5.04,5.05,5.03,226600.0,1141658.0,2020,4,27,13,45,2020-04-27 13:45
259,5.04,5.04,5.05,5.04,151400.0,763506.0,2020,4,27,14,0,2020-04-27 14:00
260,5.04,5.02,5.04,5.01,369900.0,1858542.0,2020,4,27,14,15,2020-04-27 14:15
261,5.02,5.02,5.03,5.01,180700.0,907240.0,2020,4,27,14,30,2020-04-27 14:30
262,5.01,5.01,5.03,5.0,280500.0,1405796.0,2020,4,27,14,45,2020-04-27 14:45
263,5.0,5.0,5.01,4.99,892300.0,4462842.0,2020,4,27,15,0,2020-04-27 15:00
264,4.99,4.92,5.0,4.91,935600.0,4635435.0,2020,4,28,9,45,2020-04-28 09:45
265,4.92,4.75,4.92,4.75,2519000.0,12154413.0,2020,4,28,10,0,2020-04-28 10:00
266,4.76,4.8,4.83,4.72,1303800.0,6224344.0,2020,4,28,10,15,2020-04-28 10:15
267,4.81,4.81,4.85,4.81,562200.0,2712440.0,2020,4,28,10,30,2020-04-28 10:30
268,4.81,4.87,4.88,4.81,500700.0,2429258.0,2020,4,28,10,45,2020-04-28 10:45
269,4.87,4.85,4.89,4.85,687800.0,3349644.0,2020,4,28,11,0,2020-04-28 11:00
270,4.88,4.87,4.89,4.86,218400.0,1065992.0,2020,4,28,11,15,2020-04-28 11:15
271,4.87,4.88,4.91,4.87,244600.0,1196362.0,2020,4,28,11,30,2020-04-28 11:30
272,4.89,4.89,4.9,4.88,223000.0,1090176.0,2020,4,28,13,15,2020-04-28 13:15
273,4.9,4.89,4.9,4.89,116600.0,570572.0,2020,4,28,13,30,2020-04-28 13:30
274,4.89,4.87,4.9,4.87,254400.0,1240548.0,2020,4,28,13,45,2020-04-28 13:45
275,4.88,4.88,4.89,4.87,127700.0,623040.0,2020,4,28,14,0,2020-04-28 14:00
276,4.89,4.87,4.89,4.87,234500.0,1143432.0,2020,4,28,14,15,2020-04-28 14:15
277,4.88,4.86,4.88,4.86,208200.0,1013932.0,2020,4,28,14,30,2020-04-28 14:30
278,4.87,4.84,4.87,4.83,477200.0,2315028.0,2020,4,28,14,45,2020-04-28 14:45
279,4.83,4.87,4.88,4.83,556300.0,2704028.0,2020,4,28,15,0,2020-04-28 15:00
280,4.82,4.88,4.89,4.82,411300.0,1999301.0,2020,4,29,9,45,2020-04-29 09:45
281,4.88,4.88,4.89,4.87,416900.0,2032653.0,2020,4,29,10,0,2020-04-29 10:00
282,4.88,4.87,4.88,4.86,273300.0,1330847.0,2020,4,29,10,15,2020-04-29 10:15
283,4.87,4.91,4.92,4.87,362600.0,1774090.0,2020,4,29,10,30,2020-04-29 10:30
284,4.91,4.89,4.91,4.88,194600.0,952836.0,2020,4,29,10,45,2020-04-29 10:45
285,4.89,4.88,4.89,4.87,124800.0,609295.0,2020,4,29,11,0,2020-04-29 11:00
286,4.88,4.88,4.9,4.88,90500.0,442385.0,2020,4,29,11,15,2020-04-29 11:15
287,4.88,4.87,4.88,4.87,65400.0,318936.0,2020,4,29,11,30,2020-04-29 11:30
288,4.87,4.87,4.88,4.87,73100.0,356359.0,2020,4,29,13,15,2020-04-29 13:15
289,4.87,4.88,4.89,4.87,112300.0,548297.0,2020,4,29,13,30,2020-04-29 13:30
290,4.88,4.86,4.88,4.85,249700.0,1213544.0,2020,4,29,13,45,2020-04-29 13:45
291,4.86,4.86,4.86,4.85,161400.0,783375.0,2020,4,29,14,0,2020-04-29 14:00
292,4.86,4.87,4.88,4.85,174800.0,850052.0,2020,4,29,14,15,2020-04-29 14:15
293,4.86,4.86,4.87,4.85,186500.0,905942.0,2020,4,29,14,30,2020-04-29 14:30
294,4.85,4.85,4.87,4.85,205500.0,997448.0,2020,4,29,14,45,2020-04-29 14:45
295,4.85,4.86,4.86,4.84,449600.0,2181704.0,2020,4,29,15,0,2020-04-29 15:00
296,4.89,4.92,4.92,4.88,485000.0,2378934.75,2020,4,30,9,45,2020-04-30 09:45
297,4.92,4.98,4.98,4.9,921800.0,4562646.0,2020,4,30,10,0,2020-04-30 10:00
298,4.98,4.96,4.98,4.95,415900.0,2064244.0,2020,4,30,10,15,2020-04-30 10:15
299,4.96,4.96,4.97,4.96,130000.0,645456.0,2020,4,30,10,30,2020-04-30 10:30
300,4.97,4.98,4.98,4.95,393600.0,1953824.0,2020,4,30,10,45,2020-04-30 10:45
301,4.97,4.98,4.98,4.97,153400.0,763759.0,2020,4,30,11,0,2020-04-30 11:00
302,4.98,4.99,5.0,4.97,294300.0,1466624.0,2020,4,30,11,15,2020-04-30 11:15
303,4.99,4.97,4.99,4.97,110800.0,551797.0,2020,4,30,11,30,2020-04-30 11:30
304,4.98,4.98,4.99,4.97,247500.0,1233178.0,2020,4,30,13,15,2020-04-30 13:15
305,4.98,4.97,4.99,4.96,198600.0,987696.0,2020,4,30,13,30,2020-04-30 13:30
306,4.97,4.99,5.0,4.97,173400.0,864065.0,2020,4,30,13,45,2020-04-30 13:45
307,5.0,5.0,5.0,4.98,194200.0,969494.0,2020,4,30,14,0,2020-04-30 14:00
308,5.0,4.99,5.0,4.99,123100.0,614480.0,2020,4,30,14,15,2020-04-30 14:15
309,5.0,5.0,5.0,4.99,284700.0,1421452.0,2020,4,30,14,30,2020-04-30 14:30
310,5.0,4.99,5.01,4.98,539200.0,2695084.0,2020,4,30,14,45,2020-04-30 14:45
311,4.98,5.0,5.0,4.98,637500.0,3182726.0,2020,4,30,15,0,2020-04-30 15:00
312,5.0,5.04,5.13,5.0,2170900.0,10987845.0,2020,5,6,9,45,2020-05-06 09:45
313,5.04,5.07,5.07,5.03,492300.0,2484242.0,2020,5,6,10,0,2020-05-06 10:00
314,5.07,5.07,5.08,5.05,396400.0,2007358.0,2020,5,6,10,15,2020-05-06 10:15
315,5.06,5.05,5.06,5.04,265100.0,1339961.0,2020,5,6,10,30,2020-05-06 10:30
316,5.05,5.08,5.09,5.04,463100.0,2348610.0,2020,5,6,10,45,2020-05-06 10:45
317,5.06,5.07,5.08,5.06,169100.0,857342.0,2020,5,6,11,0,2020-05-06 11:00
318,5.07,5.09,5.09,5.07,257500.0,1308784.0,2020,5,6,11,15,2020-05-06 11:15
319,5.09,5.09,5.1,5.08,190800.0,970604.0,2020,5,6,11,30,2020-05-06 11:30
320,5.1,5.08,5.1,5.07,286200.0,1455936.0,2020,5,6,13,15,2020-05-06 13:15
321,5.07,5.07,5.08,5.05,248600.0,1258902.0,2020,5,6,13,30,2020-05-06 13:30
322,5.07,5.07,5.08,5.06,261500.0,1326054.0,2020,5,6,13,45,2020-05-06 13:45
323,5.08,5.08,5.09,5.08,133000.0,675922.0,2020,5,6,14,0,2020-05-06 14:00
324,5.08,5.08,5.09,5.07,212300.0,1077290.0,2020,5,6,14,15,2020-05-06 14:15
325,5.08,5.08,5.08,5.07,338500.0,1718358.0,2020,5,6,14,30,2020-05-06 14:30
326,5.08,5.11,5.12,5.08,987800.0,5040068.0,2020,5,6,14,45,2020-05-06 14:45
327,5.11,5.1,5.12,5.09,601600.0,3069364.0,2020,5,6,15,0,2020-05-06 15:00
328,5.11,5.09,5.11,5.05,1035500.0,5258920.0,2020,5,7,9,45,2020-05-07 09:45
329,5.08,5.09,5.1,5.06,409200.0,2077839.0,2020,5,7,10,0,2020-05-07 10:00
330,5.08,5.07,5.09,5.06,596800.0,3027929.0,2020,5,7,10,15,2020-05-07 10:15
331,5.08,5.07,5.08,5.06,247500.0,1254504.0,2020,5,7,10,30,2020-05-07 10:30
332,5.07,5.07,5.08,5.06,154900.0,785862.0,2020,5,7,10,45,2020-05-07 10:45
333,5.07,5.07,5.09,5.07,126300.0,641817.0,2020,5,7,11,0,2020-05-07 11:00
334,5.08,5.07,5.09,5.07,111000.0,563696.0,2020,5,7,11,15,2020-05-07 11:15
335,5.07,5.07,5.08,5.05,763200.0,3864097.0,2020,5,7,11,30,2020-05-07 11:30
336,5.04,5.04,5.08,5.03,547400.0,2763252.0,2020,5,7,13,15,2020-05-07 13:15
337,5.04,5.02,5.04,5.02,640700.0,3221500.0,2020,5,7,13,30,2020-05-07 13:30
338,5.02,5.03,5.04,5.02,411300.0,2066820.0,2020,5,7,13,45,2020-05-07 13:45
339,5.03,5.03,5.04,5.03,183200.0,921640.0,2020,5,7,14,0,2020-05-07 14:00
340,5.03,5.03,5.04,5.02,286100.0,1439564.0,2020,5,7,14,15,2020-05-07 14:15
341,5.03,5.04,5.05,5.03,206700.0,1042768.0,2020,5,7,14,30,2020-05-07 14:30
342,5.05,5.04,5.06,5.03,235800.0,1187936.0,2020,5,7,14,45,2020-05-07 14:45
343,5.04,5.04,5.05,5.02,478400.0,2408022.0,2020,5,7,15,0,2020-05-07 15:00
344,5.11,5.08,5.12,5.08,1628700.0,8310809.0,2020,5,8,9,45,2020-05-08 09:45
345,5.08,5.1,5.1,5.08,460900.0,2346729.0,2020,5,8,10,0,2020-05-08 10:00
346,5.1,5.1,5.11,5.09,558000.0,2844778.0,2020,5,8,10,15,2020-05-08 10:15
347,5.09,5.11,5.11,5.09,191700.0,977257.0,2020,5,8,10,30,2020-05-08 10:30
348,5.1,5.1,5.11,5.09,358700.0,1829589.0,2020,5,8,10,45,2020-05-08 10:45
349,5.09,5.11,5.12,5.09,420700.0,2151152.0,2020,5,8,11,0,2020-05-08 11:00
350,5.11,5.13,5.16,5.1,1729600.0,8875104.0,2020,5,8,11,15,2020-05-08 11:15
351,5.14,5.16,5.18,5.13,1335700.0,6895994.0,2020,5,8,11,30,2020-05-08 11:30
352,5.15,5.16,5.18,5.15,739000.0,3816388.0,2020,5,8,13,15,2020-05-08 13:15
353,5.16,5.2,5.23,5.16,1467100.0,7622680.0,2020,5,8,13,30,2020-05-08 13:30
354,5.2,5.19,5.2,5.18,487700.0,2532356.0,2020,5,8,13,45,2020-05-08 13:45
355,5.2,5.2,5.21,5.18,645300.0,3351864.0,2020,5,8,14,0,2020-05-08 14:00
356,5.2,5.18,5.2,5.18,333700.0,1731224.0,2020,5,8,14,15,2020-05-08 14:15
357,5.18,5.17,5.18,5.16,368500.0,1903936.0,2020,5,8,14,30,2020-05-08 14:30
358,5.17,5.21,5.21,5.17,1362000.0,7071360.0,2020,5,8,14,45,2020-05-08 14:45
359,5.21,5.2,5.22,5.19,1227700.0,6386564.0,2020,5,8,15,0,2020-05-08 15:00
360,5.2,5.17,5.23,5.15,1721500.0,8913722.0,2020,5,11,9,45,2020-05-11 09:45
361,5.18,5.18,5.22,5.17,602800.0,3128845.0,2020,5,11,10,0,2020-05-11 10:00
362,5.18,5.19,5.2,5.17,559900.0,2904212.0,2020,5,11,10,15,2020-05-11 10:15
363,5.19,5.18,5.2,5.17,439700.0,2280147.0,2020,5,11,10,30,2020-05-11 10:30
364,5.17,5.19,5.19,5.17,233800.0,1211308.0,2020,5,11,10,45,2020-05-11 10:45
365,5.19,5.18,5.19,5.18,171800.0,890498.0,2020,5,11,11,0,2020-05-11 11:00
366,5.18,5.2,5.2,5.18,567100.0,2946884.0,2020,5,11,11,15,2020-05-11 11:15
367,5.2,5.18,5.21,5.18,228700.0,1188504.0,2020,5,11,11,30,2020-05-11 11:30
368,5.18,5.16,5.19,5.16,402100.0,2081108.0,2020,5,11,13,15,2020-05-11 13:15
369,5.16,5.17,5.17,5.15,190900.0,985264.0,2020,5,11,13,30,2020-05-11 13:30
370,5.17,5.19,5.19,5.16,264100.0,1366598.0,2020,5,11,13,45,2020-05-11 13:45
371,5.18,5.16,5.18,5.16,224900.0,1163008.0,2020,5,11,14,0,2020-05-11 14:00
372,5.17,5.15,5.17,5.14,214300.0,1104528.0,2020,5,11,14,15,2020-05-11 14:15
373,5.15,5.14,5.15,5.13,269700.0,1384732.0,2020,5,11,14,30,2020-05-11 14:30
374,5.14,5.16,5.16,5.14,126200.0,649706.0,2020,5,11,14,45,2020-05-11 14:45
375,5.15,5.16,5.17,5.15,296800.0,1530960.0,2020,5,11,15,0,2020-05-11 15:00
376,5.17,5.12,5.17,5.12,504900.0,2593601.75,2020,5,12,9,45,2020-05-12 09:45
377,5.12,5.13,5.14,5.1,416300.0,2130088.25,2020,5,12,10,0,2020-05-12 10:00
378,5.13,5.12,5.13,5.11,269000.0,1375773.0,2020,5,12,10,15,2020-05-12 10:15
379,5.11,5.1,5.12,5.09,452300.0,2309022.0,2020,5,12,10,30,2020-05-12 10:30
380,5.11,5.09,5.11,5.09,357700.0,1821551.0,2020,5,12,10,45,2020-05-12 10:45
381,5.08,5.09,5.1,5.08,162700.0,827815.0,2020,5,12,11,0,2020-05-12 11:00
382,5.09,5.07,5.1,5.07,386300.0,1960420.0,2020,5,12,11,15,2020-05-12 11:15
383,5.07,5.04,5.07,5.03,637500.0,3221416.0,2020,5,12,11,30,2020-05-12 11:30
384,5.04,5.06,5.06,5.03,314500.0,1586081.0,2020,5,12,13,15,2020-05-12 13:15
385,5.06,5.08,5.08,5.05,94700.0,479862.0,2020,5,12,13,30,2020-05-12 13:30
386,5.08,5.08,5.09,5.07,117800.0,598150.0,2020,5,12,13,45,2020-05-12 13:45
387,5.08,5.08,5.09,5.07,123000.0,625354.0,2020,5,12,14,0,2020-05-12 14:00
388,5.08,5.07,5.09,5.06,139800.0,709172.0,2020,5,12,14,15,2020-05-12 14:15
389,5.06,5.07,5.07,5.06,255500.0,1293768.0,2020,5,12,14,30,2020-05-12 14:30
390,5.06,5.08,5.1,5.06,164400.0,835328.0,2020,5,12,14,45,2020-05-12 14:45
391,5.09,5.09,5.1,5.08,402800.0,2050744.0,2020,5,12,15,0,2020-05-12 15:00
392,5.12,5.13,5.15,5.07,910700.0,4664733.0,2020,5,13,9,45,2020-05-13 09:45
393,5.13,5.12,5.13,5.1,430300.0,2199052.0,2020,5,13,10,0,2020-05-13 10:00
394,5.12,5.13,5.14,5.11,349100.0,1791314.0,2020,5,13,10,15,2020-05-13 10:15
395,5.13,5.12,5.14,5.12,112000.0,574023.0,2020,5,13,10,30,2020-05-13 10:30
396,5.12,5.13,5.14,5.11,180600.0,924907.0,2020,5,13,10,45,2020-05-13 10:45
397,5.13,5.14,5.14,5.13,149500.0,767113.0,2020,5,13,11,0,2020-05-13 11:00
398,5.13,5.17,5.2,5.12,1016600.0,5251114.0,2020,5,13,11,15,2020-05-13 11:15
399,5.17,5.19,5.19,5.16,809100.0,4190544.0,2020,5,13,11,30,2020-05-13 11:30
400,5.19,5.18,5.22,5.18,1183700.0,6158370.0,2020,5,13,13,15,2020-05-13 13:15
401,5.18,5.18,5.2,5.16,222800.0,1155268.0,2020,5,13,13,30,2020-05-13 13:30
402,5.19,5.18,5.19,5.17,186800.0,968366.0,2020,5,13,13,45,2020-05-13 13:45
403,5.17,5.17,5.18,5.16,170900.0,883880.0,2020,5,13,14,0,2020-05-13 14:00
404,5.17,5.19,5.2,5.17,246100.0,1276350.0,2020,5,13,14,15,2020-05-13 14:15
405,5.19,5.19,5.2,5.17,293700.0,1523086.0,2020,5,13,14,30,2020-05-13 14:30
406,5.18,5.19,5.19,5.18,262000.0,1358780.0,2020,5,13,14,45,2020-05-13 14:45
407,5.18,5.19,5.2,5.17,598700.0,3105944.0,2020,5,13,15,0,2020-05-13 15:00
408,5.19,5.23,5.26,5.16,1583500.0,8267164.0,2020,5,14,9,45,2020-05-14 09:45
409,5.22,5.2,5.22,5.18,658100.0,3421508.0,2020,5,14,10,0,2020-05-14 10:00
410,5.2,5.22,5.22,5.2,330700.0,1721665.0,2020,5,14,10,15,2020-05-14 10:15
411,5.21,5.21,5.22,5.21,362800.0,1892840.0,2020,5,14,10,30,2020-05-14 10:30
412,5.21,5.19,5.22,5.17,610000.0,3165239.0,2020,5,14,10,45,2020-05-14 10:45
413,5.18,5.18,5.19,5.17,237300.0,1229690.0,2020,5,14,11,0,2020-05-14 11:00
414,5.19,5.2,5.2,5.17,323700.0,1676346.0,2020,5,14,11,15,2020-05-14 11:15
415,5.2,5.19,5.2,5.18,145200.0,753300.0,2020,5,14,11,30,2020-05-14 11:30
416,5.19,5.16,5.19,5.15,323700.0,1672206.0,2020,5,14,13,15,2020-05-14 13:15
417,5.16,5.14,5.16,5.13,457600.0,2354752.0,2020,5,14,13,30,2020-05-14 13:30
418,5.14,5.14,5.15,5.12,602200.0,3091954.0,2020,5,14,13,45,2020-05-14 13:45
419,5.14,5.14,5.15,5.13,145600.0,748532.0,2020,5,14,14,0,2020-05-14 14:00
420,5.15,5.14,5.15,5.12,238000.0,1222100.0,2020,5,14,14,15,2020-05-14 14:15
421,5.14,5.14,5.15,5.13,171000.0,878272.0,2020,5,14,14,30,2020-05-14 14:30
422,5.14,5.12,5.14,5.12,263600.0,1352720.0,2020,5,14,14,45,2020-05-14 14:45
423,5.12,5.1,5.13,5.1,777800.0,3975572.0,2020,5,14,15,0,2020-05-14 15:00
424,5.17,5.16,5.17,5.11,1004500.0,5167699.0,2020,5,15,9,45,2020-05-15 09:45
425,5.16,5.19,5.21,5.14,936200.0,4855228.0,2020,5,15,10,0,2020-05-15 10:00
426,5.19,5.14,5.19,5.14,535100.0,2764151.0,2020,5,15,10,15,2020-05-15 10:15
427,5.14,5.14,5.15,5.13,312500.0,1604952.0,2020,5,15,10,30,2020-05-15 10:30
428,5.14,5.15,5.16,5.14,279800.0,1440634.0,2020,5,15,10,45,2020-05-15 10:45
429,5.15,5.14,5.15,5.12,389200.0,1998736.0,2020,5,15,11,0,2020-05-15 11:00
430,5.14,5.16,5.17,5.14,269200.0,1388030.0,2020,5,15,11,15,2020-05-15 11:15
431,5.16,5.2,5.21,5.15,856800.0,4444042.0,2020,5,15,11,30,2020-05-15 11:30
432,5.21,5.21,5.23,5.18,1197400.0,6226660.0,2020,5,15,13,15,2020-05-15 13:15
433,5.21,5.21,5.23,5.19,929500.0,4845848.0,2020,5,15,13,30,2020-05-15 13:30
434,5.21,5.28,5.31,5.19,4096300.0,21571216.0,2020,5,15,13,45,2020-05-15 13:45
435,5.28,5.26,5.29,5.26,507500.0,2675892.0,2020,5,15,14,0,2020-05-15 14:00
436,5.26,5.26,5.29,5.26,865000.0,4565148.0,2020,5,15,14,15,2020-05-15 14:15
437,5.26,5.27,5.28,5.25,448000.0,2357664.0,2020,5,15,14,30,2020-05-15 14:30
438,5.27,5.25,5.28,5.23,665000.0,3493780.0,2020,5,15,14,45,2020-05-15 14:45
439,5.25,5.25,5.27,5.24,1374700.0,7231352.0,2020,5,15,15,0,2020-05-15 15:00
440,5.4,5.4,5.43,5.29,5113200.0,27473716.0,2020,5,18,9,45,2020-05-18 09:45
441,5.39,5.38,5.41,5.36,1217300.0,6561660.0,2020,5,18,10,0,2020-05-18 10:00
442,5.38,5.35,5.38,5.32,1395000.0,7460968.0,2020,5,18,10,15,2020-05-18 10:15
443,5.35,5.32,5.37,5.32,807400.0,4316528.0,2020,5,18,10,30,2020-05-18 10:30
444,5.33,5.34,5.35,5.32,502900.0,2682260.0,2020,5,18,10,45,2020-05-18 10:45
445,5.34,5.34,5.35,5.31,650800.0,3465284.0,2020,5,18,11,0,2020-05-18 11:00
446,5.34,5.32,5.35,5.31,671800.0,3579572.0,2020,5,18,11,15,2020-05-18 11:15
447,5.32,5.34,5.34,5.31,384500.0,2048692.0,2020,5,18,11,30,2020-05-18 11:30
448,5.34,5.35,5.36,5.34,521600.0,2791268.0,2020,5,18,13,15,2020-05-18 13:15
449,5.35,5.35,5.36,5.34,197900.0,1059216.0,2020,5,18,13,30,2020-05-18 13:30
450,5.36,5.35,5.36,5.34,333900.0,1786436.0,2020,5,18,13,45,2020-05-18 13:45
451,5.35,5.37,5.37,5.35,827200.0,4432920.0,2020,5,18,14,0,2020-05-18 14:00
452,5.37,5.39,5.43,5.35,2422900.0,13056864.0,2020,5,18,14,15,2020-05-18 14:15
453,5.39,5.49,5.5,5.39,2479000.0,13484744.0,2020,5,18,14,30,2020-05-18 14:30
454,5.49,5.42,5.52,5.41,1948700.0,10664368.0,2020,5,18,14,45,2020-05-18 14:45
455,5.42,5.43,5.44,5.39,1495100.0,8103120.0,2020,5,18,15,0,2020-05-18 15:00
456,5.42,5.35,5.42,5.33,2699800.0,14490894.0,2020,5,19,9,45,2020-05-19 09:45
457,5.35,5.35,5.36,5.31,1687600.0,9001912.0,2020,5,19,10,0,2020-05-19 10:00
458,5.35,5.33,5.36,5.32,543500.0,2904392.0,2020,5,19,10,15,2020-05-19 10:15
459,5.33,5.34,5.35,5.33,282600.0,1509748.0,2020,5,19,10,30,2020-05-19 10:30
460,5.34,5.32,5.36,5.31,881500.0,4701618.0,2020,5,19,10,45,2020-05-19 10:45
461,5.32,5.32,5.33,5.31,646600.0,3437004.0,2020,5,19,11,0,2020-05-19 11:00
462,5.32,5.31,5.33,5.29,869300.0,4614000.0,2020,5,19,11,15,2020-05-19 11:15
463,5.31,5.31,5.31,5.29,574800.0,3045272.0,2020,5,19,11,30,2020-05-19 11:30
464,5.31,5.32,5.33,5.29,658700.0,3500148.0,2020,5,19,13,15,2020-05-19 13:15
465,5.32,5.32,5.34,5.31,525000.0,2796424.0,2020,5,19,13,30,2020-05-19 13:30
466,5.32,5.32,5.34,5.31,575500.0,3063224.0,2020,5,19,13,45,2020-05-19 13:45
467,5.32,5.55,5.55,5.31,4407700.0,24051420.0,2020,5,19,14,0,2020-05-19 14:00
468,5.56,5.47,5.56,5.45,2214400.0,12194616.0,2020,5,19,14,15,2020-05-19 14:15
469,5.46,5.45,5.51,5.44,982400.0,5374480.0,2020,5,19,14,30,2020-05-19 14:30
470,5.45,5.45,5.46,5.43,740700.0,4030072.0,2020,5,19,14,45,2020-05-19 14:45
471,5.45,5.49,5.5,5.44,1627700.0,8919024.0,2020,5,19,15,0,2020-05-19 15:00
472,5.53,5.65,5.7,5.5,7897000.0,44232240.0,2020,5,20,9,45,2020-05-20 09:45
473,5.65,5.56,5.65,5.52,2524600.0,14106072.0,2020,5,20,10,0,2020-05-20 10:00
474,5.55,5.55,5.59,5.53,1326300.0,7373832.0,2020,5,20,10,15,2020-05-20 10:15
475,5.54,5.52,5.57,5.5,1351300.0,7474184.0,2020,5,20,10,30,2020-05-20 10:30
476,5.51,5.54,5.54,5.49,693900.0,3819688.0,2020,5,20,10,45,2020-05-20 10:45
477,5.53,5.55,5.58,5.53,609800.0,3387936.0,2020,5,20,11,0,2020-05-20 11:00
478,5.55,5.52,5.55,5.52,247800.0,1370864.0,2020,5,20,11,15,2020-05-20 11:15
479,5.52,5.52,5.53,5.5,389000.0,2144576.0,2020,5,20,11,30,2020-05-20 11:30
480,5.53,5.49,5.56,5.48,706600.0,3894824.0,2020,5,20,13,15,2020-05-20 13:15
481,5.49,5.51,5.52,5.48,515000.0,2831656.0,2020,5,20,13,30,2020-05-20 13:30
482,5.51,5.45,5.51,5.44,775200.0,4243176.0,2020,5,20,13,45,2020-05-20 13:45
483,5.45,5.44,5.47,5.43,733200.0,3991728.0,2020,5,20,14,0,2020-05-20 14:00
484,5.44,5.37,5.44,5.36,1004000.0,5416656.0,2020,5,20,14,15,2020-05-20 14:15
485,5.37,5.42,5.43,5.35,734600.0,3961048.0,2020,5,20,14,30,2020-05-20 14:30
486,5.42,5.37,5.45,5.37,676600.0,3659992.0,2020,5,20,14,45,2020-05-20 14:45
487,5.37,5.4,5.43,5.37,1044000.0,5643888.0,2020,5,20,15,0,2020-05-20 15:00
488,5.41,5.43,5.53,5.41,4060700.0,22198296.0,2020,5,21,9,45,2020-05-21 09:45
489,5.45,5.39,5.47,5.39,2729100.0,14789340.0,2020,5,21,10,0,2020-05-21 10:00
490,5.39,5.42,5.46,5.39,1177300.0,6387988.0,2020,5,21,10,15,2020-05-21 10:15
491,5.41,5.43,5.43,5.39,600500.0,3247340.0,2020,5,21,10,30,2020-05-21 10:30
492,5.43,5.46,5.47,5.42,549200.0,2992516.0,2020,5,21,10,45,2020-05-21 10:45
493,5.45,5.47,5.48,5.45,447000.0,2442780.0,2020,5,21,11,0,2020-05-21 11:00
494,5.47,5.45,5.48,5.45,280200.0,1530816.0,2020,5,21,11,15,2020-05-21 11:15
495,5.46,5.44,5.46,5.43,230000.0,1253680.0,2020,5,21,11,30,2020-05-21 11:30
496,5.44,5.47,5.47,5.44,472300.0,2577524.0,2020,5,21,13,15,2020-05-21 13:15
497,5.47,5.48,5.52,5.47,1215300.0,6683568.0,2020,5,21,13,30,2020-05-21 13:30
498,5.47,5.49,5.52,5.47,590500.0,3242552.0,2020,5,21,13,45,2020-05-21 13:45
499,5.49,5.49,5.5,5.46,596800.0,3272704.0,2020,5,21,14,0,2020-05-21 14:00
500,5.48,5.6,5.65,5.47,4176000.0,23297504.0,2020,5,21,14,15,2020-05-21 14:15
501,5.59,5.64,5.67,5.55,5042500.0,28365352.0,2020,5,21,14,30,2020-05-21 14:30
502,5.63,5.63,5.65,5.58,2147200.0,12056520.0,2020,5,21,14,45,2020-05-21 14:45
503,5.63,5.66,5.69,5.63,4557300.0,25810208.0,2020,5,21,15,0,2020-05-21 15:00
504,5.69,5.65,5.77,5.6,7530800.0,42751596.0,2020,5,22,9,45,2020-05-22 09:45
505,5.63,5.8,5.81,5.61,4258300.0,24383692.0,2020,5,22,10,0,2020-05-22 10:00
506,5.8,5.85,5.85,5.74,4935800.0,28663752.0,2020,5,22,10,15,2020-05-22 10:15
507,5.85,5.75,5.86,5.74,2433800.0,14135896.0,2020,5,22,10,30,2020-05-22 10:30
508,5.75,5.69,5.78,5.68,1559100.0,8935416.0,2020,5,22,10,45,2020-05-22 10:45
509,5.69,5.69,5.72,5.63,930600.0,5276464.0,2020,5,22,11,0,2020-05-22 11:00
510,5.69,5.61,5.69,5.59,1213300.0,6838880.0,2020,5,22,11,15,2020-05-22 11:15
511,5.61,5.59,5.62,5.56,1041000.0,5819840.0,2020,5,22,11,30,2020-05-22 11:30
512,5.59,5.61,5.62,5.55,626600.0,3499872.0,2020,5,22,13,15,2020-05-22 13:15
513,5.61,5.59,5.65,5.56,1007100.0,5635072.0,2020,5,22,13,30,2020-05-22 13:30
514,5.59,5.6,5.63,5.57,769300.0,4310576.0,2020,5,22,13,45,2020-05-22 13:45
515,5.59,5.57,5.61,5.56,637300.0,3559008.0,2020,5,22,14,0,2020-05-22 14:00
516,5.57,5.62,5.65,5.57,853800.0,4789952.0,2020,5,22,14,15,2020-05-22 14:15
517,5.62,5.61,5.64,5.58,1028500.0,5778800.0,2020,5,22,14,30,2020-05-22 14:30
518,5.61,5.5,5.61,5.47,1878000.0,10416096.0,2020,5,22,14,45,2020-05-22 14:45
519,5.5,5.51,5.57,5.47,1935000.0,10662112.0,2020,5,22,15,0,2020-05-22 15:00
520,5.55,5.53,5.61,5.48,5724700.0,31749216.0,2020,5,25,9,45,2020-05-25 09:45
521,5.53,5.49,5.55,5.48,1859400.0,10252976.0,2020,5,25,10,0,2020-05-25 10:00
522,5.49,5.54,5.57,5.42,1635900.0,8980556.0,2020,5,25,10,15,2020-05-25 10:15
523,5.53,5.6,5.64,5.53,2195000.0,12288528.0,2020,5,25,10,30,2020-05-25 10:30
524,5.59,5.63,5.69,5.59,2674300.0,15096500.0,2020,5,25,10,45,2020-05-25 10:45
525,5.63,5.61,5.65,5.59,721500.0,4055040.0,2020,5,25,11,0,2020-05-25 11:00
526,5.61,5.61,5.65,5.6,754500.0,4243768.0,2020,5,25,11,15,2020-05-25 11:15
527,5.61,5.64,5.64,5.6,449300.0,2521296.0,2020,5,25,11,30,2020-05-25 11:30
528,5.64,5.65,5.68,5.64,682600.0,3862080.0,2020,5,25,13,15,2020-05-25 13:15
529,5.65,5.61,5.65,5.61,227400.0,1282736.0,2020,5,25,13,30,2020-05-25 13:30
530,5.62,5.61,5.64,5.6,363700.0,2044368.0,2020,5,25,13,45,2020-05-25 13:45
531,5.6,5.54,5.61,5.53,787900.0,4386120.0,2020,5,25,14,0,2020-05-25 14:00
532,5.56,5.52,5.57,5.5,437200.0,2418104.0,2020,5,25,14,15,2020-05-25 14:15
533,5.52,5.55,5.55,5.51,516200.0,2853728.0,2020,5,25,14,30,2020-05-25 14:30
534,5.54,5.54,5.6,5.53,716900.0,3986672.0,2020,5,25,14,45,2020-05-25 14:45
535,5.55,5.61,5.62,5.52,1386300.0,7731312.0,2020,5,25,15,0,2020-05-25 15:00
536,5.55,5.42,5.55,5.37,5357300.0,29149848.0,2020,5,26,9,45,2020-05-26 09:45
537,5.42,5.39,5.42,5.33,2736600.0,14713040.0,2020,5,26,10,0,2020-05-26 10:00
538,5.39,5.38,5.44,5.38,1259200.0,6812908.0,2020,5,26,10,15,2020-05-26 10:15
539,5.38,5.43,5.43,5.38,493300.0,2667828.0,2020,5,26,10,30,2020-05-26 10:30
540,5.43,5.38,5.43,5.37,1372500.0,7405360.0,2020,5,26,10,45,2020-05-26 10:45
541,5.4,5.36,5.41,5.35,1455600.0,7816088.0,2020,5,26,11,0,2020-05-26 11:00
542,5.35,5.38,5.41,5.35,1136800.0,6127272.0,2020,5,26,11,15,2020-05-26 11:15
543,5.38,5.33,5.39,5.32,2364100.0,12644144.0,2020,5,26,11,30,2020-05-26 11:30
544,5.36,5.38,5.41,5.34,788200.0,4235016.0,2020,5,26,13,15,2020-05-26 13:15
545,5.37,5.36,5.38,5.34,1307500.0,6997288.0,2020,5,26,13,30,2020-05-26 13:30
546,5.36,5.37,5.41,5.34,1004300.0,5403064.0,2020,5,26,13,45,2020-05-26 13:45
547,5.37,5.39,5.4,5.36,523000.0,2812680.0,2020,5,26,14,0,2020-05-26 14:00
548,5.4,5.36,5.4,5.36,921300.0,4949160.0,2020,5,26,14,15,2020-05-26 14:15
549,5.37,5.4,5.4,5.37,531700.0,2864064.0,2020,5,26,14,30,2020-05-26 14:30
550,5.4,5.38,5.4,5.37,1131600.0,6090096.0,2020,5,26,14,45,2020-05-26 14:45
551,5.38,5.41,5.42,5.37,1496200.0,8087048.0,2020,5,26,15,0,2020-05-26 15:00
552,5.36,5.3,5.37,5.28,3623000.0,19261756.0,2020,5,27,9,45,2020-05-27 09:45
553,5.3,5.29,5.32,5.27,1342400.0,7107784.0,2020,5,27,10,0,2020-05-27 10:00
554,5.29,5.33,5.34,5.28,875400.0,4648236.0,2020,5,27,10,15,2020-05-27 10:15
555,5.32,5.31,5.33,5.29,672500.0,3567652.0,2020,5,27,10,30,2020-05-27 10:30
556,5.31,5.35,5.35,5.3,1001300.0,5322140.0,2020,5,27,10,45,2020-05-27 10:45
557,5.35,5.39,5.42,5.35,1789200.0,9642492.0,2020,5,27,11,0,2020-05-27 11:00
558,5.4,5.37,5.41,5.35,897000.0,4824824.0,2020,5,27,11,15,2020-05-27 11:15
559,5.37,5.38,5.38,5.35,384500.0,2061920.0,2020,5,27,11,30,2020-05-27 11:30
560,5.39,5.36,5.39,5.35,342300.0,1838632.0,2020,5,27,13,15,2020-05-27 13:15
561,5.36,5.35,5.37,5.34,378600.0,2026584.0,2020,5,27,13,30,2020-05-27 13:30
562,5.35,5.33,5.35,5.33,392400.0,2094612.0,2020,5,27,13,45,2020-05-27 13:45
563,5.33,5.33,5.35,5.31,436500.0,2325264.0,2020,5,27,14,0,2020-05-27 14:00
564,5.33,5.34,5.36,5.33,722900.0,3861672.0,2020,5,27,14,15,2020-05-27 14:15
565,5.35,5.34,5.37,5.33,871500.0,4661080.0,2020,5,27,14,30,2020-05-27 14:30
566,5.33,5.35,5.36,5.32,1057900.0,5654160.0,2020,5,27,14,45,2020-05-27 14:45
567,5.35,5.38,5.39,5.35,1311000.0,7043680.0,2020,5,27,15,0,2020-05-27 15:00
568,5.4,5.39,5.4,5.34,1996600.0,10726241.0,2020,5,28,9,45,2020-05-28 09:45
569,5.39,5.34,5.39,5.33,1082200.0,5789791.0,2020,5,28,10,0,2020-05-28 10:00
570,5.34,5.4,5.43,5.33,2022100.0,10911122.0,2020,5,28,10,15,2020-05-28 10:15
571,5.41,5.38,5.41,5.36,1480700.0,7987658.0,2020,5,28,10,30,2020-05-28 10:30
572,5.38,5.35,5.38,5.35,778600.0,4179236.0,2020,5,28,10,45,2020-05-28 10:45
573,5.35,5.36,5.37,5.33,403000.0,2154332.0,2020,5,28,11,0,2020-05-28 11:00
574,5.36,5.37,5.4,5.35,698900.0,3757192.0,2020,5,28,11,15,2020-05-28 11:15
575,5.37,5.31,5.37,5.31,1280800.0,6829316.0,2020,5,28,11,30,2020-05-28 11:30
576,5.31,5.32,5.32,5.3,468900.0,2489704.0,2020,5,28,13,15,2020-05-28 13:15
577,5.31,5.32,5.32,5.29,524200.0,2779184.0,2020,5,28,13,30,2020-05-28 13:30
578,5.31,5.28,5.32,5.28,713800.0,3784040.0,2020,5,28,13,45,2020-05-28 13:45
579,5.28,5.29,5.3,5.27,607800.0,3212264.0,2020,5,28,14,0,2020-05-28 14:00
580,5.29,5.3,5.32,5.28,453600.0,2402880.0,2020,5,28,14,15,2020-05-28 14:15
581,5.31,5.39,5.4,5.31,1190500.0,6375448.0,2020,5,28,14,30,2020-05-28 14:30
582,5.39,5.38,5.4,5.36,1077400.0,5797592.0,2020,5,28,14,45,2020-05-28 14:45
583,5.38,5.38,5.38,5.35,1182700.0,6349960.0,2020,5,28,15,0,2020-05-28 15:00
584,5.38,5.42,5.45,5.36,3971900.0,21496784.0,2020,5,29,9,45,2020-05-29 09:45
585,5.42,5.53,5.54,5.41,3663100.0,20103800.0,2020,5,29,10,0,2020-05-29 10:00
586,5.53,5.58,5.67,5.52,3820900.0,21402912.0,2020,5,29,10,15,2020-05-29 10:15
587,5.58,5.63,5.64,5.57,1789600.0,10031464.0,2020,5,29,10,30,2020-05-29 10:30
588,5.63,5.57,5.63,5.57,1121700.0,6283792.0,2020,5,29,10,45,2020-05-29 10:45
589,5.57,5.58,5.59,5.57,595600.0,3321792.0,2020,5,29,11,0,2020-05-29 11:00
590,5.58,5.55,5.58,5.54,708800.0,3938488.0,2020,5,29,11,15,2020-05-29 11:15
591,5.56,5.57,5.59,5.55,558100.0,3108224.0,2020,5,29,11,30,2020-05-29 11:30
592,5.57,5.58,5.6,5.54,833800.0,4648584.0,2020,5,29,13,15,2020-05-29 13:15
593,5.58,5.56,5.59,5.56,576500.0,3215936.0,2020,5,29,13,30,2020-05-29 13:30
594,5.56,5.59,5.59,5.53,782200.0,4347264.0,2020,5,29,13,45,2020-05-29 13:45
595,5.59,5.6,5.62,5.58,1256200.0,7040616.0,2020,5,29,14,0,2020-05-29 14:00
596,5.6,5.59,5.6,5.56,621000.0,3462968.0,2020,5,29,14,15,2020-05-29 14:15
597,5.59,5.69,5.69,5.59,2409200.0,13577032.0,2020,5,29,14,30,2020-05-29 14:30
598,5.68,5.76,5.83,5.61,4027000.0,23040936.0,2020,5,29,14,45,2020-05-29 14:45
599,5.76,5.73,5.76,5.7,3206700.0,18360272.0,2020,5,29,15,0,2020-05-29 15:00
600,5.8,5.79,5.9,5.77,9657700.0,56230928.0,2020,6,1,9,45,2020-06-01 09:45
601,5.79,5.76,5.81,5.73,3449600.0,19912192.0,2020,6,1,10,0,2020-06-01 10:00
602,5.75,5.74,5.79,5.72,3317800.0,19085264.0,2020,6,1,10,15,2020-06-01 10:15
603,5.73,5.76,5.78,5.7,2121000.0,12155400.0,2020,6,1,10,30,2020-06-01 10:30
604,5.76,5.78,5.79,5.74,1400100.0,8073528.0,2020,6,1,10,45,2020-06-01 10:45
605,5.78,5.84,5.84,5.74,1642600.0,9532296.0,2020,6,1,11,0,2020-06-01 11:00
606,5.85,5.83,5.88,5.82,2273000.0,13287000.0,2020,6,1,11,15,2020-06-01 11:15
607,5.83,5.81,5.85,5.81,1008700.0,5876864.0,2020,6,1,11,30,2020-06-01 11:30
608,5.8,5.85,5.86,5.8,2110600.0,12293744.0,2020,6,1,13,15,2020-06-01 13:15
609,5.84,5.84,5.85,5.81,997200.0,5809696.0,2020,6,1,13,30,2020-06-01 13:30
610,5.85,5.84,5.85,5.82,1066600.0,6220864.0,2020,6,1,13,45,2020-06-01 13:45
611,5.84,5.83,5.86,5.83,817800.0,4777056.0,2020,6,1,14,0,2020-06-01 14:00
612,5.84,5.86,5.87,5.83,1207000.0,7062816.0,2020,6,1,14,15,2020-06-01 14:15
613,5.86,5.79,5.86,5.79,1424400.0,8295824.0,2020,6,1,14,30,2020-06-01 14:30
614,5.79,5.77,5.81,5.76,1775800.0,10267488.0,2020,6,1,14,45,2020-06-01 14:45
615,5.77,5.77,5.79,5.75,2427800.0,14006768.0,2020,6,1,15,0,2020-06-01 15:00
616,5.7,5.76,5.81,5.68,5125900.0,29436082.0,2020,6,2,9,45,2020-06-02 09:45
617,5.76,5.7,5.76,5.68,2288500.0,13091430.0,2020,6,2,10,0,2020-06-02 10:00
618,5.7,5.73,5.75,5.7,1111700.0,6364976.0,2020,6,2,10,15,2020-06-02 10:15
619,5.73,5.7,5.74,5.7,856300.0,4888860.0,2020,6,2,10,30,2020-06-02 10:30
620,5.71,5.78,5.78,5.69,1040600.0,5981112.0,2020,6,2,10,45,2020-06-02 10:45
621,5.78,5.73,5.78,5.73,922500.0,5298924.0,2020,6,2,11,0,2020-06-02 11:00
622,5.73,5.69,5.74,5.69,599300.0,3424320.0,2020,6,2,11,15,2020-06-02 11:15
623,5.7,5.7,5.72,5.68,656000.0,3735640.0,2020,6,2,11,30,2020-06-02 11:30
624,5.71,5.66,5.71,5.65,1551100.0,8802672.0,2020,6,2,13,15,2020-06-02 13:15
625,5.67,5.68,5.69,5.66,756000.0,4291760.0,2020,6,2,13,30,2020-06-02 13:30
626,5.68,5.68,5.72,5.67,624400.0,3555144.0,2020,6,2,13,45,2020-06-02 13:45
627,5.68,5.71,5.75,5.66,1239700.0,7065128.0,2020,6,2,14,0,2020-06-02 14:00
628,5.73,5.74,5.76,5.72,968800.0,5563752.0,2020,6,2,14,15,2020-06-02 14:15
629,5.74,5.75,5.75,5.71,911800.0,5228136.0,2020,6,2,14,30,2020-06-02 14:30
630,5.75,5.77,5.79,5.75,1623800.0,9369176.0,2020,6,2,14,45,2020-06-02 14:45
631,5.77,5.85,5.86,5.75,3176800.0,18472280.0,2020,6,2,15,0,2020-06-02 15:00
632,5.76,5.74,5.78,5.7,4938500.0,28305168.0,2020,6,3,9,45,2020-06-03 09:45
633,5.74,5.73,5.74,5.71,2043000.0,11690760.0,2020,6,3,10,0,2020-06-03 10:00
634,5.73,5.76,5.76,5.72,982200.0,5631588.0,2020,6,3,10,15,2020-06-03 10:15
635,5.76,5.72,5.76,5.71,1054600.0,6053644.0,2020,6,3,10,30,2020-06-03 10:30
636,5.72,5.73,5.75,5.72,601900.0,3447976.0,2020,6,3,10,45,2020-06-03 10:45
637,5.73,5.74,5.75,5.72,618600.0,3544820.0,2020,6,3,11,0,2020-06-03 11:00
638,5.73,5.74,5.74,5.72,727800.0,4168904.0,2020,6,3,11,15,2020-06-03 11:15
639,5.73,5.77,5.78,5.73,746100.0,4303604.0,2020,6,3,11,30,2020-06-03 11:30
640,5.79,5.77,5.8,5.76,1021600.0,5907096.0,2020,6,3,13,15,2020-06-03 13:15
641,5.77,5.77,5.79,5.74,953500.0,5497096.0,2020,6,3,13,30,2020-06-03 13:30
642,5.76,5.76,5.79,5.75,758400.0,4370232.0,2020,6,3,13,45,2020-06-03 13:45
643,5.77,5.77,5.78,5.76,858100.0,4948776.0,2020,6,3,14,0,2020-06-03 14:00
644,5.76,5.75,5.79,5.74,1107000.0,6376416.0,2020,6,3,14,15,2020-06-03 14:15
645,5.74,5.74,5.76,5.73,793600.0,4558448.0,2020,6,3,14,30,2020-06-03 14:30
646,5.74,5.7,5.75,5.7,1897200.0,10857368.0,2020,6,3,14,45,2020-06-03 14:45
647,5.71,5.68,5.71,5.68,2399700.0,13661288.0,2020,6,3,15,0,2020-06-03 15:00
648,5.69,5.72,5.76,5.66,2388800.0,13650111.0,2020,6,4,9,45,2020-06-04 09:45
649,5.72,5.78,5.82,5.72,3119500.0,18037092.0,2020,6,4,10,0,2020-06-04 10:00
650,5.78,5.76,5.78,5.75,1302400.0,7507724.0,2020,6,4,10,15,2020-06-04 10:15
651,5.76,5.78,5.83,5.75,1598700.0,9263320.0,2020,6,4,10,30,2020-06-04 10:30
652,5.78,5.78,5.8,5.72,846700.0,4887872.0,2020,6,4,10,45,2020-06-04 10:45
653,5.78,5.76,5.8,5.75,591600.0,3412944.0,2020,6,4,11,0,2020-06-04 11:00
654,5.76,5.72,5.76,5.71,652200.0,3739084.0,2020,6,4,11,15,2020-06-04 11:15
655,5.72,5.68,5.74,5.67,1084300.0,6178852.0,2020,6,4,11,30,2020-06-04 11:30
656,5.68,5.7,5.72,5.67,481300.0,2740320.0,2020,6,4,13,15,2020-06-04 13:15
657,5.71,5.66,5.72,5.66,442300.0,2516512.0,2020,6,4,13,30,2020-06-04 13:30
658,5.67,5.65,5.68,5.65,523200.0,2966560.0,2020,6,4,13,45,2020-06-04 13:45
659,5.66,5.67,5.68,5.65,406500.0,2303520.0,2020,6,4,14,0,2020-06-04 14:00
660,5.67,5.64,5.67,5.62,755000.0,4263512.0,2020,6,4,14,15,2020-06-04 14:15
661,5.64,5.68,5.69,5.63,511700.0,2902136.0,2020,6,4,14,30,2020-06-04 14:30
662,5.68,5.65,5.69,5.64,698700.0,3954640.0,2020,6,4,14,45,2020-06-04 14:45
663,5.64,5.63,5.65,5.62,1731000.0,9753968.0,2020,6,4,15,0,2020-06-04 15:00
664,5.58,5.56,5.64,5.53,2507900.0,13985251.0,2020,6,5,9,45,2020-06-05 09:45
665,5.56,5.6,5.62,5.56,796900.0,4447817.0,2020,6,5,10,0,2020-06-05 10:00
666,5.6,5.63,5.63,5.59,525100.0,2942766.0,2020,6,5,10,15,2020-06-05 10:15
667,5.63,5.6,5.65,5.6,595200.0,3351752.0,2020,6,5,10,30,2020-06-05 10:30
668,5.6,5.64,5.66,5.6,511000.0,2879784.0,2020,6,5,10,45,2020-06-05 10:45
669,5.64,5.6,5.64,5.58,359300.0,2014276.0,2020,6,5,11,0,2020-06-05 11:00
670,5.59,5.56,5.59,5.55,724600.0,4036118.0,2020,6,5,11,15,2020-06-05 11:15
671,5.56,5.57,5.58,5.55,623300.0,3469428.0,2020,6,5,11,30,2020-06-05 11:30
672,5.58,5.59,5.59,5.57,130800.0,729940.0,2020,6,5,13,15,2020-06-05 13:15
673,5.59,5.6,5.62,5.58,520200.0,2912564.0,2020,6,5,13,30,2020-06-05 13:30
674,5.6,5.62,5.63,5.6,252600.0,1417704.0,2020,6,5,13,45,2020-06-05 13:45
675,5.62,5.64,5.64,5.61,1057800.0,5955192.0,2020,6,5,14,0,2020-06-05 14:00
676,5.64,5.64,5.67,5.63,496700.0,2806984.0,2020,6,5,14,15,2020-06-05 14:15
677,5.64,5.62,5.65,5.61,404400.0,2275228.0,2020,6,5,14,30,2020-06-05 14:30
678,5.62,5.62,5.63,5.6,301800.0,1694068.0,2020,6,5,14,45,2020-06-05 14:45
679,5.61,5.65,5.66,5.6,1338100.0,7544380.0,2020,6,5,15,0,2020-06-05 15:00
680,6.0,5.98,6.17,5.91,15713500.0,94457176.0,2020,6,8,9,45,2020-06-08 09:45
681,5.97,6.01,6.09,5.91,4942400.0,29615632.0,2020,6,8,10,0,2020-06-08 10:00
682,6.02,6.22,6.22,6.01,13471600.0,83483928.0,2020,6,8,10,15,2020-06-08 10:15
683,6.22,6.22,6.22,6.22,699200.0,4349392.0,2020,6,8,10,30,2020-06-08 10:30
684,6.22,6.22,6.22,6.22,699000.0,4347408.0,2020,6,8,10,45,2020-06-08 10:45
685,6.22,6.22,6.22,6.22,186000.0,1156928.0,2020,6,8,11,0,2020-06-08 11:00
686,6.22,6.22,6.22,6.22,823900.0,5124656.0,2020,6,8,11,15,2020-06-08 11:15
687,6.22,6.22,6.22,6.22,87700.0,545488.0,2020,6,8,11,30,2020-06-08 11:30
688,6.22,6.22,6.22,6.22,250500.0,1558112.0,2020,6,8,13,15,2020-06-08 13:15
689,6.22,6.22,6.22,6.22,112100.0,697568.0,2020,6,8,13,30,2020-06-08 13:30
690,6.22,6.22,6.22,6.22,37100.0,230768.0,2020,6,8,13,45,2020-06-08 13:45
691,6.22,6.22,6.22,6.22,52600.0,327168.0,2020,6,8,14,0,2020-06-08 14:00
692,6.22,6.22,6.22,6.22,70500.0,438512.0,2020,6,8,14,15,2020-06-08 14:15
693,6.22,6.22,6.22,6.22,184100.0,1145104.0,2020,6,8,14,30,2020-06-08 14:30
694,6.22,6.22,6.22,6.22,269200.0,1674416.0,2020,6,8,14,45,2020-06-08 14:45
695,6.22,6.22,6.22,6.22,623800.0,3880032.0,2020,6,8,15,0,2020-06-08 15:00
696,6.27,6.63,6.79,6.24,39130400.0,251909712.0,2020,6,9,9,45,2020-06-09 09:45
697,6.63,6.56,6.71,6.46,8874900.0,58302576.0,2020,6,9,10,0,2020-06-09 10:00
698,6.55,6.47,6.57,6.41,4193600.0,27242272.0,2020,6,9,10,15,2020-06-09 10:15
699,6.47,6.43,6.48,6.37,2839900.0,18229152.0,2020,6,9,10,30,2020-06-09 10:30
700,6.42,6.44,6.47,6.4,1295700.0,8343680.0,2020,6,9,10,45,2020-06-09 10:45
701,6.44,6.46,6.53,6.44,1630400.0,10568224.0,2020,6,9,11,0,2020-06-09 11:00
702,6.47,6.38,6.47,6.38,1375700.0,8837088.0,2020,6,9,11,15,2020-06-09 11:15
703,6.38,6.38,6.4,6.35,1293000.0,8235744.0,2020,6,9,11,30,2020-06-09 11:30
704,6.38,6.39,6.41,6.31,1606700.0,10249440.0,2020,6,9,13,15,2020-06-09 13:15
705,6.39,6.3,6.4,6.28,1959200.0,12387840.0,2020,6,9,13,30,2020-06-09 13:30
706,6.3,6.3,6.31,6.24,2646800.0,16596896.0,2020,6,9,13,45,2020-06-09 13:45
707,6.3,6.34,6.38,6.3,1117300.0,7088864.0,2020,6,9,14,0,2020-06-09 14:00
708,6.34,6.35,6.36,6.26,1504700.0,9482624.0,2020,6,9,14,15,2020-06-09 14:15
709,6.36,6.3,6.36,6.28,690900.0,4361472.0,2020,6,9,14,30,2020-06-09 14:30
710,6.31,6.32,6.32,6.26,1514400.0,9528160.0,2020,6,9,14,45,2020-06-09 14:45
711,6.32,6.35,6.35,6.27,3582800.0,22625568.0,2020,6,9,15,0,2020-06-09 15:00
712,6.3,6.27,6.44,6.19,15346600.0,97026248.0,2020,6,10,9,45,2020-06-10 09:45
713,6.27,6.37,6.37,6.25,2756600.0,17350208.0,2020,6,10,10,0,2020-06-10 10:00
714,6.38,6.43,6.49,6.37,5532300.0,35595384.0,2020,6,10,10,15,2020-06-10 10:15
715,6.44,6.42,6.45,6.37,1633400.0,10484624.0,2020,6,10,10,30,2020-06-10 10:30
716,6.44,6.53,6.6,6.4,5476500.0,35605200.0,2020,6,10,10,45,2020-06-10 10:45
717,6.51,6.6,6.65,6.49,4210600.0,27683584.0,2020,6,10,11,0,2020-06-10 11:00
718,6.59,6.53,6.6,6.51,2006500.0,13145184.0,2020,6,10,11,15,2020-06-10 11:15
719,6.51,6.51,6.52,6.43,1447000.0,9376256.0,2020,6,10,11,30,2020-06-10 11:30
720,6.51,6.48,6.52,6.46,1226500.0,7964784.0,2020,6,10,13,15,2020-06-10 13:15
721,6.48,6.41,6.48,6.4,1083000.0,6968352.0,2020,6,10,13,30,2020-06-10 13:30
722,6.4,6.44,6.49,6.39,819400.0,5268960.0,2020,6,10,13,45,2020-06-10 13:45
723,6.43,6.35,6.45,6.32,1376000.0,8770064.0,2020,6,10,14,0,2020-06-10 14:00
724,6.35,6.35,6.39,6.34,870700.0,5534560.0,2020,6,10,14,15,2020-06-10 14:15
725,6.35,6.38,6.4,6.34,824800.0,5254208.0,2020,6,10,14,30,2020-06-10 14:30
726,6.38,6.32,6.38,6.31,1520800.0,9660544.0,2020,6,10,14,45,2020-06-10 14:45
727,6.33,6.38,6.38,6.3,3246700.0,20602592.0,2020,6,10,15,0,2020-06-10 15:00
728,6.3,6.29,6.34,6.22,7844500.0,49156904.0,2020,6,11,9,45,2020-06-11 09:45
729,6.3,6.12,6.3,6.07,8920900.0,54849192.0,2020,6,11,10,0,2020-06-11 10:00
730,6.11,6.19,6.23,6.11,2382000.0,14691200.0,2020,6,11,10,15,2020-06-11 10:15
731,6.19,6.16,6.2,6.13,2477700.0,15265360.0,2020,6,11,10,30,2020-06-11 10:30
732,6.17,6.15,6.18,6.13,1274800.0,7844768.0,2020,6,11,10,45,2020-06-11 10:45
733,6.15,6.13,6.18,6.1,1256200.0,7707840.0,2020,6,11,11,0,2020-06-11 11:00
734,6.13,6.16,6.19,6.13,897400.0,5526912.0,2020,6,11,11,15,2020-06-11 11:15
735,6.17,6.16,6.18,6.15,645000.0,3975120.0,2020,6,11,11,30,2020-06-11 11:30
736,6.16,6.12,6.17,6.1,1391800.0,8536944.0,2020,6,11,13,15,2020-06-11 13:15
737,6.12,6.11,6.12,6.09,1340300.0,8180704.0,2020,6,11,13,30,2020-06-11 13:30
738,6.11,6.12,6.14,6.07,1611500.0,9828240.0,2020,6,11,13,45,2020-06-11 13:45
739,6.12,6.09,6.13,6.08,1147700.0,7007312.0,2020,6,11,14,0,2020-06-11 14:00
740,6.09,6.06,6.1,6.03,2433600.0,14749744.0,2020,6,11,14,15,2020-06-11 14:15
741,6.06,6.07,6.07,6.05,1254700.0,7601760.0,2020,6,11,14,30,2020-06-11 14:30
742,6.06,6.06,6.09,6.04,1584600.0,9606832.0,2020,6,11,14,45,2020-06-11 14:45
743,6.06,6.02,6.08,6.02,3771200.0,22807024.0,2020,6,11,15,0,2020-06-11 15:00
744,5.8,5.83,5.89,5.74,6838400.0,39738500.0,2020,6,12,9,45,2020-06-12 09:45
745,5.82,5.9,5.92,5.82,2231900.0,13093064.0,2020,6,12,10,0,2020-06-12 10:00
746,5.91,5.94,5.97,5.87,1629100.0,9630616.0,2020,6,12,10,15,2020-06-12 10:15
747,5.94,5.91,5.96,5.88,1040700.0,6169108.0,2020,6,12,10,30,2020-06-12 10:30
748,5.91,5.93,5.95,5.9,873000.0,5170576.0,2020,6,12,10,45,2020-06-12 10:45
749,5.93,5.94,5.98,5.93,718500.0,4275328.0,2020,6,12,11,0,2020-06-12 11:00
750,5.95,5.94,5.96,5.94,496500.0,2952928.0,2020,6,12,11,15,2020-06-12 11:15
751,5.94,5.98,6.0,5.92,1003400.0,5980744.0,2020,6,12,11,30,2020-06-12 11:30
752,5.98,6.02,6.02,5.94,920800.0,5506832.0,2020,6,12,13,15,2020-06-12 13:15
753,6.03,6.04,6.09,6.01,1423400.0,8617064.0,2020,6,12,13,30,2020-06-12 13:30
754,6.04,6.0,6.05,5.98,736800.0,4431240.0,2020,6,12,13,45,2020-06-12 13:45
755,6.01,6.03,6.04,6.0,671900.0,4043792.0,2020,6,12,14,0,2020-06-12 14:00
756,6.03,6.0,6.05,6.0,1037100.0,6249864.0,2020,6,12,14,15,2020-06-12 14:15
757,6.0,6.03,6.06,5.99,977700.0,5878880.0,2020,6,12,14,30,2020-06-12 14:30
758,6.04,6.02,6.08,6.01,1686800.0,10210000.0,2020,6,12,14,45,2020-06-12 14:45
759,6.01,6.01,6.04,5.99,1977200.0,11895640.0,2020,6,12,15,0,2020-06-12 15:00
760,6.01,6.0,6.11,5.91,4297600.0,25858806.0,2020,6,15,9,45,2020-06-15 09:45
761,6.01,6.01,6.05,5.98,1510200.0,9081902.0,2020,6,15,10,0,2020-06-15 10:00
762,6.01,6.12,6.16,5.99,2124800.0,12895056.0,2020,6,15,10,15,2020-06-15 10:15
763,6.13,6.07,6.13,6.07,1501200.0,9153712.0,2020,6,15,10,30,2020-06-15 10:30
764,6.09,6.03,6.09,6.03,839200.0,5084048.0,2020,6,15,10,45,2020-06-15 10:45
765,6.04,6.02,6.05,6.02,821600.0,4953584.0,2020,6,15,11,0,2020-06-15 11:00
766,6.02,5.98,6.04,5.98,963200.0,5790292.0,2020,6,15,11,15,2020-06-15 11:15
767,5.98,6.01,6.02,5.97,613600.0,3680232.0,2020,6,15,11,30,2020-06-15 11:30
768,6.01,5.97,6.02,5.97,963700.0,5773080.0,2020,6,15,13,15,2020-06-15 13:15
769,5.97,5.95,5.98,5.95,660200.0,3936872.0,2020,6,15,13,30,2020-06-15 13:30
770,5.95,5.92,5.95,5.91,1425800.0,8456232.0,2020,6,15,13,45,2020-06-15 13:45
771,5.91,5.93,5.93,5.91,545300.0,3229256.0,2020,6,15,14,0,2020-06-15 14:00
772,5.92,5.9,5.93,5.9,1136000.0,6711192.0,2020,6,15,14,15,2020-06-15 14:15
773,5.91,5.88,5.91,5.86,1575900.0,9279440.0,2020,6,15,14,30,2020-06-15 14:30
774,5.88,5.84,5.88,5.82,1993800.0,11653648.0,2020,6,15,14,45,2020-06-15 14:45
775,5.85,5.84,5.87,5.83,1511200.0,8827464.0,2020,6,15,15,0,2020-06-15 15:00
776,5.87,5.87,5.9,5.83,2079900.0,12201933.0,2020,6,16,9,45,2020-06-16 09:45
777,5.88,5.96,5.99,5.85,2945500.0,17467372.0,2020,6,16,10,0,2020-06-16 10:00
778,5.96,5.94,5.97,5.92,1669400.0,9927096.0,2020,6,16,10,15,2020-06-16 10:15
779,5.94,5.96,5.97,5.93,931600.0,5544196.0,2020,6,16,10,30,2020-06-16 10:30
780,5.96,6.1,6.1,5.95,3360800.0,20280360.0,2020,6,16,10,45,2020-06-16 10:45
781,6.09,6.11,6.11,6.07,2484500.0,15143724.0,2020,6,16,11,0,2020-06-16 11:00
782,6.11,6.16,6.23,6.11,2863600.0,17661000.0,2020,6,16,11,15,2020-06-16 11:15
783,6.16,6.11,6.17,6.11,1064500.0,6538880.0,2020,6,16,11,30,2020-06-16 11:30
784,6.11,6.17,6.2,6.11,1397400.0,8609528.0,2020,6,16,13,15,2020-06-16 13:15
785,6.17,6.16,6.17,6.13,769900.0,4735976.0,2020,6,16,13,30,2020-06-16 13:30
786,6.16,6.27,6.28,6.14,2962900.0,18453664.0,2020,6,16,13,45,2020-06-16 13:45
787,6.27,6.24,6.28,6.22,1651400.0,10332896.0,2020,6,16,14,0,2020-06-16 14:00
788,6.23,6.26,6.28,6.22,1515500.0,9483424.0,2020,6,16,14,15,2020-06-16 14:15
789,6.27,6.24,6.27,6.22,965000.0,6018464.0,2020,6,16,14,30,2020-06-16 14:30
790,6.23,6.21,6.24,6.15,1836400.0,11368624.0,2020,6,16,14,45,2020-06-16 14:45
791,6.21,6.22,6.22,6.16,2675700.0,16596480.0,2020,6,16,15,0,2020-06-16 15:00
792,6.21,6.17,6.29,6.12,6071400.0,37598380.0,2020,6,17,9,45,2020-06-17 09:45
793,6.17,6.19,6.26,6.17,2214600.0,13768608.0,2020,6,17,10,0,2020-06-17 10:00
794,6.19,6.16,6.19,6.13,1878100.0,11560144.0,2020,6,17,10,15,2020-06-17 10:15
795,6.16,6.11,6.16,6.07,2755100.0,16822212.0,2020,6,17,10,30,2020-06-17 10:30
796,6.11,6.11,6.15,6.08,852400.0,5211088.0,2020,6,17,10,45,2020-06-17 10:45
797,6.11,6.12,6.14,6.05,1683200.0,10239912.0,2020,6,17,11,0,2020-06-17 11:00
798,6.12,6.14,6.14,6.12,593500.0,3638432.0,2020,6,17,11,15,2020-06-17 11:15
799,6.14,6.14,6.15,6.1,656700.0,4027280.0,2020,6,17,13,0,2020-06-17 13:00
