,open,close,high,low,vol,amount,year,month,day,hour,minute,datetime
0,10.0,10.07,10.08,10.0,2364000.0,23701376.0,2020,4,2,13,15,2020-04-02 13:15
1,10.08,10.04,10.12,10.04,2158200.0,21760832.0,2020,4,2,13,30,2020-04-02 13:30
2,10.05,10.12,10.16,10.04,2764800.0,27963136.0,2020,4,2,13,45,2020-04-02 13:45
3,10.12,10.12,10.14,10.07,2006100.0,20289344.0,2020,4,2,14,0,2020-04-02 14:00
4,10.12,10.09,10.14,10.08,2109300.0,21325504.0,2020,4,2,14,15,2020-04-02 14:15
5,10.1,10.11,10.11,10.07,2569900.0,25911936.0,2020,4,2,14,30,2020-04-02 14:30
6,10.1,10.16,10.19,10.1,5126500.0,52058112.0,2020,4,2,14,45,2020-04-02 14:45
7,10.17,10.21,10.22,10.16,7900700.0,80537408.0,2020,4,2,15,0,2020-04-02 15:00
8,10.12,10.36,10.4,10.09,12110700.0,124391400.0,2020,4,3,9,45,2020-04-03 09:45
9,10.37,10.31,10.38,10.3,6863400.0,70997912.0,2020,4,3,10,0,2020-04-03 10:00
10,10.32,10.23,10.32,10.19,6181400.0,63325104.0,2020,4,3,10,15,2020-04-03 10:15
11,10.23,10.34,10.34,10.23,4055300.0,41749936.0,2020,4,3,10,30,2020-04-03 10:30
12,10.33,10.24,10.33,10.24,2099400.0,21601792.0,2020,4,3,10,45,2020-04-03 10:45
13,10.24,10.44,10.49,10.23,8122700.0,84351296.0,2020,4,3,11,0,2020-04-03 11:00
14,10.44,10.52,10.59,10.43,15725800.0,165417440.0,2020,4,3,11,15,2020-04-03 11:15
15,10.52,10.5,10.54,10.41,4632900.0,48547328.0,2020,4,3,11,30,2020-04-03 11:30
16,10.5,10.54,10.54,10.42,3743500.0,39248576.0,2020,4,3,13,15,2020-04-03 13:15
17,10.53,10.6,10.65,10.49,9834700.0,103977280.0,2020,4,3,13,30,2020-04-03 13:30
18,10.61,10.59,10.62,10.53,6669800.0,70509376.0,2020,4,3,13,45,2020-04-03 13:45
19,10.59,10.49,10.59,10.47,4443300.0,46774080.0,2020,4,3,14,0,2020-04-03 14:00
20,10.5,10.52,10.57,10.46,4984600.0,52367744.0,2020,4,3,14,15,2020-04-03 14:15
21,10.51,10.53,10.57,10.49,4581300.0,48234432.0,2020,4,3,14,30,2020-04-03 14:30
22,10.53,10.45,10.56,10.44,5321700.0,55907328.0,2020,4,3,14,45,2020-04-03 14:45
23,10.45,10.61,10.63,10.45,15597500.0,165072192.0,2020,4,3,15,0,2020-04-03 15:00
24,10.61,10.45,10.61,10.22,25053100.0,261018048.0,2020,4,7,9,45,2020-04-07 09:45
25,10.45,10.5,10.54,10.41,9101000.0,95303552.0,2020,4,7,10,0,2020-04-07 10:00
26,10.5,10.58,10.61,10.49,8286700.0,87473344.0,2020,4,7,10,15,2020-04-07 10:15
27,10.58,10.65,10.71,10.58,11128500.0,118384384.0,2020,4,7,10,30,2020-04-07 10:30
28,10.65,10.77,10.82,10.61,13616000.0,146002560.0,2020,4,7,10,45,2020-04-07 10:45
29,10.77,10.75,10.84,10.69,8946400.0,96249408.0,2020,4,7,11,0,2020-04-07 11:00
30,10.75,10.79,10.81,10.7,4889100.0,52587776.0,2020,4,7,11,15,2020-04-07 11:15
31,10.79,10.7,10.8,10.66,4010900.0,43020352.0,2020,4,7,11,30,2020-04-07 11:30
32,10.7,10.74,10.82,10.69,4154700.0,44663232.0,2020,4,7,13,15,2020-04-07 13:15
33,10.74,10.67,10.77,10.67,3898200.0,41794688.0,2020,4,7,13,30,2020-04-07 13:30
34,10.66,10.62,10.69,10.59,6036100.0,64167808.0,2020,4,7,13,45,2020-04-07 13:45
35,10.62,10.64,10.69,10.6,4242900.0,45127232.0,2020,4,7,14,0,2020-04-07 14:00
36,10.64,10.65,10.67,10.6,4421400.0,47036544.0,2020,4,7,14,15,2020-04-07 14:15
37,10.65,10.66,10.7,10.65,4713400.0,50314112.0,2020,4,7,14,30,2020-04-07 14:30
38,10.66,10.84,10.85,10.64,8992900.0,96632576.0,2020,4,7,14,45,2020-04-07 14:45
39,10.84,10.76,10.84,10.74,10571700.0,113887104.0,2020,4,7,15,0,2020-04-07 15:00
40,10.6,10.79,10.85,10.56,19662100.0,210860768.0,2020,4,8,9,45,2020-04-08 09:45
41,10.78,10.65,10.78,10.61,8673700.0,92676672.0,2020,4,8,10,0,2020-04-08 10:00
42,10.65,10.6,10.67,10.57,7651600.0,81198912.0,2020,4,8,10,15,2020-04-08 10:15
43,10.6,10.69,10.74,10.57,4842000.0,51465280.0,2020,4,8,10,30,2020-04-08 10:30
44,10.68,10.62,10.69,10.61,2381700.0,25341152.0,2020,4,8,10,45,2020-04-08 10:45
45,10.62,10.58,10.65,10.58,2419800.0,25676480.0,2020,4,8,11,0,2020-04-08 11:00
46,10.59,10.6,10.61,10.56,3064200.0,32420864.0,2020,4,8,11,15,2020-04-08 11:15
47,10.6,10.54,10.6,10.51,3914400.0,41271296.0,2020,4,8,11,30,2020-04-08 11:30
48,10.53,10.53,10.57,10.46,6684400.0,70301824.0,2020,4,8,13,15,2020-04-08 13:15
49,10.52,10.51,10.55,10.49,2900100.0,30527808.0,2020,4,8,13,30,2020-04-08 13:30
50,10.51,10.52,10.52,10.45,3648400.0,38260544.0,2020,4,8,13,45,2020-04-08 13:45
51,10.52,10.55,10.57,10.51,1897300.0,19999808.0,2020,4,8,14,0,2020-04-08 14:00
52,10.54,10.5,10.56,10.5,2160700.0,22740544.0,2020,4,8,14,15,2020-04-08 14:15
53,10.5,10.47,10.51,10.46,3956500.0,41483200.0,2020,4,8,14,30,2020-04-08 14:30
54,10.47,10.5,10.51,10.46,3218700.0,33731904.0,2020,4,8,14,45,2020-04-08 14:45
55,10.5,10.6,10.61,10.47,6110000.0,64472576.0,2020,4,8,15,0,2020-04-08 15:00
56,10.61,10.51,10.64,10.48,9149800.0,96495328.0,2020,4,9,9,45,2020-04-09 09:45
57,10.51,10.45,10.52,10.4,9250600.0,96586352.0,2020,4,9,10,0,2020-04-09 10:00
58,10.45,10.6,10.62,10.42,6052700.0,63654496.0,2020,4,9,10,15,2020-04-09 10:15
59,10.61,10.63,10.64,10.54,3942700.0,41780848.0,2020,4,9,10,30,2020-04-09 10:30
60,10.63,10.63,10.73,10.62,8580200.0,91726816.0,2020,4,9,10,45,2020-04-09 10:45
61,10.63,10.7,10.75,10.63,5033100.0,53829664.0,2020,4,9,11,0,2020-04-09 11:00
62,10.7,10.67,10.7,10.66,2554500.0,27298912.0,2020,4,9,11,15,2020-04-09 11:15
63,10.67,10.87,10.88,10.66,9802200.0,105550784.0,2020,4,9,11,30,2020-04-09 11:30
64,10.87,10.82,10.92,10.82,12877400.0,140058240.0,2020,4,9,13,15,2020-04-09 13:15
65,10.82,10.81,10.84,10.77,3795200.0,41005504.0,2020,4,9,13,30,2020-04-09 13:30
66,10.82,10.82,10.87,10.8,3598600.0,38998464.0,2020,4,9,13,45,2020-04-09 13:45
67,10.82,10.81,10.85,10.77,3888400.0,42040960.0,2020,4,9,14,0,2020-04-09 14:00
68,10.83,10.87,10.96,10.82,9046200.0,98593920.0,2020,4,9,14,15,2020-04-09 14:15
69,10.87,11.07,11.15,10.85,21871500.0,241070016.0,2020,4,9,14,30,2020-04-09 14:30
70,11.05,10.98,11.09,10.93,8863200.0,97622272.0,2020,4,9,14,45,2020-04-09 14:45
71,10.98,11.04,11.04,10.91,11980400.0,131643648.0,2020,4,9,15,0,2020-04-09 15:00
72,10.95,10.97,11.14,10.89,21254700.0,234392736.0,2020,4,10,9,45,2020-04-10 09:45
73,10.97,10.9,11.0,10.85,10910200.0,119103904.0,2020,4,10,10,0,2020-04-10 10:00
74,10.9,10.88,10.95,10.88,5780300.0,63001120.0,2020,4,10,10,15,2020-04-10 10:15
75,10.88,10.84,10.94,10.84,5114800.0,55653248.0,2020,4,10,10,30,2020-04-10 10:30
76,10.85,10.77,10.87,10.75,7879800.0,85072672.0,2020,4,10,10,45,2020-04-10 10:45
77,10.78,10.66,10.81,10.66,5572600.0,59817472.0,2020,4,10,11,0,2020-04-10 11:00
78,10.66,10.78,10.79,10.66,2834000.0,30381120.0,2020,4,10,11,15,2020-04-10 11:15
79,10.79,10.72,10.79,10.62,4475500.0,47751168.0,2020,4,10,11,30,2020-04-10 11:30
80,10.7,10.63,10.72,10.63,2605400.0,27792384.0,2020,4,10,13,15,2020-04-10 13:15
81,10.62,10.67,10.68,10.6,3356100.0,35689152.0,2020,4,10,13,30,2020-04-10 13:30
82,10.67,10.68,10.72,10.6,3472900.0,36931648.0,2020,4,10,13,45,2020-04-10 13:45
83,10.68,10.69,10.75,10.66,2059900.0,22039424.0,2020,4,10,14,0,2020-04-10 14:00
84,10.68,10.7,10.75,10.65,2671500.0,28610624.0,2020,4,10,14,15,2020-04-10 14:15
85,10.7,10.8,10.84,10.69,4670600.0,50444800.0,2020,4,10,14,30,2020-04-10 14:30
86,10.8,10.81,10.93,10.79,5450600.0,59193280.0,2020,4,10,14,45,2020-04-10 14:45
87,10.81,10.95,10.95,10.79,12110200.0,131838912.0,2020,4,10,15,0,2020-04-10 15:00
88,10.7,10.46,10.7,10.43,18523100.0,195343744.0,2020,4,13,9,45,2020-04-13 09:45
89,10.45,10.31,10.46,10.2,20749400.0,214092224.0,2020,4,13,10,0,2020-04-13 10:00
90,10.31,10.4,10.44,10.26,4988500.0,51660128.0,2020,4,13,10,15,2020-04-13 10:15
91,10.4,10.42,10.48,10.36,2933900.0,30550464.0,2020,4,13,10,30,2020-04-13 10:30
92,10.43,10.45,10.54,10.41,3068200.0,32186240.0,2020,4,13,10,45,2020-04-13 10:45
93,10.45,10.46,10.5,10.43,2077600.0,21727328.0,2020,4,13,11,0,2020-04-13 11:00
94,10.46,10.41,10.5,10.41,2004100.0,20929472.0,2020,4,13,11,15,2020-04-13 11:15
95,10.41,10.4,10.43,10.35,1986500.0,20631360.0,2020,4,13,11,30,2020-04-13 11:30
96,10.39,10.39,10.4,10.35,1372300.0,14237696.0,2020,4,13,13,15,2020-04-13 13:15
97,10.39,10.32,10.42,10.27,3518300.0,36338752.0,2020,4,13,13,30,2020-04-13 13:30
98,10.33,10.33,10.35,10.28,2208800.0,22783808.0,2020,4,13,13,45,2020-04-13 13:45
99,10.33,10.42,10.47,10.32,1798000.0,18736960.0,2020,4,13,14,0,2020-04-13 14:00
100,10.42,10.45,10.48,10.36,1925500.0,20089408.0,2020,4,13,14,15,2020-04-13 14:15
101,10.44,10.44,10.47,10.41,1378300.0,14390528.0,2020,4,13,14,30,2020-04-13 14:30
102,10.44,10.34,10.45,10.32,3858400.0,40005824.0,2020,4,13,14,45,2020-04-13 14:45
103,10.34,10.3,10.38,10.3,7544800.0,77951616.0,2020,4,13,15,0,2020-04-13 15:00
104,10.31,10.16,10.34,10.09,18370500.0,187067824.0,2020,4,14,9,45,2020-04-14 09:45
105,10.16,10.17,10.22,10.16,5271800.0,53691920.0,2020,4,14,10,0,2020-04-14 10:00
106,10.17,10.18,10.2,10.14,3562800.0,36222432.0,2020,4,14,10,15,2020-04-14 10:15
107,10.19,10.17,10.19,10.15,2096900.0,21318976.0,2020,4,14,10,30,2020-04-14 10:30
108,10.16,10.21,10.21,10.16,2515000.0,25595360.0,2020,4,14,10,45,2020-04-14 10:45
109,10.2,10.21,10.21,10.18,1378000.0,14050432.0,2020,4,14,11,0,2020-04-14 11:00
110,10.21,10.18,10.22,10.16,2697700.0,27489920.0,2020,4,14,11,15,2020-04-14 11:15
111,10.18,10.19,10.19,10.16,1493200.0,15190528.0,2020,4,14,11,30,2020-04-14 11:30
112,10.18,10.16,10.2,10.16,1695400.0,17248224.0,2020,4,14,13,15,2020-04-14 13:15
113,10.16,10.13,10.17,10.12,4097100.0,41545920.0,2020,4,14,13,30,2020-04-14 13:30
114,10.13,10.23,10.26,10.13,2614500.0,26648992.0,2020,4,14,13,45,2020-04-14 13:45
115,10.23,10.22,10.25,10.2,2052600.0,21000256.0,2020,4,14,14,0,2020-04-14 14:00
116,10.22,10.21,10.25,10.18,2387600.0,24383936.0,2020,4,14,14,15,2020-04-14 14:15
117,10.21,10.29,10.3,10.19,2801700.0,28706048.0,2020,4,14,14,30,2020-04-14 14:30
118,10.29,10.33,10.35,10.28,4792600.0,49412928.0,2020,4,14,14,45,2020-04-14 14:45
119,10.32,10.37,10.38,10.32,6949300.0,71982720.0,2020,4,14,15,0,2020-04-14 15:00
120,10.39,10.32,10.39,10.27,6373800.0,65764688.0,2020,4,15,9,45,2020-04-15 09:45
121,10.32,10.21,10.32,10.19,7672800.0,78610944.0,2020,4,15,10,0,2020-04-15 10:00
122,10.21,10.22,10.25,10.2,2952900.0,30186000.0,2020,4,15,10,15,2020-04-15 10:15
123,10.22,10.25,10.27,10.21,2178600.0,22287808.0,2020,4,15,10,30,2020-04-15 10:30
124,10.25,10.38,10.38,10.24,3372200.0,34814240.0,2020,4,15,10,45,2020-04-15 10:45
125,10.38,10.39,10.42,10.36,5586600.0,58065280.0,2020,4,15,11,0,2020-04-15 11:00
126,10.39,10.37,10.4,10.36,1415300.0,14690592.0,2020,4,15,11,15,2020-04-15 11:15
127,10.37,10.35,10.37,10.33,1551700.0,16057088.0,2020,4,15,11,30,2020-04-15 11:30
128,10.34,10.34,10.38,10.32,1096100.0,11337312.0,2020,4,15,13,15,2020-04-15 13:15
129,10.34,10.31,10.36,10.3,1635200.0,16875072.0,2020,4,15,13,30,2020-04-15 13:30
130,10.3,10.28,10.3,10.25,2088200.0,21440832.0,2020,4,15,13,45,2020-04-15 13:45
131,10.28,10.28,10.3,10.25,1531300.0,15728352.0,2020,4,15,14,0,2020-04-15 14:00
132,10.28,10.34,10.37,10.26,2910100.0,30037696.0,2020,4,15,14,15,2020-04-15 14:15
133,10.34,10.4,10.44,10.28,7556200.0,78510944.0,2020,4,15,14,30,2020-04-15 14:30
134,10.4,10.43,10.49,10.35,7049000.0,73454912.0,2020,4,15,14,45,2020-04-15 14:45
135,10.44,10.39,10.48,10.38,6521100.0,67982336.0,2020,4,15,15,0,2020-04-15 15:00
136,10.29,10.36,10.47,10.26,8075800.0,83902216.0,2020,4,16,9,45,2020-04-16 09:45
137,10.35,10.27,10.37,10.27,4358600.0,44953600.0,2020,4,16,10,0,2020-04-16 10:00
138,10.28,10.27,10.3,10.23,3531800.0,36259384.0,2020,4,16,10,15,2020-04-16 10:15
139,10.28,10.28,10.32,10.27,1966100.0,20228288.0,2020,4,16,10,30,2020-04-16 10:30
140,10.29,10.29,10.32,10.27,2039500.0,20987312.0,2020,4,16,10,45,2020-04-16 10:45
141,10.29,10.33,10.39,10.28,1822100.0,18831104.0,2020,4,16,11,0,2020-04-16 11:00
142,10.32,10.29,10.35,10.29,1162000.0,11980704.0,2020,4,16,11,15,2020-04-16 11:15
143,10.3,10.26,10.3,10.26,1328800.0,13650544.0,2020,4,16,11,30,2020-04-16 11:30
144,10.26,10.25,10.27,10.22,3390700.0,34730304.0,2020,4,16,13,15,2020-04-16 13:15
145,10.25,10.28,10.29,10.24,1092500.0,11211200.0,2020,4,16,13,30,2020-04-16 13:30
146,10.27,10.27,10.28,10.25,1526300.0,15659648.0,2020,4,16,13,45,2020-04-16 13:45
147,10.27,10.29,10.3,10.25,1402400.0,14404320.0,2020,4,16,14,0,2020-04-16 14:00
148,10.29,10.24,10.29,10.23,3103900.0,31804704.0,2020,4,16,14,15,2020-04-16 14:15
149,10.25,10.26,10.27,10.22,2786700.0,28547808.0,2020,4,16,14,30,2020-04-16 14:30
150,10.25,10.2,10.26,10.15,8189700.0,83516480.0,2020,4,16,14,45,2020-04-16 14:45
151,10.19,10.16,10.21,10.15,9972900.0,101459040.0,2020,4,16,15,0,2020-04-16 15:00
152,10.16,10.29,10.32,10.14,9884700.0,100966848.0,2020,4,17,9,45,2020-04-17 09:45
153,10.29,10.26,10.3,10.22,5204200.0,53365008.0,2020,4,17,10,0,2020-04-17 10:00
154,10.25,10.24,10.28,10.23,2147000.0,22008928.0,2020,4,17,10,15,2020-04-17 10:15
155,10.25,10.34,10.39,10.25,8206300.0,84877392.0,2020,4,17,10,30,2020-04-17 10:30
156,10.34,10.31,10.35,10.29,1995500.0,20590720.0,2020,4,17,10,45,2020-04-17 10:45
157,10.31,10.27,10.31,10.24,1815100.0,18640704.0,2020,4,17,11,0,2020-04-17 11:00
158,10.28,10.28,10.3,10.26,965200.0,9923104.0,2020,4,17,11,15,2020-04-17 11:15
159,10.28,10.27,10.3,10.26,813800.0,8371328.0,2020,4,17,11,30,2020-04-17 11:30
160,10.27,10.26,10.29,10.24,1925600.0,19751904.0,2020,4,17,13,15,2020-04-17 13:15
161,10.26,10.24,10.27,10.2,2414500.0,24681184.0,2020,4,17,13,30,2020-04-17 13:30
162,10.25,10.23,10.26,10.23,1617900.0,16573408.0,2020,4,17,13,45,2020-04-17 13:45
163,10.23,10.28,10.3,10.23,2342900.0,24053376.0,2020,4,17,14,0,2020-04-17 14:00
164,10.28,10.22,10.29,10.22,2340400.0,23996448.0,2020,4,17,14,15,2020-04-17 14:15
165,10.23,10.18,10.24,10.18,2866400.0,29250528.0,2020,4,17,14,30,2020-04-17 14:30
166,10.19,10.2,10.22,10.17,3156800.0,32164928.0,2020,4,17,14,45,2020-04-17 14:45
167,10.21,10.23,10.23,10.19,5792500.0,59153792.0,2020,4,17,15,0,2020-04-17 15:00
168,10.34,10.31,10.46,10.3,15727900.0,163227232.0,2020,4,20,9,45,2020-04-20 09:45
169,10.31,10.3,10.34,10.28,3522200.0,36308400.0,2020,4,20,10,0,2020-04-20 10:00
170,10.32,10.37,10.39,10.3,4037600.0,41851328.0,2020,4,20,10,15,2020-04-20 10:15
171,10.37,10.32,10.38,10.3,2180800.0,22547952.0,2020,4,20,10,30,2020-04-20 10:30
172,10.32,10.37,10.38,10.3,2570700.0,26589760.0,2020,4,20,10,45,2020-04-20 10:45
173,10.36,10.34,10.37,10.32,1350500.0,13971648.0,2020,4,20,11,0,2020-04-20 11:00
174,10.34,10.35,10.35,10.32,1124200.0,11619456.0,2020,4,20,11,15,2020-04-20 11:15
175,10.35,10.34,10.36,10.33,1064100.0,11007648.0,2020,4,20,11,30,2020-04-20 11:30
176,10.33,10.32,10.35,10.31,1293300.0,13357408.0,2020,4,20,13,15,2020-04-20 13:15
177,10.32,10.29,10.32,10.27,1834100.0,18879552.0,2020,4,20,13,30,2020-04-20 13:30
178,10.29,10.3,10.31,10.28,1298400.0,13369408.0,2020,4,20,13,45,2020-04-20 13:45
179,10.3,10.27,10.31,10.25,2105600.0,21639040.0,2020,4,20,14,0,2020-04-20 14:00
180,10.27,10.24,10.27,10.22,2511300.0,25726144.0,2020,4,20,14,15,2020-04-20 14:15
181,10.24,10.27,10.28,10.24,1507300.0,15470688.0,2020,4,20,14,30,2020-04-20 14:30
182,10.26,10.25,10.27,10.23,2524000.0,25863424.0,2020,4,20,14,45,2020-04-20 14:45
183,10.24,10.26,10.27,10.23,4343900.0,44526976.0,2020,4,20,15,0,2020-04-20 15:00
184,10.21,10.06,10.21,10.03,11577000.0,117064240.0,2020,4,21,9,45,2020-04-21 09:45
185,10.07,9.99,10.07,9.98,9792200.0,97967552.0,2020,4,21,10,0,2020-04-21 10:00
186,10.0,10.0,10.02,9.99,3168600.0,31693952.0,2020,4,21,10,15,2020-04-21 10:15
187,10.0,9.98,10.04,9.98,2870700.0,28722768.0,2020,4,21,10,30,2020-04-21 10:30
188,9.98,10.0,10.02,9.98,3015200.0,30133984.0,2020,4,21,10,45,2020-04-21 10:45
189,9.99,10.04,10.06,9.99,1734700.0,17386912.0,2020,4,21,11,0,2020-04-21 11:00
190,10.05,10.02,10.12,10.01,2994500.0,30163104.0,2020,4,21,11,15,2020-04-21 11:15
191,10.01,10.03,10.07,10.01,1307400.0,13103776.0,2020,4,21,11,30,2020-04-21 11:30
192,10.03,10.0,10.04,9.99,1791900.0,17930816.0,2020,4,21,13,15,2020-04-21 13:15
193,9.99,10.01,10.03,9.99,938000.0,9391296.0,2020,4,21,13,30,2020-04-21 13:30
194,10.01,10.01,10.03,10.0,893300.0,8943808.0,2020,4,21,13,45,2020-04-21 13:45
195,10.0,9.96,10.02,9.9,6330600.0,63010016.0,2020,4,21,14,0,2020-04-21 14:00
196,9.96,9.96,9.99,9.95,2301000.0,22919936.0,2020,4,21,14,15,2020-04-21 14:15
197,9.96,9.97,9.98,9.94,2823400.0,28121792.0,2020,4,21,14,30,2020-04-21 14:30
198,9.97,9.98,10.0,9.97,2108200.0,21047200.0,2020,4,21,14,45,2020-04-21 14:45
199,9.99,9.98,9.99,9.97,4092000.0,40843200.0,2020,4,21,15,0,2020-04-21 15:00
200,9.91,9.99,10.01,9.86,6689000.0,66300916.0,2020,4,22,9,45,2020-04-22 09:45
201,9.98,10.06,10.08,9.98,6037700.0,60661108.0,2020,4,22,10,0,2020-04-22 10:00
202,10.05,10.03,10.06,10.01,2443800.0,24517736.0,2020,4,22,10,15,2020-04-22 10:15
203,10.03,10.03,10.07,10.03,1997500.0,20078640.0,2020,4,22,10,30,2020-04-22 10:30
204,10.03,10.02,10.05,10.01,1360200.0,13646128.0,2020,4,22,10,45,2020-04-22 10:45
205,10.01,10.1,10.11,10.01,2861600.0,28789008.0,2020,4,22,11,0,2020-04-22 11:00
206,10.1,10.08,10.13,10.07,5564500.0,56218080.0,2020,4,22,11,15,2020-04-22 11:15
207,10.08,10.12,10.12,10.06,2198500.0,22185120.0,2020,4,22,11,30,2020-04-22 11:30
208,10.12,10.21,10.22,10.12,7728400.0,78599104.0,2020,4,22,13,15,2020-04-22 13:15
209,10.22,10.17,10.22,10.14,3519300.0,35826848.0,2020,4,22,13,30,2020-04-22 13:30
210,10.17,10.17,10.19,10.13,3103500.0,31506976.0,2020,4,22,13,45,2020-04-22 13:45
211,10.17,10.17,10.18,10.16,1138100.0,11576224.0,2020,4,22,14,0,2020-04-22 14:00
212,10.16,10.19,10.21,10.16,3288900.0,33517120.0,2020,4,22,14,15,2020-04-22 14:15
213,10.19,10.17,10.22,10.16,3069600.0,31301376.0,2020,4,22,14,30,2020-04-22 14:30
214,10.17,10.19,10.2,10.16,2243400.0,22851360.0,2020,4,22,14,45,2020-04-22 14:45
215,10.2,10.21,10.21,10.18,5134900.0,52348096.0,2020,4,22,15,0,2020-04-22 15:00
216,10.23,10.3,10.31,10.16,8025100.0,82097712.0,2020,4,23,9,45,2020-04-23 09:45
217,10.31,10.24,10.33,10.2,6100100.0,62594336.0,2020,4,23,10,0,2020-04-23 10:00
218,10.25,10.23,10.25,10.17,3395600.0,34653600.0,2020,4,23,10,15,2020-04-23 10:15
219,10.23,10.27,10.28,10.22,3799100.0,38973376.0,2020,4,23,10,30,2020-04-23 10:30
220,10.27,10.28,10.33,10.26,5126200.0,52793072.0,2020,4,23,10,45,2020-04-23 10:45
221,10.27,10.29,10.31,10.25,2675900.0,27505536.0,2020,4,23,11,0,2020-04-23 11:00
222,10.29,10.29,10.35,10.29,5856500.0,60477280.0,2020,4,23,11,15,2020-04-23 11:15
223,10.29,10.31,10.33,10.29,1726000.0,17795776.0,2020,4,23,11,30,2020-04-23 11:30
224,10.31,10.37,10.37,10.31,4005600.0,41438400.0,2020,4,23,13,15,2020-04-23 13:15
225,10.37,10.36,10.37,10.34,2855900.0,29584160.0,2020,4,23,13,30,2020-04-23 13:30
226,10.36,10.38,10.42,10.36,6169000.0,64133888.0,2020,4,23,13,45,2020-04-23 13:45
227,10.38,10.4,10.47,10.38,7294600.0,76079200.0,2020,4,23,14,0,2020-04-23 14:00
228,10.41,10.33,10.42,10.33,3386000.0,35139392.0,2020,4,23,14,15,2020-04-23 14:15
229,10.33,10.35,10.36,10.32,3029900.0,31332928.0,2020,4,23,14,30,2020-04-23 14:30
230,10.36,10.33,10.39,10.32,2874600.0,29753600.0,2020,4,23,14,45,2020-04-23 14:45
231,10.34,10.34,10.34,10.28,6037700.0,62274624.0,2020,4,23,15,0,2020-04-23 15:00
232,10.26,10.19,10.34,10.19,8194500.0,84094480.0,2020,4,24,9,45,2020-04-24 09:45
233,10.2,10.21,10.28,10.18,3625200.0,37025080.0,2020,4,24,10,0,2020-04-24 10:00
234,10.21,10.21,10.23,10.19,2484800.0,25365672.0,2020,4,24,10,15,2020-04-24 10:15
235,10.22,10.05,10.22,10.04,8817100.0,89201888.0,2020,4,24,10,30,2020-04-24 10:30
236,10.08,10.14,10.15,10.06,2273300.0,22958160.0,2020,4,24,10,45,2020-04-24 10:45
237,10.14,10.21,10.23,10.13,2226400.0,22685792.0,2020,4,24,11,0,2020-04-24 11:00
238,10.21,10.27,10.28,10.18,2108600.0,21582464.0,2020,4,24,11,15,2020-04-24 11:15
239,10.27,10.3,10.36,10.26,3822400.0,39453696.0,2020,4,24,11,30,2020-04-24 11:30
240,10.29,10.21,10.32,10.21,1739100.0,17851744.0,2020,4,24,13,15,2020-04-24 13:15
241,10.22,10.18,10.27,10.15,1491800.0,15233024.0,2020,4,24,13,30,2020-04-24 13:30
242,10.17,10.17,10.21,10.15,1489300.0,15147104.0,2020,4,24,13,45,2020-04-24 13:45
243,10.18,10.19,10.2,10.13,1366000.0,13886400.0,2020,4,24,14,0,2020-04-24 14:00
244,10.19,10.19,10.28,10.16,1699700.0,17375520.0,2020,4,24,14,15,2020-04-24 14:15
245,10.19,10.17,10.24,10.17,1624800.0,16581056.0,2020,4,24,14,30,2020-04-24 14:30
246,10.17,10.17,10.21,10.13,2511300.0,25531936.0,2020,4,24,14,45,2020-04-24 14:45
247,10.17,10.16,10.19,10.15,3600900.0,36603200.0,2020,4,24,15,0,2020-04-24 15:00
248,10.25,10.09,10.28,10.02,7825200.0,79386248.0,2020,4,27,9,45,2020-04-27 09:45
249,10.09,10.15,10.18,10.07,2903100.0,29381904.0,2020,4,27,10,0,2020-04-27 10:00
250,10.15,10.11,10.16,10.07,1742700.0,17634000.0,2020,4,27,10,15,2020-04-27 10:15
251,10.11,10.09,10.13,10.07,1033200.0,10436520.0,2020,4,27,10,30,2020-04-27 10:30
252,10.09,10.04,10.13,10.04,2109800.0,21261808.0,2020,4,27,10,45,2020-04-27 10:45
253,10.05,10.04,10.07,10.01,3824500.0,38378624.0,2020,4,27,11,0,2020-04-27 11:00
254,10.04,10.07,10.08,10.04,936400.0,9416304.0,2020,4,27,11,15,2020-04-27 11:15
255,10.07,10.09,10.12,10.06,1035000.0,10437344.0,2020,4,27,11,30,2020-04-27 11:30
256,10.09,10.05,10.1,10.04,1080100.0,10869312.0,2020,4,27,13,15,2020-04-27 13:15
257,10.05,10.04,10.05,10.02,1636300.0,16414736.0,2020,4,27,13,30,2020-04-27 13:30
258,10.04,10.01,10.04,10.0,3040700.0,30442336.0,2020,4,27,13,45,2020-04-27 13:45
259,10.01,9.99,10.02,9.97,3579800.0,35778848.0,2020,4,27,14,0,2020-04-27 14:00
260,10.0,9.93,10.0,9.92,4003900.0,39869600.0,2020,4,27,14,15,2020-04-27 14:15
261,9.93,9.93,9.96,9.9,3060000.0,30366304.0,2020,4,27,14,30,2020-04-27 14:30
262,9.94,9.93,9.95,9.91,2298100.0,22805056.0,2020,4,27,14,45,2020-04-27 14:45
263,9.93,9.91,9.93,9.9,4490400.0,44518368.0,2020,4,27,15,0,2020-04-27 15:00
264,9.91,9.96,10.02,9.86,5248300.0,52234124.0,2020,4,28,9,45,2020-04-28 09:45
265,9.96,9.2,9.96,9.2,12625500.0,121133952.0,2020,4,28,10,0,2020-04-28 10:00
266,9.21,9.42,9.5,9.2,9446800.0,88254656.0,2020,4,28,10,15,2020-04-28 10:15
267,9.42,9.44,9.52,9.4,2919800.0,27618768.0,2020,4,28,10,30,2020-04-28 10:30
268,9.44,9.56,9.57,9.43,2624500.0,25002400.0,2020,4,28,10,45,2020-04-28 10:45
269,9.55,9.55,9.56,9.44,2269000.0,21543328.0,2020,4,28,11,0,2020-04-28 11:00
270,9.56,9.51,9.57,9.49,1263600.0,12039104.0,2020,4,28,11,15,2020-04-28 11:15
271,9.51,9.57,9.57,9.5,1211800.0,11551264.0,2020,4,28,11,30,2020-04-28 11:30
272,9.56,9.46,9.57,9.44,2329500.0,22102752.0,2020,4,28,13,15,2020-04-28 13:15
273,9.46,9.5,9.52,9.45,971800.0,9217536.0,2020,4,28,13,30,2020-04-28 13:30
274,9.49,9.51,9.51,9.45,1404100.0,13302880.0,2020,4,28,13,45,2020-04-28 13:45
275,9.52,9.54,9.58,9.52,1708500.0,16317632.0,2020,4,28,14,0,2020-04-28 14:00
276,9.54,9.48,9.55,9.48,1420100.0,13515712.0,2020,4,28,14,15,2020-04-28 14:15
277,9.48,9.49,9.54,9.42,3168100.0,30001472.0,2020,4,28,14,30,2020-04-28 14:30
278,9.48,9.42,9.51,9.4,3356200.0,31684032.0,2020,4,28,14,45,2020-04-28 14:45
279,9.42,9.38,9.44,9.35,6461600.0,60596096.0,2020,4,28,15,0,2020-04-28 15:00
280,9.39,9.43,9.47,9.26,4332300.0,40682928.0,2020,4,29,9,45,2020-04-29 09:45
281,9.42,9.42,9.48,9.4,2636500.0,24861704.0,2020,4,29,10,0,2020-04-29 10:00
282,9.42,9.46,9.48,9.39,2549800.0,24057136.0,2020,4,29,10,15,2020-04-29 10:15
283,9.46,9.44,9.46,9.4,1440000.0,13584000.0,2020,4,29,10,30,2020-04-29 10:30
284,9.43,9.48,9.51,9.4,3146200.0,29732992.0,2020,4,29,10,45,2020-04-29 10:45
285,9.48,9.52,9.56,9.46,3328300.0,31698872.0,2020,4,29,11,0,2020-04-29 11:00
286,9.51,9.49,9.53,9.48,1775000.0,16877776.0,2020,4,29,11,15,2020-04-29 11:15
287,9.49,9.49,9.5,9.47,732300.0,6945568.0,2020,4,29,11,30,2020-04-29 11:30
288,9.49,9.5,9.52,9.47,1135400.0,10778432.0,2020,4,29,13,15,2020-04-29 13:15
289,9.5,9.52,9.55,9.49,1553900.0,14807824.0,2020,4,29,13,30,2020-04-29 13:30
290,9.51,9.51,9.52,9.47,1549600.0,14720832.0,2020,4,29,13,45,2020-04-29 13:45
291,9.51,9.55,9.55,9.49,1208000.0,11495856.0,2020,4,29,14,0,2020-04-29 14:00
292,9.55,9.51,9.55,9.5,1186200.0,11300176.0,2020,4,29,14,15,2020-04-29 14:15
293,9.51,9.53,9.58,9.5,2485400.0,23714368.0,2020,4,29,14,30,2020-04-29 14:30
294,9.52,9.58,9.63,9.52,4580500.0,43963552.0,2020,4,29,14,45,2020-04-29 14:45
295,9.58,9.52,9.58,9.52,3158800.0,30121760.0,2020,4,29,15,0,2020-04-29 15:00
296,9.6,9.58,9.63,9.56,5166200.0,49543184.0,2020,4,30,9,45,2020-04-30 09:45
297,9.58,9.54,9.58,9.5,3514300.0,33533856.0,2020,4,30,10,0,2020-04-30 10:00
298,9.53,9.55,9.55,9.51,3015900.0,28731968.0,2020,4,30,10,15,2020-04-30 10:15
299,9.55,9.67,9.67,9.52,2918500.0,27986448.0,2020,4,30,10,30,2020-04-30 10:30
300,9.67,9.62,9.67,9.6,2415900.0,23260992.0,2020,4,30,10,45,2020-04-30 10:45
301,9.62,9.61,9.65,9.59,1526100.0,14680352.0,2020,4,30,11,0,2020-04-30 11:00
302,9.61,9.62,9.62,9.59,854500.0,8208704.0,2020,4,30,11,15,2020-04-30 11:15
303,9.62,9.63,9.63,9.6,861500.0,8282880.0,2020,4,30,11,30,2020-04-30 11:30
304,9.63,9.62,9.64,9.61,866900.0,8343776.0,2020,4,30,13,15,2020-04-30 13:15
305,9.62,9.62,9.62,9.6,1001800.0,9630656.0,2020,4,30,13,30,2020-04-30 13:30
306,9.61,9.61,9.62,9.6,1067100.0,10254928.0,2020,4,30,13,45,2020-04-30 13:45
307,9.61,9.64,9.64,9.61,887800.0,8546880.0,2020,4,30,14,0,2020-04-30 14:00
308,9.63,9.64,9.66,9.63,1403300.0,13533376.0,2020,4,30,14,15,2020-04-30 14:15
309,9.64,9.64,9.64,9.61,1521500.0,14653296.0,2020,4,30,14,30,2020-04-30 14:30
310,9.64,9.62,9.64,9.62,1537500.0,14808928.0,2020,4,30,14,45,2020-04-30 14:45
311,9.62,9.63,9.63,9.61,3534800.0,34001152.0,2020,4,30,15,0,2020-04-30 15:00
312,9.6,9.72,9.76,9.53,6937800.0,67169728.0,2020,5,6,9,45,2020-05-06 09:45
313,9.72,9.77,9.83,9.72,4662100.0,45630280.0,2020,5,6,10,0,2020-05-06 10:00
314,9.77,9.82,9.85,9.76,2498000.0,24522776.0,2020,5,6,10,15,2020-05-06 10:15
315,9.82,9.82,9.83,9.78,1819100.0,17835168.0,2020,5,6,10,30,2020-05-06 10:30
316,9.82,9.75,9.83,9.74,1391900.0,13612608.0,2020,5,6,10,45,2020-05-06 10:45
317,9.75,9.78,9.79,9.74,1218500.0,11902176.0,2020,5,6,11,0,2020-05-06 11:00
318,9.78,9.8,9.81,9.77,744800.0,7293536.0,2020,5,6,11,15,2020-05-06 11:15
319,9.8,9.84,9.88,9.79,3167900.0,31184704.0,2020,5,6,11,30,2020-05-06 11:30
320,9.84,9.82,9.85,9.8,1170000.0,11489200.0,2020,5,6,13,15,2020-05-06 13:15
321,9.82,9.81,9.83,9.8,1045200.0,10255728.0,2020,5,6,13,30,2020-05-06 13:30
322,9.81,9.81,9.83,9.8,1060000.0,10401200.0,2020,5,6,13,45,2020-05-06 13:45
323,9.81,9.79,9.83,9.78,1238700.0,12136624.0,2020,5,6,14,0,2020-05-06 14:00
324,9.79,9.79,9.81,9.77,1438900.0,14090272.0,2020,5,6,14,15,2020-05-06 14:15
325,9.79,9.82,9.82,9.78,1633500.0,16003488.0,2020,5,6,14,30,2020-05-06 14:30
326,9.81,9.82,9.83,9.8,1060800.0,10410912.0,2020,5,6,14,45,2020-05-06 14:45
327,9.82,9.81,9.82,9.8,3657900.0,35875232.0,2020,5,6,15,0,2020-05-06 15:00
328,9.77,9.9,9.92,9.76,5478000.0,53892956.0,2020,5,7,9,45,2020-05-07 09:45
329,9.91,9.89,9.93,9.87,3110000.0,30807468.0,2020,5,7,10,0,2020-05-07 10:00
330,9.89,10.0,10.01,9.89,5466800.0,54464552.0,2020,5,7,10,15,2020-05-07 10:15
331,9.99,10.0,10.02,9.95,3803500.0,37997456.0,2020,5,7,10,30,2020-05-07 10:30
332,10.0,9.99,10.0,9.98,1471300.0,14700320.0,2020,5,7,10,45,2020-05-07 10:45
333,10.0,9.97,10.0,9.94,1716600.0,17098304.0,2020,5,7,11,0,2020-05-07 11:00
334,9.97,9.95,9.97,9.93,823900.0,8196720.0,2020,5,7,11,15,2020-05-07 11:15
335,9.95,9.95,9.96,9.93,789600.0,7852496.0,2020,5,7,11,30,2020-05-07 11:30
336,9.96,9.91,9.97,9.9,1640300.0,16296176.0,2020,5,7,13,15,2020-05-07 13:15
337,9.91,9.85,9.91,9.83,2304800.0,22729456.0,2020,5,7,13,30,2020-05-07 13:30
338,9.85,9.88,9.89,9.83,1454200.0,14338656.0,2020,5,7,13,45,2020-05-07 13:45
339,9.88,9.89,9.91,9.87,737400.0,7293280.0,2020,5,7,14,0,2020-05-07 14:00
340,9.88,9.91,9.92,9.88,900700.0,8917856.0,2020,5,7,14,15,2020-05-07 14:15
341,9.9,9.92,9.93,9.89,1432000.0,14189600.0,2020,5,7,14,30,2020-05-07 14:30
342,9.91,9.86,9.92,9.85,2359100.0,23295104.0,2020,5,7,14,45,2020-05-07 14:45
343,9.85,9.82,9.87,9.82,3437600.0,33806048.0,2020,5,7,15,0,2020-05-07 15:00
344,9.86,9.88,9.96,9.8,4948900.0,48878632.0,2020,5,8,9,45,2020-05-08 09:45
345,9.87,9.86,9.88,9.81,2918300.0,28734424.0,2020,5,8,10,0,2020-05-08 10:00
346,9.86,10.04,10.04,9.86,7070300.0,70505040.0,2020,5,8,10,15,2020-05-08 10:15
347,10.03,10.0,10.05,9.98,5164700.0,51738512.0,2020,5,8,10,30,2020-05-08 10:30
348,10.01,10.06,10.06,9.96,3820900.0,38275728.0,2020,5,8,10,45,2020-05-08 10:45
349,10.07,10.08,10.14,10.04,7718000.0,77940304.0,2020,5,8,11,0,2020-05-08 11:00
350,10.08,10.06,10.09,10.04,1509400.0,15196032.0,2020,5,8,11,15,2020-05-08 11:15
351,10.06,10.04,10.08,10.03,1021000.0,10266848.0,2020,5,8,11,30,2020-05-08 11:30
352,10.05,10.05,10.06,10.02,1095300.0,10995264.0,2020,5,8,13,15,2020-05-08 13:15
353,10.05,10.01,10.05,10.0,1544100.0,15473632.0,2020,5,8,13,30,2020-05-08 13:30
354,10.02,10.04,10.05,10.0,1170300.0,11728928.0,2020,5,8,13,45,2020-05-08 13:45
355,10.04,10.02,10.04,10.0,1129500.0,11317152.0,2020,5,8,14,0,2020-05-08 14:00
356,10.01,10.03,10.03,9.98,2331000.0,23308192.0,2020,5,8,14,15,2020-05-08 14:15
357,10.03,10.02,10.03,10.0,667600.0,6685952.0,2020,5,8,14,30,2020-05-08 14:30
358,10.02,10.0,10.02,9.99,1395100.0,13952224.0,2020,5,8,14,45,2020-05-08 14:45
359,10.0,10.01,10.02,9.98,3524900.0,35257728.0,2020,5,8,15,0,2020-05-08 15:00
360,9.99,9.99,10.09,9.93,5746500.0,57551088.0,2020,5,11,9,45,2020-05-11 09:45
361,10.0,9.96,10.01,9.95,3760500.0,37545336.0,2020,5,11,10,0,2020-05-11 10:00
362,9.96,9.97,9.99,9.96,2261400.0,22558248.0,2020,5,11,10,15,2020-05-11 10:15
363,9.97,9.95,9.97,9.91,3167600.0,31480080.0,2020,5,11,10,30,2020-05-11 10:30
364,9.94,9.96,9.98,9.93,1342900.0,13368352.0,2020,5,11,10,45,2020-05-11 10:45
365,9.95,9.94,9.97,9.93,806600.0,8029472.0,2020,5,11,11,0,2020-05-11 11:00
366,9.95,10.01,10.02,9.94,1754300.0,17523232.0,2020,5,11,11,15,2020-05-11 11:15
367,10.01,9.99,10.04,9.97,1231400.0,12318976.0,2020,5,11,11,30,2020-05-11 11:30
368,10.0,9.94,10.0,9.94,1258700.0,12548656.0,2020,5,11,13,15,2020-05-11 13:15
369,9.94,9.97,10.0,9.94,987400.0,9845136.0,2020,5,11,13,30,2020-05-11 13:30
370,9.97,9.94,9.98,9.94,1255500.0,12492880.0,2020,5,11,13,45,2020-05-11 13:45
371,9.94,9.92,9.96,9.92,1114600.0,11072048.0,2020,5,11,14,0,2020-05-11 14:00
372,9.93,9.94,9.96,9.92,859200.0,8540640.0,2020,5,11,14,15,2020-05-11 14:15
373,9.94,9.94,9.94,9.91,1468900.0,14577440.0,2020,5,11,14,30,2020-05-11 14:30
374,9.93,9.92,9.96,9.92,1111800.0,11049152.0,2020,5,11,14,45,2020-05-11 14:45
375,9.92,9.93,9.95,9.92,2506400.0,24899616.0,2020,5,11,15,0,2020-05-11 15:00
376,9.94,9.85,9.94,9.84,3225200.0,31875896.0,2020,5,12,9,45,2020-05-12 09:45
377,9.85,9.87,9.89,9.82,2745400.0,27021708.0,2020,5,12,10,0,2020-05-12 10:00
378,9.88,10.0,10.06,9.85,3961400.0,39555948.0,2020,5,12,10,15,2020-05-12 10:15
379,10.0,9.98,10.02,9.96,1690000.0,16883552.0,2020,5,12,10,30,2020-05-12 10:30
380,9.98,10.0,10.0,9.95,1443400.0,14411360.0,2020,5,12,10,45,2020-05-12 10:45
381,10.0,9.98,10.0,9.96,937300.0,9359472.0,2020,5,12,11,0,2020-05-12 11:00
382,9.98,9.92,9.99,9.91,1070800.0,10657280.0,2020,5,12,11,15,2020-05-12 11:15
383,9.92,9.83,9.93,9.82,2250600.0,22209936.0,2020,5,12,11,30,2020-05-12 11:30
384,9.84,9.89,9.9,9.81,1206100.0,11868016.0,2020,5,12,13,15,2020-05-12 13:15
385,9.89,9.92,9.93,9.87,775900.0,7676576.0,2020,5,12,13,30,2020-05-12 13:30
386,9.92,9.93,9.95,9.92,1306000.0,12975216.0,2020,5,12,13,45,2020-05-12 13:45
387,9.93,9.93,9.94,9.9,657300.0,6520992.0,2020,5,12,14,0,2020-05-12 14:00
388,9.93,9.91,9.94,9.87,894200.0,8857120.0,2020,5,12,14,15,2020-05-12 14:15
389,9.91,9.9,9.92,9.89,669600.0,6635184.0,2020,5,12,14,30,2020-05-12 14:30
390,9.9,9.95,9.96,9.9,1103300.0,10955552.0,2020,5,12,14,45,2020-05-12 14:45
391,9.96,9.96,9.98,9.94,2637900.0,26273824.0,2020,5,12,15,0,2020-05-12 15:00
392,10.02,10.03,10.08,9.9,6801100.0,68151248.0,2020,5,13,9,45,2020-05-13 09:45
393,10.04,10.14,10.18,10.01,9308000.0,94097776.0,2020,5,13,10,0,2020-05-13 10:00
394,10.14,10.1,10.15,10.08,3620300.0,36628512.0,2020,5,13,10,15,2020-05-13 10:15
395,10.09,10.14,10.15,10.09,2419400.0,24477008.0,2020,5,13,10,30,2020-05-13 10:30
396,10.14,10.21,10.21,10.12,6284700.0,63931952.0,2020,5,13,10,45,2020-05-13 10:45
397,10.21,10.21,10.21,10.17,3742600.0,38147552.0,2020,5,13,11,0,2020-05-13 11:00
398,10.2,10.25,10.25,10.16,4974500.0,50805088.0,2020,5,13,11,15,2020-05-13 11:15
399,10.25,10.34,10.38,10.25,10063200.0,103862848.0,2020,5,13,11,30,2020-05-13 11:30
400,10.34,10.28,10.34,10.25,2921100.0,30080256.0,2020,5,13,13,15,2020-05-13 13:15
401,10.29,10.27,10.32,10.23,1988400.0,20426848.0,2020,5,13,13,30,2020-05-13 13:30
402,10.28,10.25,10.28,10.23,1537300.0,15765376.0,2020,5,13,13,45,2020-05-13 13:45
403,10.26,10.25,10.27,10.24,1422100.0,14582016.0,2020,5,13,14,0,2020-05-13 14:00
404,10.25,10.21,10.28,10.19,3690900.0,37762176.0,2020,5,13,14,15,2020-05-13 14:15
405,10.22,10.22,10.25,10.2,1861200.0,19022144.0,2020,5,13,14,30,2020-05-13 14:30
406,10.22,10.26,10.27,10.21,1962600.0,20104256.0,2020,5,13,14,45,2020-05-13 14:45
407,10.26,10.26,10.27,10.23,3931400.0,40307136.0,2020,5,13,15,0,2020-05-13 15:00
408,10.19,10.12,10.2,10.1,6554000.0,66458380.0,2020,5,14,9,45,2020-05-14 09:45
409,10.13,10.14,10.16,10.09,3068100.0,31045452.0,2020,5,14,10,0,2020-05-14 10:00
410,10.14,10.11,10.15,10.08,2986200.0,30180064.0,2020,5,14,10,15,2020-05-14 10:15
411,10.1,10.1,10.12,10.09,1478300.0,14933080.0,2020,5,14,10,30,2020-05-14 10:30
412,10.1,10.15,10.15,10.08,1902500.0,19225824.0,2020,5,14,10,45,2020-05-14 10:45
413,10.15,10.14,10.17,10.12,1086700.0,11022768.0,2020,5,14,11,0,2020-05-14 11:00
414,10.13,10.12,10.17,10.12,1090300.0,11061872.0,2020,5,14,11,15,2020-05-14 11:15
415,10.13,10.13,10.15,10.08,1610500.0,16279280.0,2020,5,14,11,30,2020-05-14 11:30
416,10.14,10.07,10.14,10.07,1755300.0,17722416.0,2020,5,14,13,15,2020-05-14 13:15
417,10.08,10.07,10.09,10.06,1318200.0,13281024.0,2020,5,14,13,30,2020-05-14 13:30
418,10.07,10.09,10.1,10.06,864700.0,8712768.0,2020,5,14,13,45,2020-05-14 13:45
419,10.08,10.09,10.09,10.06,1344700.0,13545472.0,2020,5,14,14,0,2020-05-14 14:00
420,10.09,10.07,10.11,10.05,2416600.0,24341008.0,2020,5,14,14,15,2020-05-14 14:15
421,10.06,10.08,10.09,10.06,979100.0,9863104.0,2020,5,14,14,30,2020-05-14 14:30
422,10.07,10.04,10.09,10.04,2467400.0,24820480.0,2020,5,14,14,45,2020-05-14 14:45
423,10.04,10.02,10.06,10.02,3646400.0,36592000.0,2020,5,14,15,0,2020-05-14 15:00
424,10.07,10.13,10.16,10.05,3675500.0,37143568.0,2020,5,15,9,45,2020-05-15 09:45
425,10.13,10.07,10.15,10.06,2093500.0,21146600.0,2020,5,15,10,0,2020-05-15 10:00
426,10.08,10.03,10.08,10.01,2850700.0,28593632.0,2020,5,15,10,15,2020-05-15 10:15
427,10.03,10.03,10.03,9.97,2004800.0,20051888.0,2020,5,15,10,30,2020-05-15 10:30
428,10.03,10.05,10.07,10.02,1008800.0,10130624.0,2020,5,15,10,45,2020-05-15 10:45
429,10.05,10.01,10.06,10.0,787800.0,7890672.0,2020,5,15,11,0,2020-05-15 11:00
430,10.0,9.99,10.01,9.97,1757600.0,17557688.0,2020,5,15,11,15,2020-05-15 11:15
431,9.99,10.01,10.01,9.98,1020700.0,10201152.0,2020,5,15,11,30,2020-05-15 11:30
432,10.01,10.03,10.04,9.99,1276500.0,12784720.0,2020,5,15,13,15,2020-05-15 13:15
433,10.02,9.96,10.04,9.96,1999500.0,19979808.0,2020,5,15,13,30,2020-05-15 13:30
434,9.96,9.95,9.99,9.93,2390100.0,23792048.0,2020,5,15,13,45,2020-05-15 13:45
435,9.95,9.96,9.97,9.93,1094800.0,10889344.0,2020,5,15,14,0,2020-05-15 14:00
436,9.95,10.1,10.13,9.95,5683600.0,57313936.0,2020,5,15,14,15,2020-05-15 14:15
437,10.1,10.05,10.1,10.04,1198800.0,12070848.0,2020,5,15,14,30,2020-05-15 14:30
438,10.05,10.0,10.06,9.99,1394500.0,13970944.0,2020,5,15,14,45,2020-05-15 14:45
439,10.0,10.02,10.03,9.99,1782300.0,17856256.0,2020,5,15,15,0,2020-05-15 15:00
440,10.01,9.95,10.01,9.87,5386900.0,53471864.0,2020,5,18,9,45,2020-05-18 09:45
441,9.94,10.01,10.05,9.93,3255800.0,32567816.0,2020,5,18,10,0,2020-05-18 10:00
442,10.0,9.99,10.01,9.94,1924100.0,19187944.0,2020,5,18,10,15,2020-05-18 10:15
443,9.99,10.01,10.02,9.98,1251000.0,12508424.0,2020,5,18,10,30,2020-05-18 10:30
444,10.02,9.98,10.02,9.96,1445600.0,14449912.0,2020,5,18,10,45,2020-05-18 10:45
445,9.99,10.15,10.24,9.98,11567800.0,117687496.0,2020,5,18,11,0,2020-05-18 11:00
446,10.14,10.14,10.17,10.11,2871500.0,29120912.0,2020,5,18,11,15,2020-05-18 11:15
447,10.14,10.15,10.15,10.12,1453300.0,14731936.0,2020,5,18,11,30,2020-05-18 11:30
448,10.15,10.14,10.17,10.13,1895600.0,19246976.0,2020,5,18,13,15,2020-05-18 13:15
449,10.14,10.16,10.16,10.12,1420100.0,14400096.0,2020,5,18,13,30,2020-05-18 13:30
450,10.15,10.16,10.16,10.13,1184500.0,12018432.0,2020,5,18,13,45,2020-05-18 13:45
451,10.15,10.15,10.18,10.14,1997600.0,20290688.0,2020,5,18,14,0,2020-05-18 14:00
452,10.15,10.13,10.16,10.12,1827800.0,18525664.0,2020,5,18,14,15,2020-05-18 14:15
453,10.13,10.18,10.21,10.12,4848200.0,49369696.0,2020,5,18,14,30,2020-05-18 14:30
454,10.18,10.13,10.19,10.13,2676200.0,27185792.0,2020,5,18,14,45,2020-05-18 14:45
455,10.13,10.17,10.19,10.13,4203900.0,42735648.0,2020,5,18,15,0,2020-05-18 15:00
456,10.17,10.12,10.23,10.11,6882400.0,69935640.0,2020,5,19,9,45,2020-05-19 09:45
457,10.13,10.14,10.16,10.11,2563700.0,25968296.0,2020,5,19,10,0,2020-05-19 10:00
458,10.14,10.12,10.15,10.12,1492500.0,15115744.0,2020,5,19,10,15,2020-05-19 10:15
459,10.11,10.14,10.15,10.09,2048400.0,20717360.0,2020,5,19,10,30,2020-05-19 10:30
460,10.14,10.09,10.14,10.09,1595600.0,16131728.0,2020,5,19,10,45,2020-05-19 10:45
461,10.1,10.1,10.11,10.09,1001900.0,10116592.0,2020,5,19,11,0,2020-05-19 11:00
462,10.1,10.15,10.15,10.1,887800.0,8987584.0,2020,5,19,11,15,2020-05-19 11:15
463,10.14,10.13,10.15,10.1,771300.0,7810096.0,2020,5,19,11,30,2020-05-19 11:30
464,10.13,10.11,10.14,10.11,711800.0,7206224.0,2020,5,19,13,15,2020-05-19 13:15
465,10.11,10.11,10.13,10.1,702800.0,7106640.0,2020,5,19,13,30,2020-05-19 13:30
466,10.11,10.13,10.13,10.09,2229800.0,22529600.0,2020,5,19,13,45,2020-05-19 13:45
467,10.12,10.09,10.13,10.08,1344800.0,13583472.0,2020,5,19,14,0,2020-05-19 14:00
468,10.09,10.07,10.1,10.04,2927000.0,29477456.0,2020,5,19,14,15,2020-05-19 14:15
469,10.07,10.07,10.08,10.05,1748700.0,17598848.0,2020,5,19,14,30,2020-05-19 14:30
470,10.07,10.1,10.1,10.06,2016600.0,20313984.0,2020,5,19,14,45,2020-05-19 14:45
471,10.1,10.1,10.12,10.09,2372200.0,23959872.0,2020,5,19,15,0,2020-05-19 15:00
472,10.11,10.17,10.18,10.05,4805700.0,48593544.0,2020,5,20,9,45,2020-05-20 09:45
473,10.16,10.16,10.18,10.14,3719200.0,37785960.0,2020,5,20,10,0,2020-05-20 10:00
474,10.16,10.18,10.21,10.16,3661900.0,37299760.0,2020,5,20,10,15,2020-05-20 10:15
475,10.18,10.14,10.18,10.13,1791300.0,18177408.0,2020,5,20,10,30,2020-05-20 10:30
476,10.13,10.19,10.2,10.12,2148800.0,21842112.0,2020,5,20,10,45,2020-05-20 10:45
477,10.18,10.23,10.23,10.16,4653300.0,47477056.0,2020,5,20,11,0,2020-05-20 11:00
478,10.23,10.19,10.25,10.18,3996200.0,40835344.0,2020,5,20,11,15,2020-05-20 11:15
479,10.19,10.16,10.2,10.14,1125100.0,11435888.0,2020,5,20,11,30,2020-05-20 11:30
480,10.16,10.22,10.25,10.16,3138400.0,32044000.0,2020,5,20,13,15,2020-05-20 13:15
481,10.22,10.27,10.3,10.2,6807800.0,69877728.0,2020,5,20,13,30,2020-05-20 13:30
482,10.27,10.29,10.32,10.26,5212300.0,53661216.0,2020,5,20,13,45,2020-05-20 13:45
483,10.3,10.26,10.3,10.22,2884500.0,29618624.0,2020,5,20,14,0,2020-05-20 14:00
484,10.25,10.29,10.3,10.24,3529200.0,36253760.0,2020,5,20,14,15,2020-05-20 14:15
485,10.29,10.31,10.33,10.26,4895400.0,50414432.0,2020,5,20,14,30,2020-05-20 14:30
486,10.32,10.29,10.33,10.29,5747200.0,59258720.0,2020,5,20,14,45,2020-05-20 14:45
487,10.29,10.3,10.31,10.26,5551600.0,57123968.0,2020,5,20,15,0,2020-05-20 15:00
488,10.3,10.31,10.42,10.28,10837400.0,112130728.0,2020,5,21,9,45,2020-05-21 09:45
489,10.31,10.22,10.31,10.18,4922300.0,50456808.0,2020,5,21,10,0,2020-05-21 10:00
490,10.22,10.19,10.25,10.19,2883100.0,29442704.0,2020,5,21,10,15,2020-05-21 10:15
491,10.19,10.21,10.23,10.18,1475600.0,15053536.0,2020,5,21,10,30,2020-05-21 10:30
492,10.22,10.22,10.23,10.19,1058400.0,10808624.0,2020,5,21,10,45,2020-05-21 10:45
493,10.22,10.23,10.23,10.2,1023900.0,10459472.0,2020,5,21,11,0,2020-05-21 11:00
494,10.22,10.2,10.23,10.19,977200.0,9972800.0,2020,5,21,11,15,2020-05-21 11:15
495,10.2,10.15,10.22,10.14,2175700.0,22132912.0,2020,5,21,11,30,2020-05-21 11:30
496,10.16,10.14,10.17,10.14,1160600.0,11785776.0,2020,5,21,13,15,2020-05-21 13:15
497,10.15,10.13,10.15,10.12,1958000.0,19836320.0,2020,5,21,13,30,2020-05-21 13:30
498,10.13,10.09,10.13,10.05,3029700.0,30553312.0,2020,5,21,13,45,2020-05-21 13:45
499,10.08,10.1,10.12,10.08,989300.0,9993728.0,2020,5,21,14,0,2020-05-21 14:00
500,10.11,10.08,10.11,10.05,1827600.0,18403392.0,2020,5,21,14,15,2020-05-21 14:15
501,10.07,10.01,10.11,10.0,4217900.0,42354688.0,2020,5,21,14,30,2020-05-21 14:30
502,10.01,10.05,10.07,10.01,1942900.0,19505632.0,2020,5,21,14,45,2020-05-21 14:45
503,10.04,10.09,10.1,10.04,2478400.0,24977536.0,2020,5,21,15,0,2020-05-21 15:00
504,10.04,9.99,10.08,9.96,4172700.0,41716476.0,2020,5,22,9,45,2020-05-22 09:45
505,9.98,10.07,10.09,9.96,2457100.0,24623984.0,2020,5,22,10,0,2020-05-22 10:00
506,10.07,10.08,10.12,10.04,1693700.0,17094676.0,2020,5,22,10,15,2020-05-22 10:15
507,10.07,10.03,10.08,10.02,1128200.0,11327672.0,2020,5,22,10,30,2020-05-22 10:30
508,10.04,10.04,10.07,9.99,1290400.0,12944472.0,2020,5,22,10,45,2020-05-22 10:45
509,10.03,10.02,10.04,10.0,1208100.0,12106824.0,2020,5,22,11,0,2020-05-22 11:00
510,10.02,10.04,10.05,10.01,873900.0,8761368.0,2020,5,22,11,15,2020-05-22 11:15
511,10.05,10.11,10.11,10.02,1452300.0,14609184.0,2020,5,22,11,30,2020-05-22 11:30
512,10.15,10.01,10.15,9.99,2527100.0,25398816.0,2020,5,22,13,15,2020-05-22 13:15
513,10.0,9.92,10.01,9.86,4110600.0,40836656.0,2020,5,22,13,30,2020-05-22 13:30
514,9.92,9.96,9.98,9.91,1359800.0,13528288.0,2020,5,22,13,45,2020-05-22 13:45
515,9.96,10.0,10.03,9.95,1222400.0,12215328.0,2020,5,22,14,0,2020-05-22 14:00
516,10.0,10.2,10.21,10.0,6925300.0,70341312.0,2020,5,22,14,15,2020-05-22 14:15
517,10.2,10.29,10.33,10.17,8127900.0,83322176.0,2020,5,22,14,30,2020-05-22 14:30
518,10.29,10.28,10.37,10.25,7408000.0,76365472.0,2020,5,22,14,45,2020-05-22 14:45
519,10.26,10.35,10.35,10.26,10427200.0,107567296.0,2020,5,22,15,0,2020-05-22 15:00
520,10.26,10.52,10.55,10.22,19795300.0,206520064.0,2020,5,25,9,45,2020-05-25 09:45
521,10.53,10.48,10.55,10.46,11364800.0,119410304.0,2020,5,25,10,0,2020-05-25 10:00
522,10.48,10.35,10.5,10.32,5296600.0,55099360.0,2020,5,25,10,15,2020-05-25 10:15
523,10.35,10.35,10.38,10.33,2381500.0,24652384.0,2020,5,25,10,30,2020-05-25 10:30
524,10.35,10.34,10.38,10.34,2083200.0,21565280.0,2020,5,25,10,45,2020-05-25 10:45
525,10.34,10.4,10.4,10.32,1858000.0,19226176.0,2020,5,25,11,0,2020-05-25 11:00
526,10.4,10.4,10.43,10.38,1057500.0,11001632.0,2020,5,25,11,15,2020-05-25 11:15
527,10.4,10.36,10.43,10.35,1141700.0,11865728.0,2020,5,25,11,30,2020-05-25 11:30
528,10.37,10.34,10.39,10.33,1698800.0,17598272.0,2020,5,25,13,15,2020-05-25 13:15
529,10.33,10.38,10.41,10.33,1074200.0,11151168.0,2020,5,25,13,30,2020-05-25 13:30
530,10.37,10.32,10.38,10.32,1382200.0,14298528.0,2020,5,25,13,45,2020-05-25 13:45
531,10.33,10.34,10.36,10.31,1807300.0,18671584.0,2020,5,25,14,0,2020-05-25 14:00
532,10.35,10.33,10.38,10.32,1232200.0,12747712.0,2020,5,25,14,15,2020-05-25 14:15
533,10.33,10.3,10.34,10.27,3048500.0,31404928.0,2020,5,25,14,30,2020-05-25 14:30
534,10.3,10.37,10.39,10.3,2682500.0,27790080.0,2020,5,25,14,45,2020-05-25 14:45
535,10.37,10.37,10.37,10.31,3021000.0,31256832.0,2020,5,25,15,0,2020-05-25 15:00
536,10.26,10.29,10.3,10.18,8141300.0,83339448.0,2020,5,26,9,45,2020-05-26 09:45
537,10.3,10.39,10.4,10.24,3775300.0,39046584.0,2020,5,26,10,0,2020-05-26 10:00
538,10.39,10.42,10.47,10.37,5392900.0,56253248.0,2020,5,26,10,15,2020-05-26 10:15
539,10.43,10.47,10.49,10.41,4141900.0,43272640.0,2020,5,26,10,30,2020-05-26 10:30
540,10.48,10.45,10.51,10.45,4664000.0,48916400.0,2020,5,26,10,45,2020-05-26 10:45
541,10.46,10.48,10.48,10.41,2038100.0,21281472.0,2020,5,26,11,0,2020-05-26 11:00
542,10.48,10.46,10.48,10.45,1615600.0,16904384.0,2020,5,26,11,15,2020-05-26 11:15
543,10.45,10.45,10.47,10.44,994600.0,10396928.0,2020,5,26,11,30,2020-05-26 11:30
544,10.45,10.53,10.56,10.45,6447100.0,67814880.0,2020,5,26,13,15,2020-05-26 13:15
545,10.53,10.61,10.69,10.51,12744600.0,135233600.0,2020,5,26,13,30,2020-05-26 13:30
546,10.6,10.6,10.62,10.57,3381400.0,35836864.0,2020,5,26,13,45,2020-05-26 13:45
547,10.6,10.6,10.62,10.58,2903700.0,30794496.0,2020,5,26,14,0,2020-05-26 14:00
548,10.59,10.59,10.62,10.59,3210400.0,34040832.0,2020,5,26,14,15,2020-05-26 14:15
549,10.59,10.58,10.6,10.56,3070900.0,32510784.0,2020,5,26,14,30,2020-05-26 14:30
550,10.57,10.56,10.6,10.55,2396500.0,25349888.0,2020,5,26,14,45,2020-05-26 14:45
551,10.56,10.63,10.63,10.56,6994900.0,74154432.0,2020,5,26,15,0,2020-05-26 15:00
552,10.62,10.53,10.62,10.47,7464100.0,78556640.0,2020,5,27,9,45,2020-05-27 09:45
553,10.52,10.55,10.59,10.51,3291700.0,34692912.0,2020,5,27,10,0,2020-05-27 10:00
554,10.56,10.62,10.65,10.5,4706600.0,49763184.0,2020,5,27,10,15,2020-05-27 10:15
555,10.62,10.54,10.65,10.54,1988600.0,21077216.0,2020,5,27,10,30,2020-05-27 10:30
556,10.54,10.55,10.6,10.51,1613600.0,17014896.0,2020,5,27,10,45,2020-05-27 10:45
557,10.54,10.51,10.55,10.5,1509000.0,15868592.0,2020,5,27,11,0,2020-05-27 11:00
558,10.51,10.52,10.57,10.48,2331900.0,24546432.0,2020,5,27,11,15,2020-05-27 11:15
559,10.52,10.58,10.59,10.52,1021300.0,10783280.0,2020,5,27,11,30,2020-05-27 11:30
560,10.59,10.6,10.6,10.56,1297000.0,13723344.0,2020,5,27,13,15,2020-05-27 13:15
561,10.59,10.83,10.84,10.59,11718100.0,125862944.0,2020,5,27,13,30,2020-05-27 13:30
562,10.83,10.83,11.04,10.77,16617800.0,181373280.0,2020,5,27,13,45,2020-05-27 13:45
563,10.83,10.85,10.95,10.81,6265900.0,68214208.0,2020,5,27,14,0,2020-05-27 14:00
564,10.85,10.79,10.89,10.77,3594100.0,38903744.0,2020,5,27,14,15,2020-05-27 14:15
565,10.79,10.74,10.81,10.71,4650300.0,50048256.0,2020,5,27,14,30,2020-05-27 14:30
566,10.74,10.7,10.8,10.69,3708900.0,39813440.0,2020,5,27,14,45,2020-05-27 14:45
567,10.69,10.69,10.73,10.63,5719200.0,61112896.0,2020,5,27,15,0,2020-05-27 15:00
568,10.73,10.61,10.79,10.61,8867700.0,94960312.0,2020,5,28,9,45,2020-05-28 09:45
569,10.6,10.64,10.71,10.59,3124600.0,33248008.0,2020,5,28,10,0,2020-05-28 10:00
570,10.65,10.57,10.66,10.53,4348500.0,46001136.0,2020,5,28,10,15,2020-05-28 10:15
571,10.57,10.53,10.58,10.48,5673100.0,59602928.0,2020,5,28,10,30,2020-05-28 10:30
572,10.52,10.49,10.53,10.48,2297700.0,24123888.0,2020,5,28,10,45,2020-05-28 10:45
573,10.49,10.48,10.51,10.44,2955300.0,30943856.0,2020,5,28,11,0,2020-05-28 11:00
574,10.48,10.45,10.48,10.44,2038300.0,21311232.0,2020,5,28,11,15,2020-05-28 11:15
575,10.45,10.37,10.46,10.34,4509000.0,46853664.0,2020,5,28,11,30,2020-05-28 11:30
576,10.37,10.4,10.43,10.32,3212000.0,33257472.0,2020,5,28,13,15,2020-05-28 13:15
577,10.41,10.42,10.46,10.35,1777500.0,18480384.0,2020,5,28,13,30,2020-05-28 13:30
578,10.42,10.39,10.45,10.36,1283900.0,13355488.0,2020,5,28,13,45,2020-05-28 13:45
579,10.39,10.4,10.42,10.36,1835000.0,19044640.0,2020,5,28,14,0,2020-05-28 14:00
580,10.42,10.46,10.47,10.41,1437800.0,15014944.0,2020,5,28,14,15,2020-05-28 14:15
581,10.44,10.56,10.62,10.44,3983400.0,41980896.0,2020,5,28,14,30,2020-05-28 14:30
582,10.56,10.55,10.68,10.55,3344200.0,35487584.0,2020,5,28,14,45,2020-05-28 14:45
583,10.55,10.51,10.57,10.5,3356600.0,35327616.0,2020,5,28,15,0,2020-05-28 15:00
584,10.58,10.69,10.7,10.55,9551400.0,101465504.0,2020,5,29,9,45,2020-05-29 09:45
585,10.7,10.82,10.83,10.66,7015200.0,75350720.0,2020,5,29,10,0,2020-05-29 10:00
586,10.82,10.78,10.99,10.77,12736800.0,138668096.0,2020,5,29,10,15,2020-05-29 10:15
587,10.78,10.88,10.89,10.77,4291300.0,46448032.0,2020,5,29,10,30,2020-05-29 10:30
588,10.87,10.87,11.01,10.86,10465600.0,114538144.0,2020,5,29,10,45,2020-05-29 10:45
589,10.87,10.88,10.91,10.85,2469800.0,26865568.0,2020,5,29,11,0,2020-05-29 11:00
590,10.89,10.84,10.9,10.81,3102400.0,33673280.0,2020,5,29,11,15,2020-05-29 11:15
591,10.83,10.93,10.97,10.78,4204400.0,45772160.0,2020,5,29,11,30,2020-05-29 11:30
592,10.95,10.97,11.05,10.94,8890900.0,97754688.0,2020,5,29,13,15,2020-05-29 13:15
593,10.97,10.93,11.0,10.92,3032900.0,33269504.0,2020,5,29,13,30,2020-05-29 13:30
594,10.94,10.96,11.0,10.92,3643100.0,39964992.0,2020,5,29,13,45,2020-05-29 13:45
595,10.96,10.95,11.03,10.94,4496800.0,49420032.0,2020,5,29,14,0,2020-05-29 14:00
596,10.93,10.98,11.0,10.93,3416000.0,37489984.0,2020,5,29,14,15,2020-05-29 14:15
597,10.99,10.94,10.99,10.92,2869100.0,31424768.0,2020,5,29,14,30,2020-05-29 14:30
598,10.95,10.97,11.03,10.94,5167000.0,56795200.0,2020,5,29,14,45,2020-05-29 14:45
599,10.97,10.94,10.98,10.91,7236000.0,79161472.0,2020,5,29,15,0,2020-05-29 15:00
600,11.05,10.97,11.08,10.85,15339800.0,168436400.0,2020,6,1,9,45,2020-06-01 09:45
601,10.97,11.03,11.12,10.97,7708500.0,85233712.0,2020,6,1,10,0,2020-06-01 10:00
602,11.02,10.94,11.04,10.89,7126500.0,78068416.0,2020,6,1,10,15,2020-06-01 10:15
603,10.94,10.86,10.95,10.86,4787800.0,52170496.0,2020,6,1,10,30,2020-06-01 10:30
604,10.86,10.87,10.9,10.84,4349200.0,47254720.0,2020,6,1,10,45,2020-06-01 10:45
605,10.87,10.88,10.94,10.87,2778900.0,30282720.0,2020,6,1,11,0,2020-06-01 11:00
606,10.89,10.93,11.0,10.88,3143600.0,34372864.0,2020,6,1,11,15,2020-06-01 11:15
607,10.93,10.99,11.03,10.89,2391400.0,26208160.0,2020,6,1,11,30,2020-06-01 11:30
608,11.0,11.03,11.05,10.96,3103800.0,34178656.0,2020,6,1,13,15,2020-06-01 13:15
609,11.01,11.07,11.1,10.98,5225600.0,57728576.0,2020,6,1,13,30,2020-06-01 13:30
610,11.07,11.06,11.08,11.0,2297600.0,25389376.0,2020,6,1,13,45,2020-06-01 13:45
611,11.06,11.02,11.07,11.01,2830000.0,31237312.0,2020,6,1,14,0,2020-06-01 14:00
612,11.02,11.17,11.2,10.99,10902300.0,121193728.0,2020,6,1,14,15,2020-06-01 14:15
613,11.17,11.26,11.31,11.15,10108900.0,113482176.0,2020,6,1,14,30,2020-06-01 14:30
614,11.27,11.25,11.29,11.21,4954400.0,55686400.0,2020,6,1,14,45,2020-06-01 14:45
615,11.26,11.25,11.27,11.21,7594800.0,85338944.0,2020,6,1,15,0,2020-06-01 15:00
616,12.0,11.8,12.19,11.7,115995104.0,1386884736.0,2020,6,2,9,45,2020-06-02 09:45
617,11.81,11.6,11.83,11.54,30020900.0,349996928.0,2020,6,2,10,0,2020-06-02 10:00
618,11.6,11.58,11.62,11.4,20827000.0,239828352.0,2020,6,2,10,15,2020-06-02 10:15
619,11.57,11.47,11.58,11.41,9827400.0,113002752.0,2020,6,2,10,30,2020-06-02 10:30
620,11.48,11.55,11.55,11.45,7700200.0,88494720.0,2020,6,2,10,45,2020-06-02 10:45
621,11.55,11.85,11.85,11.55,9721100.0,113792000.0,2020,6,2,11,0,2020-06-02 11:00
622,11.86,12.38,12.38,11.77,31948800.0,390205440.0,2020,6,2,11,15,2020-06-02 11:15
623,12.38,12.18,12.38,12.09,17801600.0,219922944.0,2020,6,2,11,30,2020-06-02 11:30
624,12.18,12.19,12.38,12.1,13154100.0,161037568.0,2020,6,2,13,15,2020-06-02 13:15
625,12.18,12.12,12.26,12.11,5739400.0,69890816.0,2020,6,2,13,30,2020-06-02 13:30
626,12.13,12.34,12.34,12.07,5550600.0,67608064.0,2020,6,2,13,45,2020-06-02 13:45
627,12.35,12.24,12.38,12.2,8586700.0,105840384.0,2020,6,2,14,0,2020-06-02 14:00
628,12.24,12.14,12.25,12.08,3990300.0,48468480.0,2020,6,2,14,15,2020-06-02 14:15
629,12.13,12.27,12.32,12.12,4966200.0,60645120.0,2020,6,2,14,30,2020-06-02 14:30
630,12.27,12.14,12.28,12.13,3796300.0,46237696.0,2020,6,2,14,45,2020-06-02 14:45
631,12.13,11.91,12.14,11.84,15258600.0,182003456.0,2020,6,2,15,0,2020-06-02 15:00
632,11.55,11.69,11.77,11.41,43104900.0,499154528.0,2020,6,3,9,45,2020-06-03 09:45
633,11.68,11.52,11.77,11.46,16418500.0,190644896.0,2020,6,3,10,0,2020-06-03 10:00
634,11.5,11.51,11.57,11.39,16608800.0,190226560.0,2020,6,3,10,15,2020-06-03 10:15
635,11.51,11.39,11.53,11.38,7920300.0,90671360.0,2020,6,3,10,30,2020-06-03 10:30
636,11.38,11.39,11.45,11.38,7692500.0,87665984.0,2020,6,3,10,45,2020-06-03 10:45
637,11.39,11.45,11.45,11.25,15062100.0,170562240.0,2020,6,3,11,0,2020-06-03 11:00
638,11.43,11.42,11.45,11.37,3758600.0,42875136.0,2020,6,3,11,15,2020-06-03 11:15
639,11.41,11.37,11.45,11.27,8440700.0,95793792.0,2020,6,3,11,30,2020-06-03 11:30
640,11.36,11.5,11.53,11.36,6725600.0,77026048.0,2020,6,3,13,15,2020-06-03 13:15
641,11.5,11.43,11.51,11.38,3919800.0,44860416.0,2020,6,3,13,30,2020-06-03 13:30
642,11.43,11.5,11.55,11.42,3956700.0,45452672.0,2020,6,3,13,45,2020-06-03 13:45
643,11.49,11.48,11.54,11.43,4072000.0,46785536.0,2020,6,3,14,0,2020-06-03 14:00
644,11.48,11.41,11.49,11.39,4485700.0,51225216.0,2020,6,3,14,15,2020-06-03 14:15
645,11.41,11.32,11.43,11.3,7149700.0,81088768.0,2020,6,3,14,30,2020-06-03 14:30
646,11.32,11.34,11.38,11.28,6825900.0,77205888.0,2020,6,3,14,45,2020-06-03 14:45
647,11.34,11.25,11.34,11.25,11503700.0,129751552.0,2020,6,3,15,0,2020-06-03 15:00
648,11.14,11.45,11.49,11.07,23587800.0,266058592.0,2020,6,4,9,45,2020-06-04 09:45
649,11.44,11.28,11.46,11.27,12212600.0,138780960.0,2020,6,4,10,0,2020-06-04 10:00
650,11.25,11.36,11.36,11.25,4953200.0,56000928.0,2020,6,4,10,15,2020-06-04 10:15
651,11.35,11.34,11.42,11.3,4354400.0,49522912.0,2020,6,4,10,30,2020-06-04 10:30
652,11.34,11.31,11.36,11.28,2413200.0,27315520.0,2020,6,4,10,45,2020-06-04 10:45
653,11.31,11.25,11.31,11.19,4309600.0,48414976.0,2020,6,4,11,0,2020-06-04 11:00
654,11.26,11.2,11.28,11.18,2703600.0,30321536.0,2020,6,4,11,15,2020-06-04 11:15
655,11.18,11.24,11.25,11.18,2918700.0,32691648.0,2020,6,4,11,30,2020-06-04 11:30
656,11.24,11.24,11.28,11.22,1627100.0,18317504.0,2020,6,4,13,15,2020-06-04 13:15
657,11.25,11.28,11.33,11.24,2290800.0,25862528.0,2020,6,4,13,30,2020-06-04 13:30
658,11.28,11.16,11.28,11.12,3565800.0,39912960.0,2020,6,4,13,45,2020-06-04 13:45
659,11.16,11.18,11.21,11.13,3232000.0,36078464.0,2020,6,4,14,0,2020-06-04 14:00
660,11.18,11.16,11.21,11.16,2190700.0,24481600.0,2020,6,4,14,15,2020-06-04 14:15
661,11.16,11.3,11.32,11.16,4424700.0,49866688.0,2020,6,4,14,30,2020-06-04 14:30
662,11.31,11.2,11.31,11.18,3851900.0,43258560.0,2020,6,4,14,45,2020-06-04 14:45
663,11.19,11.23,11.25,11.19,5333600.0,59898560.0,2020,6,4,15,0,2020-06-04 15:00
664,11.14,11.23,11.29,11.11,7723300.0,86455712.0,2020,6,5,9,45,2020-06-05 09:45
665,11.24,11.23,11.28,11.21,4527100.0,50899200.0,2020,6,5,10,0,2020-06-05 10:00
666,11.24,11.28,11.35,11.23,8010700.0,90638256.0,2020,6,5,10,15,2020-06-05 10:15
667,11.28,11.25,11.3,11.23,4140100.0,46616176.0,2020,6,5,10,30,2020-06-05 10:30
668,11.25,11.22,11.25,11.18,4029000.0,45162592.0,2020,6,5,10,45,2020-06-05 10:45
669,11.22,11.18,11.23,11.16,2509600.0,28063360.0,2020,6,5,11,0,2020-06-05 11:00
670,11.18,11.18,11.19,11.12,3399400.0,37913312.0,2020,6,5,11,15,2020-06-05 11:15
671,11.17,11.08,11.18,11.05,6674800.0,74050304.0,2020,6,5,11,30,2020-06-05 11:30
672,11.08,10.99,11.08,10.97,6923000.0,76233056.0,2020,6,5,13,15,2020-06-05 13:15
673,10.99,10.99,11.03,10.95,3917400.0,43046048.0,2020,6,5,13,30,2020-06-05 13:30
674,10.99,10.98,11.06,10.97,2676500.0,29467648.0,2020,6,5,13,45,2020-06-05 13:45
675,10.98,11.0,11.02,10.96,2661500.0,29238848.0,2020,6,5,14,0,2020-06-05 14:00
676,11.0,11.05,11.11,11.0,4859100.0,53798976.0,2020,6,5,14,15,2020-06-05 14:15
677,11.05,11.03,11.07,11.0,2929100.0,32307712.0,2020,6,5,14,30,2020-06-05 14:30
678,11.03,10.99,11.03,10.96,5579700.0,61345920.0,2020,6,5,14,45,2020-06-05 14:45
679,10.99,10.91,10.99,10.89,10637500.0,116280256.0,2020,6,5,15,0,2020-06-05 15:00
680,11.08,11.16,11.16,10.99,12006500.0,132924376.0,2020,6,8,9,45,2020-06-08 09:45
681,11.16,11.04,11.16,11.04,4810100.0,53358648.0,2020,6,8,10,0,2020-06-08 10:00
682,11.05,11.06,11.09,10.98,4789500.0,52868304.0,2020,6,8,10,15,2020-06-08 10:15
683,11.06,11.28,11.32,10.99,15934500.0,178946624.0,2020,6,8,10,30,2020-06-08 10:30
684,11.27,11.18,11.28,11.15,4389800.0,49175328.0,2020,6,8,10,45,2020-06-08 10:45
685,11.18,11.17,11.26,11.15,3203000.0,35877856.0,2020,6,8,11,0,2020-06-08 11:00
686,11.18,11.3,11.3,11.16,5131100.0,57783136.0,2020,6,8,11,15,2020-06-08 11:15
687,11.3,11.47,11.47,11.22,11457800.0,130131392.0,2020,6,8,11,30,2020-06-08 11:30
688,11.48,11.42,11.6,11.37,16567600.0,190609088.0,2020,6,8,13,15,2020-06-08 13:15
689,11.42,11.41,11.43,11.35,4337900.0,49411712.0,2020,6,8,13,30,2020-06-08 13:30
690,11.41,11.43,11.54,11.33,7390500.0,84610112.0,2020,6,8,13,45,2020-06-08 13:45
691,11.42,11.39,11.47,11.37,3546500.0,40465344.0,2020,6,8,14,0,2020-06-08 14:00
692,11.38,11.3,11.39,11.3,3536900.0,40148736.0,2020,6,8,14,15,2020-06-08 14:15
693,11.3,11.26,11.3,11.2,4394300.0,49444480.0,2020,6,8,14,30,2020-06-08 14:30
694,11.26,11.24,11.27,11.18,4136700.0,46392576.0,2020,6,8,14,45,2020-06-08 14:45
695,11.24,11.2,11.24,11.18,6433800.0,72076288.0,2020,6,8,15,0,2020-06-08 15:00
696,11.1,11.02,11.12,10.99,13220000.0,145928992.0,2020,6,9,9,45,2020-06-09 09:45
697,11.02,10.81,11.02,10.81,15381800.0,167801344.0,2020,6,9,10,0,2020-06-09 10:00
698,10.8,10.81,10.89,10.77,9417900.0,101927680.0,2020,6,9,10,15,2020-06-09 10:15
699,10.83,10.76,10.84,10.74,7366000.0,79403712.0,2020,6,9,10,30,2020-06-09 10:30
700,10.77,10.8,10.83,10.76,3230000.0,34876288.0,2020,6,9,10,45,2020-06-09 10:45
701,10.8,10.84,10.86,10.78,3062900.0,33091424.0,2020,6,9,11,0,2020-06-09 11:00
702,10.84,10.8,10.87,10.79,1990600.0,21543552.0,2020,6,9,11,15,2020-06-09 11:15
703,10.8,10.8,10.83,10.78,2140400.0,23115136.0,2020,6,9,11,30,2020-06-09 11:30
704,10.81,10.77,10.81,10.76,2985400.0,32207744.0,2020,6,9,13,15,2020-06-09 13:15
705,10.77,10.76,10.8,10.74,3429000.0,36930048.0,2020,6,9,13,30,2020-06-09 13:30
706,10.76,10.77,10.8,10.76,1946000.0,20977344.0,2020,6,9,13,45,2020-06-09 13:45
707,10.78,10.83,10.84,10.78,2311600.0,24974272.0,2020,6,9,14,0,2020-06-09 14:00
708,10.82,10.73,10.83,10.72,4761200.0,51266752.0,2020,6,9,14,15,2020-06-09 14:15
709,10.74,10.73,10.75,10.65,9702500.0,103762048.0,2020,6,9,14,30,2020-06-09 14:30
710,10.73,10.83,10.84,10.71,4928800.0,53212928.0,2020,6,9,14,45,2020-06-09 14:45
711,10.83,10.86,10.87,10.81,5953600.0,64552704.0,2020,6,9,15,0,2020-06-09 15:00
712,10.78,10.95,10.96,10.72,9587800.0,104021864.0,2020,6,10,9,45,2020-06-10 09:45
713,10.96,10.81,10.96,10.81,6102800.0,66426776.0,2020,6,10,10,0,2020-06-10 10:00
714,10.8,10.77,10.85,10.76,3037400.0,32791120.0,2020,6,10,10,15,2020-06-10 10:15
715,10.78,10.8,10.8,10.71,3435000.0,36932640.0,2020,6,10,10,30,2020-06-10 10:30
716,10.79,10.75,10.8,10.73,2238500.0,24054528.0,2020,6,10,10,45,2020-06-10 10:45
717,10.75,10.77,10.79,10.73,1611300.0,17317744.0,2020,6,10,11,0,2020-06-10 11:00
718,10.78,10.76,10.79,10.75,987400.0,10627936.0,2020,6,10,11,15,2020-06-10 11:15
719,10.76,10.76,10.77,10.72,1583400.0,17005248.0,2020,6,10,11,30,2020-06-10 11:30
720,10.76,10.73,10.78,10.72,1790900.0,19229600.0,2020,6,10,13,15,2020-06-10 13:15
721,10.72,10.8,10.83,10.71,3753000.0,40419200.0,2020,6,10,13,30,2020-06-10 13:30
722,10.8,10.75,10.81,10.74,1411400.0,15197504.0,2020,6,10,13,45,2020-06-10 13:45
723,10.75,10.77,10.78,10.74,1890900.0,20328576.0,2020,6,10,14,0,2020-06-10 14:00
724,10.77,10.73,10.78,10.73,1408900.0,15142592.0,2020,6,10,14,15,2020-06-10 14:15
725,10.74,10.75,10.75,10.72,1670100.0,17926912.0,2020,6,10,14,30,2020-06-10 14:30
726,10.75,10.64,10.75,10.62,8047800.0,85869856.0,2020,6,10,14,45,2020-06-10 14:45
727,10.65,10.64,10.67,10.58,9688300.0,102877632.0,2020,6,10,15,0,2020-06-10 15:00
728,10.58,10.77,10.82,10.47,17206600.0,183803008.0,2020,6,11,9,45,2020-06-11 09:45
729,10.76,10.8,10.8,10.71,5886000.0,63329232.0,2020,6,11,10,0,2020-06-11 10:00
730,10.81,10.82,10.86,10.75,5531600.0,59746256.0,2020,6,11,10,15,2020-06-11 10:15
731,10.82,10.76,10.82,10.76,2983100.0,32206112.0,2020,6,11,10,30,2020-06-11 10:30
732,10.76,10.73,10.78,10.7,2721800.0,29204512.0,2020,6,11,10,45,2020-06-11 10:45
733,10.72,10.72,10.74,10.71,1419900.0,15226208.0,2020,6,11,11,0,2020-06-11 11:00
734,10.71,10.76,10.77,10.71,1515200.0,16261888.0,2020,6,11,11,15,2020-06-11 11:15
735,10.76,10.74,10.77,10.73,1511500.0,16259328.0,2020,6,11,11,30,2020-06-11 11:30
736,10.74,10.67,10.74,10.66,2561400.0,27369088.0,2020,6,11,13,15,2020-06-11 13:15
737,10.67,10.63,10.69,10.61,2463000.0,26204480.0,2020,6,11,13,30,2020-06-11 13:30
738,10.63,10.62,10.64,10.56,3365700.0,35681888.0,2020,6,11,13,45,2020-06-11 13:45
739,10.63,10.6,10.64,10.57,1771900.0,18771168.0,2020,6,11,14,0,2020-06-11 14:00
740,10.6,10.53,10.61,10.51,3335800.0,35188736.0,2020,6,11,14,15,2020-06-11 14:15
741,10.53,10.7,10.71,10.53,3556100.0,37742848.0,2020,6,11,14,30,2020-06-11 14:30
742,10.69,10.74,10.74,10.65,3576100.0,38227584.0,2020,6,11,14,45,2020-06-11 14:45
743,10.73,10.71,10.79,10.71,5988600.0,64357312.0,2020,6,11,15,0,2020-06-11 15:00
744,10.46,10.49,10.5,10.41,14073700.0,146873904.0,2020,6,12,9,45,2020-06-12 09:45
745,10.5,10.56,10.56,10.46,4733200.0,49743280.0,2020,6,12,10,0,2020-06-12 10:00
746,10.56,10.52,10.58,10.49,3083300.0,32443936.0,2020,6,12,10,15,2020-06-12 10:15
747,10.52,10.55,10.58,10.5,2528300.0,26643536.0,2020,6,12,10,30,2020-06-12 10:30
748,10.55,10.58,10.64,10.55,3122000.0,33072528.0,2020,6,12,10,45,2020-06-12 10:45
749,10.57,10.61,10.62,10.55,1496300.0,15842144.0,2020,6,12,11,0,2020-06-12 11:00
750,10.61,10.64,10.65,10.58,1870300.0,19858848.0,2020,6,12,11,15,2020-06-12 11:15
751,10.64,10.57,10.65,10.54,1683300.0,17828096.0,2020,6,12,11,30,2020-06-12 11:30
752,10.57,10.53,10.59,10.48,2316600.0,24386816.0,2020,6,12,13,15,2020-06-12 13:15
753,10.53,10.56,10.59,10.52,1404100.0,14820512.0,2020,6,12,13,30,2020-06-12 13:30
754,10.55,10.63,10.64,10.54,2532100.0,26828640.0,2020,6,12,13,45,2020-06-12 13:45
755,10.63,10.61,10.66,10.59,2281300.0,24264832.0,2020,6,12,14,0,2020-06-12 14:00
756,10.62,10.62,10.66,10.6,2066900.0,21975008.0,2020,6,12,14,15,2020-06-12 14:15
757,10.61,10.58,10.61,10.53,2561700.0,27082400.0,2020,6,12,14,30,2020-06-12 14:30
758,10.59,10.59,10.63,10.57,3506400.0,37154144.0,2020,6,12,14,45,2020-06-12 14:45
759,10.59,10.53,10.59,10.52,6040300.0,63723840.0,2020,6,12,15,0,2020-06-12 15:00
760,10.57,10.8,10.82,10.54,16698300.0,178537264.0,2020,6,15,9,45,2020-06-15 09:45
761,10.79,10.83,10.85,10.73,8688700.0,93782672.0,2020,6,15,10,0,2020-06-15 10:00
762,10.82,10.77,10.82,10.77,3501500.0,37816992.0,2020,6,15,10,15,2020-06-15 10:15
763,10.77,10.77,10.79,10.72,3330900.0,35808160.0,2020,6,15,10,30,2020-06-15 10:30
764,10.77,10.7,10.78,10.7,3215700.0,34506272.0,2020,6,15,10,45,2020-06-15 10:45
765,10.7,10.7,10.72,10.65,3171500.0,33881152.0,2020,6,15,11,0,2020-06-15 11:00
766,10.69,10.68,10.71,10.68,1421600.0,15198752.0,2020,6,15,11,15,2020-06-15 11:15
767,10.68,10.69,10.7,10.66,1525700.0,16291424.0,2020,6,15,11,30,2020-06-15 11:30
768,10.69,10.62,10.71,10.62,3120600.0,33254560.0,2020,6,15,13,15,2020-06-15 13:15
769,10.62,10.63,10.65,10.62,1761400.0,18737792.0,2020,6,15,13,30,2020-06-15 13:30
770,10.64,10.59,10.65,10.59,2773600.0,29454368.0,2020,6,15,13,45,2020-06-15 13:45
771,10.59,10.57,10.63,10.56,3241400.0,34311456.0,2020,6,15,14,0,2020-06-15 14:00
772,10.58,10.62,10.62,10.57,1593200.0,16888320.0,2020,6,15,14,15,2020-06-15 14:15
773,10.62,10.6,10.62,10.59,1653200.0,17538560.0,2020,6,15,14,30,2020-06-15 14:30
774,10.6,10.55,10.61,10.54,3002400.0,31745664.0,2020,6,15,14,45,2020-06-15 14:45
775,10.55,10.55,10.56,10.51,4802700.0,50617536.0,2020,6,15,15,0,2020-06-15 15:00
776,10.51,10.51,10.63,10.49,10643700.0,112170584.0,2020,6,16,9,45,2020-06-16 09:45
777,10.5,10.5,10.53,10.47,6088300.0,63905592.0,2020,6,16,10,0,2020-06-16 10:00
778,10.5,10.52,10.55,10.48,2927400.0,30757360.0,2020,6,16,10,15,2020-06-16 10:15
779,10.51,10.53,10.54,10.5,1789600.0,18817456.0,2020,6,16,10,30,2020-06-16 10:30
780,10.54,10.59,10.62,10.52,2825600.0,29905696.0,2020,6,16,10,45,2020-06-16 10:45
781,10.59,10.55,10.59,10.54,1621400.0,17128080.0,2020,6,16,11,0,2020-06-16 11:00
782,10.54,10.53,10.57,10.52,1741900.0,18361056.0,2020,6,16,11,15,2020-06-16 11:15
783,10.53,10.49,10.54,10.48,2865800.0,30102656.0,2020,6,16,11,30,2020-06-16 11:30
784,10.49,10.61,10.61,10.49,2583100.0,27227136.0,2020,6,16,13,15,2020-06-16 13:15
785,10.61,10.55,10.64,10.55,3188900.0,33785088.0,2020,6,16,13,30,2020-06-16 13:30
786,10.55,10.59,10.61,10.54,2208700.0,23364352.0,2020,6,16,13,45,2020-06-16 13:45
787,10.59,10.59,10.59,10.56,1376700.0,14560448.0,2020,6,16,14,0,2020-06-16 14:00
788,10.59,10.56,10.59,10.54,2064900.0,21799136.0,2020,6,16,14,15,2020-06-16 14:15
789,10.56,10.53,10.57,10.52,2453200.0,25872736.0,2020,6,16,14,30,2020-06-16 14:30
790,10.54,10.56,10.57,10.54,2849300.0,30065888.0,2020,6,16,14,45,2020-06-16 14:45
791,10.57,10.59,10.59,10.56,4533700.0,47973152.0,2020,6,16,15,0,2020-06-16 15:00
792,10.55,10.51,10.59,10.49,6461800.0,67998672.0,2020,6,17,9,45,2020-06-17 09:45
793,10.51,10.43,10.52,10.43,7983200.0,83491776.0,2020,6,17,10,0,2020-06-17 10:00
794,10.44,10.44,10.46,10.41,4699300.0,49032512.0,2020,6,17,10,15,2020-06-17 10:15
795,10.44,10.42,10.44,10.41,4829700.0,50309376.0,2020,6,17,10,30,2020-06-17 10:30
796,10.42,10.46,10.46,10.36,6853000.0,71216624.0,2020,6,17,10,45,2020-06-17 10:45
797,10.46,10.48,10.54,10.44,3649600.0,38287872.0,2020,6,17,11,0,2020-06-17 11:00
798,10.48,10.46,10.5,10.45,1275200.0,13354624.0,2020,6,17,11,15,2020-06-17 11:15
799,10.45,10.44,10.47,10.42,1089200.0,11380736.0,2020,6,17,13,0,2020-06-17 13:00
