,open,close,high,low,vol,amount,year,month,day,hour,minute,datetime
0,8.2,8.18,8.2,8.17,400000.0,3274160.0,2020,4,2,13,15,2020-04-02 13:15
1,8.18,8.17,8.19,8.16,311600.0,2547184.0,2020,4,2,13,30,2020-04-02 13:30
2,8.16,8.2,8.22,8.16,430500.0,3526568.0,2020,4,2,13,45,2020-04-02 13:45
3,8.21,8.21,8.23,8.2,435700.0,3578992.0,2020,4,2,14,0,2020-04-02 14:00
4,8.22,8.24,8.28,8.22,2230000.0,18404496.0,2020,4,2,14,15,2020-04-02 14:15
5,8.24,8.26,8.26,8.21,977800.0,8056256.0,2020,4,2,14,30,2020-04-02 14:30
6,8.26,8.3,8.3,8.24,1835200.0,15167224.0,2020,4,2,14,45,2020-04-02 14:45
7,8.29,8.31,8.31,8.27,2239000.0,18562560.0,2020,4,2,15,0,2020-04-02 15:00
8,8.28,8.26,8.28,8.23,1765900.0,14580440.0,2020,4,3,9,45,2020-04-03 09:45
9,8.25,8.26,8.29,8.24,1081500.0,8933296.0,2020,4,3,10,0,2020-04-03 10:00
10,8.25,8.24,8.27,8.24,766500.0,6328908.0,2020,4,3,10,15,2020-04-03 10:15
11,8.25,8.24,8.26,8.22,774900.0,6382608.0,2020,4,3,10,30,2020-04-03 10:30
12,8.24,8.25,8.25,8.22,746300.0,6148460.0,2020,4,3,10,45,2020-04-03 10:45
13,8.24,8.22,8.25,8.21,688900.0,5665348.0,2020,4,3,11,0,2020-04-03 11:00
14,8.23,8.2,8.23,8.2,922600.0,7571036.0,2020,4,3,11,15,2020-04-03 11:15
15,8.2,8.18,8.2,8.16,913800.0,7473068.0,2020,4,3,11,30,2020-04-03 11:30
16,8.19,8.18,8.19,8.15,733300.0,5987060.0,2020,4,3,13,15,2020-04-03 13:15
17,8.18,8.17,8.19,8.17,216000.0,1767584.0,2020,4,3,13,30,2020-04-03 13:30
18,8.18,8.17,8.2,8.16,346300.0,2832624.0,2020,4,3,13,45,2020-04-03 13:45
19,8.17,8.17,8.18,8.16,357900.0,2924920.0,2020,4,3,14,0,2020-04-03 14:00
20,8.17,8.16,8.18,8.14,819900.0,6686496.0,2020,4,3,14,15,2020-04-03 14:15
21,8.16,8.18,8.18,8.14,662500.0,5407144.0,2020,4,3,14,30,2020-04-03 14:30
22,8.18,8.17,8.21,8.16,770900.0,6312632.0,2020,4,3,14,45,2020-04-03 14:45
23,8.16,8.15,8.18,8.14,2049500.0,16722640.0,2020,4,3,15,0,2020-04-03 15:00
24,8.37,8.29,8.37,8.28,3706400.0,30855996.0,2020,4,7,9,45,2020-04-07 09:45
25,8.29,8.32,8.34,8.29,1708800.0,14220280.0,2020,4,7,10,0,2020-04-07 10:00
26,8.32,8.27,8.32,8.25,1801300.0,14925040.0,2020,4,7,10,15,2020-04-07 10:15
27,8.28,8.29,8.29,8.25,1023100.0,8461988.0,2020,4,7,10,30,2020-04-07 10:30
28,8.29,8.33,8.33,8.29,1327800.0,11031512.0,2020,4,7,10,45,2020-04-07 10:45
29,8.33,8.29,8.33,8.28,707200.0,5869464.0,2020,4,7,11,0,2020-04-07 11:00
30,8.3,8.35,8.38,8.29,2405400.0,20064128.0,2020,4,7,11,15,2020-04-07 11:15
31,8.35,8.33,8.36,8.31,860000.0,7171160.0,2020,4,7,11,30,2020-04-07 11:30
32,8.33,8.33,8.34,8.32,520600.0,4335448.0,2020,4,7,13,15,2020-04-07 13:15
33,8.33,8.33,8.35,8.32,419500.0,3496288.0,2020,4,7,13,30,2020-04-07 13:30
34,8.33,8.32,8.33,8.31,601100.0,4999720.0,2020,4,7,13,45,2020-04-07 13:45
35,8.32,8.36,8.36,8.31,1207200.0,10061008.0,2020,4,7,14,0,2020-04-07 14:00
36,8.36,8.39,8.39,8.32,3227500.0,27001328.0,2020,4,7,14,15,2020-04-07 14:15
37,8.38,8.38,8.4,8.37,1498500.0,12570240.0,2020,4,7,14,30,2020-04-07 14:30
38,8.37,8.37,8.38,8.36,834900.0,6984880.0,2020,4,7,14,45,2020-04-07 14:45
39,8.37,8.36,8.37,8.34,1488500.0,12437968.0,2020,4,7,15,0,2020-04-07 15:00
40,8.31,8.36,8.36,8.29,1988300.0,16548723.0,2020,4,8,9,45,2020-04-08 09:45
41,8.37,8.34,8.38,8.33,1951700.0,16305621.0,2020,4,8,10,0,2020-04-08 10:00
42,8.35,8.39,8.41,8.32,2826600.0,23676660.0,2020,4,8,10,15,2020-04-08 10:15
43,8.4,8.4,8.44,8.39,1792200.0,15095396.0,2020,4,8,10,30,2020-04-08 10:30
44,8.4,8.38,8.41,8.37,764600.0,6411224.0,2020,4,8,10,45,2020-04-08 10:45
45,8.37,8.38,8.4,8.37,650200.0,5451000.0,2020,4,8,11,0,2020-04-08 11:00
46,8.39,8.39,8.4,8.36,1010600.0,8474832.0,2020,4,8,11,15,2020-04-08 11:15
47,8.39,8.4,8.42,8.37,1123300.0,9432008.0,2020,4,8,11,30,2020-04-08 11:30
48,8.4,8.41,8.42,8.39,565200.0,4752896.0,2020,4,8,13,15,2020-04-08 13:15
49,8.42,8.4,8.43,8.39,659100.0,5541856.0,2020,4,8,13,30,2020-04-08 13:30
50,8.39,8.41,8.41,8.38,550400.0,4619192.0,2020,4,8,13,45,2020-04-08 13:45
51,8.41,8.41,8.44,8.4,997200.0,8401232.0,2020,4,8,14,0,2020-04-08 14:00
52,8.41,8.39,8.41,8.38,1064300.0,8937072.0,2020,4,8,14,15,2020-04-08 14:15
53,8.4,8.36,8.41,8.36,1117400.0,9364928.0,2020,4,8,14,30,2020-04-08 14:30
54,8.36,8.37,8.38,8.36,931400.0,7796080.0,2020,4,8,14,45,2020-04-08 14:45
55,8.37,8.37,8.39,8.36,1254400.0,10504224.0,2020,4,8,15,0,2020-04-08 15:00
56,8.45,8.5,8.5,8.43,4161000.0,35219212.0,2020,4,9,9,45,2020-04-09 09:45
57,8.51,8.61,8.63,8.5,7147100.0,61337804.0,2020,4,9,10,0,2020-04-09 10:00
58,8.61,8.63,8.63,8.55,2452300.0,21048216.0,2020,4,9,10,15,2020-04-09 10:15
59,8.63,8.67,8.73,8.6,4902200.0,42515808.0,2020,4,9,10,30,2020-04-09 10:30
60,8.67,8.62,8.71,8.62,2682700.0,23263264.0,2020,4,9,10,45,2020-04-09 10:45
61,8.62,8.6,8.65,8.58,1077400.0,9279520.0,2020,4,9,11,0,2020-04-09 11:00
62,8.6,8.57,8.63,8.55,1291000.0,11074064.0,2020,4,9,11,15,2020-04-09 11:15
63,8.57,8.58,8.58,8.56,615200.0,5273088.0,2020,4,9,11,30,2020-04-09 11:30
64,8.58,8.57,8.59,8.56,784600.0,6728256.0,2020,4,9,13,15,2020-04-09 13:15
65,8.57,8.55,8.58,8.54,790500.0,6761728.0,2020,4,9,13,30,2020-04-09 13:30
66,8.55,8.6,8.6,8.55,714700.0,6126464.0,2020,4,9,13,45,2020-04-09 13:45
67,8.6,8.6,8.61,8.57,835000.0,7173152.0,2020,4,9,14,0,2020-04-09 14:00
68,8.59,8.56,8.61,8.56,1207100.0,10365584.0,2020,4,9,14,15,2020-04-09 14:15
69,8.56,8.58,8.58,8.55,671900.0,5752144.0,2020,4,9,14,30,2020-04-09 14:30
70,8.57,8.53,8.58,8.53,1278800.0,10933424.0,2020,4,9,14,45,2020-04-09 14:45
71,8.53,8.54,8.55,8.51,2685900.0,22908784.0,2020,4,9,15,0,2020-04-09 15:00
72,8.54,8.45,8.56,8.45,2522700.0,21442032.0,2020,4,10,9,45,2020-04-10 09:45
73,8.45,8.44,8.47,8.4,2495000.0,21066348.0,2020,4,10,10,0,2020-04-10 10:00
74,8.44,8.5,8.5,8.43,1279100.0,10831284.0,2020,4,10,10,15,2020-04-10 10:15
75,8.49,8.54,8.59,8.49,1813000.0,15497056.0,2020,4,10,10,30,2020-04-10 10:30
76,8.54,8.49,8.56,8.49,827300.0,7053328.0,2020,4,10,10,45,2020-04-10 10:45
77,8.49,8.46,8.5,8.46,770500.0,6532632.0,2020,4,10,11,0,2020-04-10 11:00
78,8.46,8.5,8.51,8.46,555100.0,4707960.0,2020,4,10,11,15,2020-04-10 11:15
79,8.49,8.45,8.5,8.44,828000.0,7012456.0,2020,4,10,11,30,2020-04-10 11:30
80,8.46,8.45,8.47,8.41,1064100.0,8971432.0,2020,4,10,13,15,2020-04-10 13:15
81,8.45,8.43,8.46,8.42,863900.0,7280936.0,2020,4,10,13,30,2020-04-10 13:30
82,8.44,8.42,8.44,8.39,1150100.0,9665248.0,2020,4,10,13,45,2020-04-10 13:45
83,8.41,8.39,8.42,8.38,810400.0,6807680.0,2020,4,10,14,0,2020-04-10 14:00
84,8.38,8.4,8.41,8.37,987600.0,8281016.0,2020,4,10,14,15,2020-04-10 14:15
85,8.41,8.4,8.44,8.4,751700.0,6326128.0,2020,4,10,14,30,2020-04-10 14:30
86,8.4,8.39,8.43,8.38,1353700.0,11381184.0,2020,4,10,14,45,2020-04-10 14:45
87,8.39,8.39,8.41,8.37,1809700.0,15179952.0,2020,4,10,15,0,2020-04-10 15:00
88,8.3,8.29,8.34,8.22,2697800.0,22330726.0,2020,4,13,9,45,2020-04-13 09:45
89,8.28,8.26,8.28,8.24,1327200.0,10960116.0,2020,4,13,10,0,2020-04-13 10:00
90,8.27,8.29,8.34,8.25,896000.0,7424702.0,2020,4,13,10,15,2020-04-13 10:15
91,8.29,8.32,8.34,8.28,536200.0,4455372.0,2020,4,13,10,30,2020-04-13 10:30
92,8.31,8.28,8.31,8.28,586000.0,4858184.0,2020,4,13,10,45,2020-04-13 10:45
93,8.28,8.31,8.31,8.27,422300.0,3500296.0,2020,4,13,11,0,2020-04-13 11:00
94,8.3,8.29,8.32,8.27,409300.0,3395160.0,2020,4,13,11,15,2020-04-13 11:15
95,8.28,8.29,8.3,8.27,180100.0,1491164.0,2020,4,13,11,30,2020-04-13 11:30
96,8.28,8.27,8.3,8.26,435000.0,3600764.0,2020,4,13,13,15,2020-04-13 13:15
97,8.27,8.27,8.28,8.26,281600.0,2327528.0,2020,4,13,13,30,2020-04-13 13:30
98,8.26,8.23,8.27,8.23,812800.0,6701060.0,2020,4,13,13,45,2020-04-13 13:45
99,8.23,8.23,8.25,8.21,826700.0,6802824.0,2020,4,13,14,0,2020-04-13 14:00
100,8.23,8.27,8.28,8.22,591300.0,4884088.0,2020,4,13,14,15,2020-04-13 14:15
101,8.26,8.24,8.28,8.24,252700.0,2085520.0,2020,4,13,14,30,2020-04-13 14:30
102,8.24,8.24,8.26,8.23,551500.0,4542776.0,2020,4,13,14,45,2020-04-13 14:45
103,8.23,8.23,8.26,8.23,1025600.0,8448936.0,2020,4,13,15,0,2020-04-13 15:00
104,8.28,8.25,8.3,8.24,1187900.0,9813822.0,2020,4,14,9,45,2020-04-14 09:45
105,8.25,8.27,8.3,8.24,1154600.0,9550924.0,2020,4,14,10,0,2020-04-14 10:00
106,8.28,8.27,8.28,8.24,1024900.0,8464560.0,2020,4,14,10,15,2020-04-14 10:15
107,8.26,8.26,8.27,8.24,463700.0,3825964.0,2020,4,14,10,30,2020-04-14 10:30
108,8.25,8.28,8.29,8.25,708000.0,5856102.0,2020,4,14,10,45,2020-04-14 10:45
109,8.29,8.28,8.29,8.26,453500.0,3752724.0,2020,4,14,11,0,2020-04-14 11:00
110,8.27,8.26,8.28,8.25,331600.0,2741612.0,2020,4,14,11,15,2020-04-14 11:15
111,8.26,8.25,8.27,8.25,306500.0,2530464.0,2020,4,14,11,30,2020-04-14 11:30
112,8.26,8.25,8.29,8.25,637900.0,5277588.0,2020,4,14,13,15,2020-04-14 13:15
113,8.25,8.28,8.29,8.25,689100.0,5702824.0,2020,4,14,13,30,2020-04-14 13:30
114,8.29,8.32,8.33,8.27,1130300.0,9390436.0,2020,4,14,13,45,2020-04-14 13:45
115,8.31,8.31,8.33,8.3,661500.0,5498204.0,2020,4,14,14,0,2020-04-14 14:00
116,8.32,8.39,8.46,8.3,4663300.0,39147032.0,2020,4,14,14,15,2020-04-14 14:15
117,8.4,8.39,8.41,8.38,1491800.0,12524552.0,2020,4,14,14,30,2020-04-14 14:30
118,8.38,8.38,8.39,8.36,1284600.0,10764328.0,2020,4,14,14,45,2020-04-14 14:45
119,8.38,8.4,8.41,8.37,2002000.0,16800640.0,2020,4,14,15,0,2020-04-14 15:00
120,8.37,8.35,8.37,8.34,1528400.0,12769379.0,2020,4,15,9,45,2020-04-15 09:45
121,8.35,8.37,8.38,8.34,1015400.0,8492977.0,2020,4,15,10,0,2020-04-15 10:00
122,8.37,8.35,8.37,8.35,726200.0,6070592.0,2020,4,15,10,15,2020-04-15 10:15
123,8.36,8.35,8.36,8.33,895200.0,7469188.0,2020,4,15,10,30,2020-04-15 10:30
124,8.34,8.31,8.37,8.31,1111800.0,9269556.0,2020,4,15,10,45,2020-04-15 10:45
125,8.32,8.3,8.33,8.29,1201500.0,9974288.0,2020,4,15,11,0,2020-04-15 11:00
126,8.29,8.32,8.34,8.29,536900.0,4462952.0,2020,4,15,11,15,2020-04-15 11:15
127,8.32,8.31,8.33,8.29,483500.0,4017524.0,2020,4,15,11,30,2020-04-15 11:30
128,8.32,8.4,8.43,8.29,2720000.0,22717816.0,2020,4,15,13,15,2020-04-15 13:15
129,8.41,8.35,8.43,8.35,989700.0,8300432.0,2020,4,15,13,30,2020-04-15 13:30
130,8.35,8.34,8.38,8.34,385400.0,3221856.0,2020,4,15,13,45,2020-04-15 13:45
131,8.34,8.35,8.38,8.33,573900.0,4798056.0,2020,4,15,14,0,2020-04-15 14:00
132,8.35,8.31,8.36,8.31,668700.0,5567896.0,2020,4,15,14,15,2020-04-15 14:15
133,8.32,8.31,8.32,8.29,927800.0,7705888.0,2020,4,15,14,30,2020-04-15 14:30
134,8.3,8.3,8.32,8.29,1055400.0,8760952.0,2020,4,15,14,45,2020-04-15 14:45
135,8.3,8.26,8.32,8.26,1957900.0,16221176.0,2020,4,15,15,0,2020-04-15 15:00
136,8.25,8.29,8.29,8.2,1859300.0,15340987.0,2020,4,16,9,45,2020-04-16 09:45
137,8.28,8.29,8.31,8.26,948600.0,7853211.0,2020,4,16,10,0,2020-04-16 10:00
138,8.29,8.31,8.33,8.26,1252200.0,10389202.0,2020,4,16,10,15,2020-04-16 10:15
139,8.33,8.32,8.36,8.31,1826600.0,15233228.0,2020,4,16,10,30,2020-04-16 10:30
140,8.31,8.35,8.38,8.31,1529500.0,12778612.0,2020,4,16,10,45,2020-04-16 10:45
141,8.35,8.3,8.35,8.3,1020100.0,8488976.0,2020,4,16,11,0,2020-04-16 11:00
142,8.3,8.31,8.31,8.28,374100.0,3102688.0,2020,4,16,11,15,2020-04-16 11:15
143,8.3,8.27,8.3,8.27,373200.0,3090896.0,2020,4,16,11,30,2020-04-16 11:30
144,8.27,8.3,8.3,8.27,406500.0,3369000.0,2020,4,16,13,15,2020-04-16 13:15
145,8.29,8.3,8.31,8.29,286300.0,2374896.0,2020,4,16,13,30,2020-04-16 13:30
146,8.29,8.29,8.3,8.28,273400.0,2266672.0,2020,4,16,13,45,2020-04-16 13:45
147,8.3,8.31,8.33,8.28,574000.0,4765752.0,2020,4,16,14,0,2020-04-16 14:00
148,8.3,8.29,8.31,8.27,599000.0,4963480.0,2020,4,16,14,15,2020-04-16 14:15
149,8.3,8.29,8.3,8.27,577100.0,4781488.0,2020,4,16,14,30,2020-04-16 14:30
150,8.3,8.32,8.34,8.28,1219000.0,10131576.0,2020,4,16,14,45,2020-04-16 14:45
151,8.33,8.27,8.33,8.26,1753300.0,14524456.0,2020,4,16,15,0,2020-04-16 15:00
152,8.34,8.31,8.37,8.3,1630600.0,13574381.0,2020,4,17,9,45,2020-04-17 09:45
153,8.32,8.33,8.37,8.31,1586200.0,13226993.0,2020,4,17,10,0,2020-04-17 10:00
154,8.33,8.32,8.34,8.3,1374500.0,11433534.0,2020,4,17,10,15,2020-04-17 10:15
155,8.32,8.33,8.33,8.29,1033100.0,8585720.0,2020,4,17,10,30,2020-04-17 10:30
156,8.33,8.32,8.34,8.3,828100.0,6889612.0,2020,4,17,10,45,2020-04-17 10:45
157,8.33,8.28,8.33,8.28,617800.0,5127072.0,2020,4,17,11,0,2020-04-17 11:00
158,8.29,8.3,8.31,8.27,680900.0,5642064.0,2020,4,17,11,15,2020-04-17 11:15
159,8.3,8.31,8.32,8.29,275100.0,2285632.0,2020,4,17,11,30,2020-04-17 11:30
160,8.32,8.3,8.33,8.29,572200.0,4753864.0,2020,4,17,13,15,2020-04-17 13:15
161,8.3,8.31,8.32,8.3,509500.0,4234656.0,2020,4,17,13,30,2020-04-17 13:30
162,8.31,8.32,8.34,8.3,1003800.0,8354920.0,2020,4,17,13,45,2020-04-17 13:45
163,8.31,8.32,8.33,8.31,459900.0,3827136.0,2020,4,17,14,0,2020-04-17 14:00
164,8.33,8.28,8.33,8.28,988400.0,8207800.0,2020,4,17,14,15,2020-04-17 14:15
165,8.28,8.23,8.29,8.2,2986900.0,24607984.0,2020,4,17,14,30,2020-04-17 14:30
166,8.23,8.23,8.25,8.21,1177300.0,9684952.0,2020,4,17,14,45,2020-04-17 14:45
167,8.23,8.23,8.24,8.2,1875800.0,15418384.0,2020,4,17,15,0,2020-04-17 15:00
168,8.23,8.23,8.28,8.22,1760300.0,14519954.0,2020,4,20,9,45,2020-04-20 09:45
169,8.23,8.23,8.24,8.19,1420100.0,11668214.0,2020,4,20,10,0,2020-04-20 10:00
170,8.23,8.25,8.27,8.22,731000.0,6028386.0,2020,4,20,10,15,2020-04-20 10:15
171,8.26,8.23,8.26,8.23,421500.0,3473238.0,2020,4,20,10,30,2020-04-20 10:30
172,8.23,8.24,8.25,8.23,276700.0,2279480.0,2020,4,20,10,45,2020-04-20 10:45
173,8.25,8.25,8.26,8.24,573500.0,4729296.0,2020,4,20,11,0,2020-04-20 11:00
174,8.23,8.25,8.25,8.23,160800.0,1325788.0,2020,4,20,11,15,2020-04-20 11:15
175,8.25,8.26,8.27,8.24,494500.0,4084060.0,2020,4,20,11,30,2020-04-20 11:30
176,8.25,8.24,8.26,8.23,360600.0,2973088.0,2020,4,20,13,15,2020-04-20 13:15
177,8.23,8.22,8.24,8.2,919100.0,7550808.0,2020,4,20,13,30,2020-04-20 13:30
178,8.2,8.21,8.22,8.2,606800.0,4978268.0,2020,4,20,13,45,2020-04-20 13:45
179,8.22,8.22,8.23,8.21,259200.0,2130488.0,2020,4,20,14,0,2020-04-20 14:00
180,8.22,8.24,8.25,8.21,640800.0,5274220.0,2020,4,20,14,15,2020-04-20 14:15
181,8.23,8.22,8.24,8.22,522100.0,4297616.0,2020,4,20,14,30,2020-04-20 14:30
182,8.22,8.22,8.23,8.21,800200.0,6576960.0,2020,4,20,14,45,2020-04-20 14:45
183,8.22,8.25,8.25,8.21,1428200.0,11757672.0,2020,4,20,15,0,2020-04-20 15:00
184,8.2,8.15,8.22,8.14,3063100.0,25008364.0,2020,4,21,9,45,2020-04-21 09:45
185,8.15,8.11,8.15,8.11,2517000.0,20456360.0,2020,4,21,10,0,2020-04-21 10:00
186,8.11,8.1,8.13,8.08,2025900.0,16415444.0,2020,4,21,10,15,2020-04-21 10:15
187,8.11,8.09,8.11,8.08,1285500.0,10413368.0,2020,4,21,10,30,2020-04-21 10:30
188,8.08,8.04,8.1,8.02,3046000.0,24528808.0,2020,4,21,10,45,2020-04-21 10:45
189,8.04,8.01,8.07,8.0,2526800.0,20293360.0,2020,4,21,11,0,2020-04-21 11:00
190,8.02,7.99,8.02,7.99,2275900.0,18205016.0,2020,4,21,11,15,2020-04-21 11:15
191,7.99,7.99,8.0,7.98,1056400.0,8442784.0,2020,4,21,11,30,2020-04-21 11:30
192,8.0,8.0,8.01,7.98,727800.0,5820640.0,2020,4,21,13,15,2020-04-21 13:15
193,8.0,8.02,8.03,8.0,658400.0,5277584.0,2020,4,21,13,30,2020-04-21 13:30
194,8.02,8.02,8.03,8.01,466800.0,3743872.0,2020,4,21,13,45,2020-04-21 13:45
195,8.02,8.01,8.03,8.01,803000.0,6435248.0,2020,4,21,14,0,2020-04-21 14:00
196,8.01,8.04,8.05,8.01,822600.0,6606032.0,2020,4,21,14,15,2020-04-21 14:15
197,8.04,8.04,8.07,8.03,993000.0,7990624.0,2020,4,21,14,30,2020-04-21 14:30
198,8.05,8.05,8.06,8.04,796000.0,6411552.0,2020,4,21,14,45,2020-04-21 14:45
199,8.05,8.04,8.06,8.03,1229200.0,9883920.0,2020,4,21,15,0,2020-04-21 15:00
200,7.99,8.02,8.03,7.99,1299000.0,10396482.0,2020,4,22,9,45,2020-04-22 09:45
201,8.01,8.0,8.02,8.0,1028900.0,8239282.0,2020,4,22,10,0,2020-04-22 10:00
202,8.0,8.01,8.02,8.0,749200.0,6000596.0,2020,4,22,10,15,2020-04-22 10:15
203,8.02,8.03,8.04,8.01,816400.0,6553780.0,2020,4,22,10,30,2020-04-22 10:30
204,8.03,8.0,8.03,8.0,539100.0,4317176.0,2020,4,22,10,45,2020-04-22 10:45
205,8.01,8.01,8.02,8.0,474900.0,3804156.0,2020,4,22,11,0,2020-04-22 11:00
206,8.01,7.99,8.01,7.99,783500.0,6269840.0,2020,4,22,11,15,2020-04-22 11:15
207,8.0,8.0,8.0,7.97,966200.0,7715096.0,2020,4,22,11,30,2020-04-22 11:30
208,8.0,8.0,8.01,7.98,380000.0,3038972.0,2020,4,22,13,15,2020-04-22 13:15
209,8.01,8.0,8.01,8.0,451400.0,3612664.0,2020,4,22,13,30,2020-04-22 13:30
210,8.0,8.03,8.04,8.0,1212500.0,9727884.0,2020,4,22,13,45,2020-04-22 13:45
211,8.03,8.02,8.04,8.01,530400.0,4254680.0,2020,4,22,14,0,2020-04-22 14:00
212,8.02,8.04,8.04,8.02,946400.0,7595112.0,2020,4,22,14,15,2020-04-22 14:15
213,8.03,8.03,8.06,8.03,1302000.0,10474104.0,2020,4,22,14,30,2020-04-22 14:30
214,8.03,8.03,8.04,8.02,1061700.0,8526472.0,2020,4,22,14,45,2020-04-22 14:45
215,8.04,8.05,8.05,8.02,2056500.0,16525600.0,2020,4,22,15,0,2020-04-22 15:00
216,8.04,8.03,8.05,8.01,967200.0,7769497.0,2020,4,23,9,45,2020-04-23 09:45
217,8.04,8.03,8.05,8.02,948500.0,7622541.0,2020,4,23,10,0,2020-04-23 10:00
218,8.03,8.01,8.04,7.98,1626800.0,13026866.0,2020,4,23,10,15,2020-04-23 10:15
219,8.02,8.01,8.02,7.99,1198000.0,9583404.0,2020,4,23,10,30,2020-04-23 10:30
220,8.0,8.0,8.01,7.99,524500.0,4197188.0,2020,4,23,10,45,2020-04-23 10:45
221,8.0,7.99,8.01,7.99,730700.0,5842864.0,2020,4,23,11,0,2020-04-23 11:00
222,8.0,7.98,8.0,7.98,465500.0,3719080.0,2020,4,23,11,15,2020-04-23 11:15
223,7.99,7.98,7.99,7.97,642700.0,5129552.0,2020,4,23,11,30,2020-04-23 11:30
224,7.98,8.03,8.03,7.97,890500.0,7126912.0,2020,4,23,13,15,2020-04-23 13:15
225,8.03,8.01,8.03,8.0,501300.0,4016024.0,2020,4,23,13,30,2020-04-23 13:30
226,8.02,8.02,8.03,8.0,849200.0,6807552.0,2020,4,23,13,45,2020-04-23 13:45
227,8.01,8.0,8.02,8.0,839700.0,6722280.0,2020,4,23,14,0,2020-04-23 14:00
228,8.01,8.0,8.01,7.98,459800.0,3674800.0,2020,4,23,14,15,2020-04-23 14:15
229,7.99,7.98,8.0,7.98,791900.0,6322480.0,2020,4,23,14,30,2020-04-23 14:30
230,7.98,7.97,7.99,7.96,1265200.0,10091768.0,2020,4,23,14,45,2020-04-23 14:45
231,7.96,7.96,7.97,7.95,1370900.0,10908816.0,2020,4,23,15,0,2020-04-23 15:00
232,7.95,7.97,7.98,7.93,787100.0,6264781.0,2020,4,24,9,45,2020-04-24 09:45
233,7.96,7.97,7.97,7.95,626100.0,4983939.0,2020,4,24,10,0,2020-04-24 10:00
234,7.96,7.97,7.97,7.94,503500.0,4006053.0,2020,4,24,10,15,2020-04-24 10:15
235,7.97,7.93,7.97,7.92,810700.0,6441743.0,2020,4,24,10,30,2020-04-24 10:30
236,7.95,7.96,7.96,7.92,379600.0,3015240.0,2020,4,24,10,45,2020-04-24 10:45
237,7.95,7.97,7.99,7.95,687000.0,5475794.0,2020,4,24,11,0,2020-04-24 11:00
238,7.96,7.96,7.98,7.95,256400.0,2042542.0,2020,4,24,11,15,2020-04-24 11:15
239,7.97,7.96,7.97,7.94,334800.0,2664536.0,2020,4,24,11,30,2020-04-24 11:30
240,7.95,7.93,7.95,7.92,821800.0,6517892.0,2020,4,24,13,15,2020-04-24 13:15
241,7.93,7.91,7.94,7.88,1264400.0,9993916.0,2020,4,24,13,30,2020-04-24 13:30
242,7.91,7.85,7.91,7.84,1209800.0,9516724.0,2020,4,24,13,45,2020-04-24 13:45
243,7.84,7.83,7.85,7.82,940500.0,7363712.0,2020,4,24,14,0,2020-04-24 14:00
244,7.83,7.81,7.84,7.8,1147800.0,8969632.0,2020,4,24,14,15,2020-04-24 14:15
245,7.81,7.81,7.83,7.8,778300.0,6084992.0,2020,4,24,14,30,2020-04-24 14:30
246,7.81,7.81,7.82,7.79,1528300.0,11923680.0,2020,4,24,14,45,2020-04-24 14:45
247,7.81,7.81,7.83,7.79,1729500.0,13511872.0,2020,4,24,15,0,2020-04-24 15:00
248,7.81,7.8,7.84,7.8,1423500.0,11130862.0,2020,4,27,9,45,2020-04-27 09:45
249,7.8,7.86,7.87,7.79,1307000.0,10243876.0,2020,4,27,10,0,2020-04-27 10:00
250,7.86,7.84,7.87,7.84,848200.0,6661610.0,2020,4,27,10,15,2020-04-27 10:15
251,7.84,7.83,7.86,7.83,399900.0,3137990.0,2020,4,27,10,30,2020-04-27 10:30
252,7.84,7.87,7.87,7.83,651200.0,5114398.0,2020,4,27,10,45,2020-04-27 10:45
253,7.86,7.85,7.87,7.85,209400.0,1645252.0,2020,4,27,11,0,2020-04-27 11:00
254,7.85,7.84,7.85,7.84,190400.0,1493520.0,2020,4,27,11,15,2020-04-27 11:15
255,7.84,7.86,7.87,7.84,331800.0,2606984.0,2020,4,27,11,30,2020-04-27 11:30
256,7.86,7.85,7.87,7.85,281000.0,2209488.0,2020,4,27,13,15,2020-04-27 13:15
257,7.85,7.84,7.86,7.83,463000.0,3630796.0,2020,4,27,13,30,2020-04-27 13:30
258,7.84,7.83,7.85,7.82,444600.0,3480876.0,2020,4,27,13,45,2020-04-27 13:45
259,7.83,7.82,7.84,7.81,659900.0,5160412.0,2020,4,27,14,0,2020-04-27 14:00
260,7.83,7.8,7.83,7.78,1105200.0,8621700.0,2020,4,27,14,15,2020-04-27 14:15
261,7.8,7.78,7.81,7.78,617300.0,4810548.0,2020,4,27,14,30,2020-04-27 14:30
262,7.78,7.79,7.79,7.77,976600.0,7599632.0,2020,4,27,14,45,2020-04-27 14:45
263,7.78,7.77,7.79,7.77,963400.0,7494744.0,2020,4,27,15,0,2020-04-27 15:00
264,7.85,7.88,7.94,7.85,3467300.0,27416978.0,2020,4,28,9,45,2020-04-28 09:45
265,7.88,7.71,7.89,7.7,2469900.0,19286362.0,2020,4,28,10,0,2020-04-28 10:00
266,7.71,7.83,7.84,7.69,2610500.0,20313248.0,2020,4,28,10,15,2020-04-28 10:15
267,7.83,7.88,7.91,7.83,1328800.0,10467932.0,2020,4,28,10,30,2020-04-28 10:30
268,7.87,7.93,7.94,7.87,1545800.0,12241360.0,2020,4,28,10,45,2020-04-28 10:45
269,7.92,7.93,7.93,7.89,737500.0,5838720.0,2020,4,28,11,0,2020-04-28 11:00
270,7.93,7.92,7.95,7.89,734700.0,5822704.0,2020,4,28,11,15,2020-04-28 11:15
271,7.93,7.95,7.97,7.92,1197600.0,9526680.0,2020,4,28,11,30,2020-04-28 11:30
272,7.95,7.92,7.96,7.9,591100.0,4686920.0,2020,4,28,13,15,2020-04-28 13:15
273,7.92,7.92,7.95,7.91,460800.0,3653424.0,2020,4,28,13,30,2020-04-28 13:30
274,7.92,7.91,7.93,7.9,481300.0,3808904.0,2020,4,28,13,45,2020-04-28 13:45
275,7.91,7.91,7.91,7.9,294300.0,2326168.0,2020,4,28,14,0,2020-04-28 14:00
276,7.91,7.89,7.91,7.89,388400.0,3066808.0,2020,4,28,14,15,2020-04-28 14:15
277,7.9,7.91,7.91,7.89,502600.0,3971432.0,2020,4,28,14,30,2020-04-28 14:30
278,7.91,7.9,7.91,7.89,472400.0,3729448.0,2020,4,28,14,45,2020-04-28 14:45
279,7.9,7.91,7.91,7.89,1006800.0,7958096.0,2020,4,28,15,0,2020-04-28 15:00
280,7.85,7.9,7.93,7.85,1144700.0,9034806.0,2020,4,29,9,45,2020-04-29 09:45
281,7.91,7.93,7.96,7.9,2769300.0,21972646.0,2020,4,29,10,0,2020-04-29 10:00
282,7.94,7.96,7.96,7.92,1155100.0,9167420.0,2020,4,29,10,15,2020-04-29 10:15
283,7.96,8.02,8.04,7.94,2515400.0,20091456.0,2020,4,29,10,30,2020-04-29 10:30
284,8.02,8.0,8.03,7.98,1015700.0,8132408.0,2020,4,29,10,45,2020-04-29 10:45
285,8.0,7.99,8.0,7.98,306700.0,2450576.0,2020,4,29,11,0,2020-04-29 11:00
286,8.0,7.99,8.01,7.98,472100.0,3775104.0,2020,4,29,11,15,2020-04-29 11:15
287,7.99,8.0,8.01,7.97,903400.0,7217440.0,2020,4,29,11,30,2020-04-29 11:30
288,8.0,7.98,8.0,7.98,176100.0,1406616.0,2020,4,29,13,15,2020-04-29 13:15
289,7.99,7.98,8.0,7.98,328500.0,2623320.0,2020,4,29,13,30,2020-04-29 13:30
290,7.97,7.97,7.98,7.96,611900.0,4877136.0,2020,4,29,13,45,2020-04-29 13:45
291,7.98,8.0,8.0,7.97,630500.0,5036368.0,2020,4,29,14,0,2020-04-29 14:00
292,8.0,7.99,8.0,7.98,325700.0,2602376.0,2020,4,29,14,15,2020-04-29 14:15
293,7.99,8.0,8.0,7.98,741300.0,5927600.0,2020,4,29,14,30,2020-04-29 14:30
294,8.0,7.99,8.01,7.99,874000.0,6990208.0,2020,4,29,14,45,2020-04-29 14:45
295,8.0,8.01,8.01,7.99,1399500.0,11197800.0,2020,4,29,15,0,2020-04-29 15:00
296,8.07,8.12,8.14,8.06,3182000.0,25770376.0,2020,4,30,9,45,2020-04-30 09:45
297,8.13,8.13,8.14,8.08,1608600.0,13046784.0,2020,4,30,10,0,2020-04-30 10:00
298,8.13,8.1,8.13,8.08,1447100.0,11724332.0,2020,4,30,10,15,2020-04-30 10:15
299,8.1,8.11,8.12,8.09,1083500.0,8787008.0,2020,4,30,10,30,2020-04-30 10:30
300,8.1,8.1,8.12,8.09,959900.0,7774888.0,2020,4,30,10,45,2020-04-30 10:45
301,8.1,8.15,8.18,8.1,2852500.0,23234532.0,2020,4,30,11,0,2020-04-30 11:00
302,8.14,8.18,8.18,8.14,1316700.0,10752216.0,2020,4,30,11,15,2020-04-30 11:15
303,8.17,8.17,8.2,8.16,1228500.0,10050440.0,2020,4,30,11,30,2020-04-30 11:30
304,8.18,8.17,8.2,8.16,662800.0,5422168.0,2020,4,30,13,15,2020-04-30 13:15
305,8.18,8.17,8.18,8.16,812600.0,6638720.0,2020,4,30,13,30,2020-04-30 13:30
306,8.17,8.18,8.18,8.16,381600.0,3117712.0,2020,4,30,13,45,2020-04-30 13:45
307,8.18,8.17,8.18,8.16,931300.0,7612576.0,2020,4,30,14,0,2020-04-30 14:00
308,8.17,8.17,8.18,8.15,783300.0,6395208.0,2020,4,30,14,15,2020-04-30 14:15
309,8.17,8.18,8.18,8.16,734300.0,5995792.0,2020,4,30,14,30,2020-04-30 14:30
310,8.17,8.17,8.19,8.17,1010100.0,8258864.0,2020,4,30,14,45,2020-04-30 14:45
311,8.18,8.17,8.18,8.16,1376700.0,11250816.0,2020,4,30,15,0,2020-04-30 15:00
312,8.03,8.05,8.1,8.03,3225600.0,26014768.0,2020,5,6,9,45,2020-05-06 09:45
313,8.06,8.04,8.07,8.0,2196700.0,17641292.0,2020,5,6,10,0,2020-05-06 10:00
314,8.05,8.06,8.06,8.03,1165700.0,9375912.0,2020,5,6,10,15,2020-05-06 10:15
315,8.05,8.06,8.07,8.04,497200.0,4004280.0,2020,5,6,10,30,2020-05-06 10:30
316,8.06,8.05,8.07,8.05,506900.0,4083564.0,2020,5,6,10,45,2020-05-06 10:45
317,8.05,8.07,8.07,8.05,443100.0,3572444.0,2020,5,6,11,0,2020-05-06 11:00
318,8.07,8.09,8.09,8.07,395800.0,3196492.0,2020,5,6,11,15,2020-05-06 11:15
319,8.09,8.09,8.11,8.08,543800.0,4399256.0,2020,5,6,11,30,2020-05-06 11:30
320,8.1,8.12,8.12,8.09,616100.0,4992608.0,2020,5,6,13,15,2020-05-06 13:15
321,8.12,8.12,8.14,8.1,1044500.0,8488864.0,2020,5,6,13,30,2020-05-06 13:30
322,8.11,8.12,8.13,8.1,703600.0,5708784.0,2020,5,6,13,45,2020-05-06 13:45
323,8.12,8.12,8.13,8.11,506000.0,4110280.0,2020,5,6,14,0,2020-05-06 14:00
324,8.12,8.11,8.13,8.11,482400.0,3915976.0,2020,5,6,14,15,2020-05-06 14:15
325,8.11,8.15,8.16,8.11,1082100.0,8801024.0,2020,5,6,14,30,2020-05-06 14:30
326,8.16,8.18,8.18,8.14,1689600.0,13780736.0,2020,5,6,14,45,2020-05-06 14:45
327,8.17,8.21,8.21,8.17,2081500.0,17051080.0,2020,5,6,15,0,2020-05-06 15:00
328,8.2,8.2,8.21,8.15,1599100.0,13079083.0,2020,5,7,9,45,2020-05-07 09:45
329,8.2,8.25,8.25,8.18,1215500.0,9984787.0,2020,5,7,10,0,2020-05-07 10:00
330,8.25,8.22,8.28,8.21,1793200.0,14803006.0,2020,5,7,10,15,2020-05-07 10:15
331,8.23,8.22,8.24,8.2,874700.0,7190124.0,2020,5,7,10,30,2020-05-07 10:30
332,8.22,8.22,8.23,8.21,401000.0,3294840.0,2020,5,7,10,45,2020-05-07 10:45
333,8.22,8.21,8.22,8.2,605700.0,4971868.0,2020,5,7,11,0,2020-05-07 11:00
334,8.21,8.21,8.22,8.2,509100.0,4177164.0,2020,5,7,11,15,2020-05-07 11:15
335,8.2,8.22,8.25,8.2,996700.0,8194976.0,2020,5,7,11,30,2020-05-07 11:30
336,8.23,8.18,8.25,8.17,1289200.0,10585312.0,2020,5,7,13,15,2020-05-07 13:15
337,8.18,8.16,8.19,8.15,783200.0,6397440.0,2020,5,7,13,30,2020-05-07 13:30
338,8.16,8.17,8.18,8.16,437100.0,3568800.0,2020,5,7,13,45,2020-05-07 13:45
339,8.16,8.17,8.18,8.16,289700.0,2366736.0,2020,5,7,14,0,2020-05-07 14:00
340,8.17,8.18,8.2,8.17,391700.0,3204904.0,2020,5,7,14,15,2020-05-07 14:15
341,8.18,8.18,8.19,8.17,200100.0,1637232.0,2020,5,7,14,30,2020-05-07 14:30
342,8.17,8.16,8.19,8.15,796600.0,6503552.0,2020,5,7,14,45,2020-05-07 14:45
343,8.15,8.15,8.17,8.14,914300.0,7454160.0,2020,5,7,15,0,2020-05-07 15:00
344,8.2,8.17,8.23,8.16,1948400.0,15971520.0,2020,5,8,9,45,2020-05-08 09:45
345,8.18,8.21,8.21,8.17,1008800.0,8269626.0,2020,5,8,10,0,2020-05-08 10:00
346,8.2,8.17,8.21,8.17,1179400.0,9655514.0,2020,5,8,10,15,2020-05-08 10:15
347,8.18,8.18,8.19,8.17,425800.0,3481992.0,2020,5,8,10,30,2020-05-08 10:30
348,8.18,8.17,8.18,8.16,429000.0,3505632.0,2020,5,8,10,45,2020-05-08 10:45
349,8.17,8.2,8.2,8.17,562600.0,4610160.0,2020,5,8,11,0,2020-05-08 11:00
350,8.21,8.27,8.27,8.2,1565900.0,12878572.0,2020,5,8,11,15,2020-05-08 11:15
351,8.27,8.37,8.4,8.26,6346000.0,52828000.0,2020,5,8,11,30,2020-05-08 11:30
352,8.38,8.37,8.41,8.33,4000600.0,33472504.0,2020,5,8,13,15,2020-05-08 13:15
353,8.37,8.36,8.38,8.35,1415200.0,11838992.0,2020,5,8,13,30,2020-05-08 13:30
354,8.36,8.34,8.36,8.32,1030000.0,8596416.0,2020,5,8,13,45,2020-05-08 13:45
355,8.35,8.34,8.35,8.31,705400.0,5877680.0,2020,5,8,14,0,2020-05-08 14:00
356,8.33,8.33,8.34,8.31,515900.0,4296176.0,2020,5,8,14,15,2020-05-08 14:15
357,8.33,8.32,8.33,8.31,674600.0,5614944.0,2020,5,8,14,30,2020-05-08 14:30
358,8.33,8.32,8.33,8.31,760600.0,6328896.0,2020,5,8,14,45,2020-05-08 14:45
359,8.33,8.33,8.34,8.32,1396600.0,11630512.0,2020,5,8,15,0,2020-05-08 15:00
360,8.33,8.35,8.39,8.33,2371900.0,19833426.0,2020,5,11,9,45,2020-05-11 09:45
361,8.35,8.32,8.37,8.31,1244000.0,10375278.0,2020,5,11,10,0,2020-05-11 10:00
362,8.31,8.33,8.34,8.31,643100.0,5351804.0,2020,5,11,10,15,2020-05-11 10:15
363,8.33,8.31,8.33,8.29,1106400.0,9187816.0,2020,5,11,10,30,2020-05-11 10:30
364,8.3,8.3,8.31,8.29,491000.0,4076492.0,2020,5,11,10,45,2020-05-11 10:45
365,8.3,8.3,8.33,8.29,734400.0,6102260.0,2020,5,11,11,0,2020-05-11 11:00
366,8.3,8.35,8.35,8.3,542400.0,4518060.0,2020,5,11,11,15,2020-05-11 11:15
367,8.34,8.3,8.35,8.29,825600.0,6859012.0,2020,5,11,11,30,2020-05-11 11:30
368,8.31,8.27,8.31,8.27,792700.0,6568804.0,2020,5,11,13,15,2020-05-11 13:15
369,8.27,8.27,8.29,8.25,1399100.0,11568240.0,2020,5,11,13,30,2020-05-11 13:30
370,8.27,8.26,8.29,8.26,591800.0,4892720.0,2020,5,11,13,45,2020-05-11 13:45
371,8.26,8.26,8.28,8.25,641500.0,5297544.0,2020,5,11,14,0,2020-05-11 14:00
372,8.26,8.27,8.28,8.25,362300.0,2995168.0,2020,5,11,14,15,2020-05-11 14:15
373,8.27,8.24,8.27,8.23,724900.0,5978464.0,2020,5,11,14,30,2020-05-11 14:30
374,8.25,8.26,8.29,8.24,1280400.0,10582968.0,2020,5,11,14,45,2020-05-11 14:45
375,8.27,8.27,8.28,8.26,1402400.0,11600072.0,2020,5,11,15,0,2020-05-11 15:00
376,8.14,8.12,8.17,8.11,1840500.0,14981634.0,2020,5,12,9,45,2020-05-12 09:45
377,8.12,8.15,8.16,8.1,614400.0,4992212.0,2020,5,12,10,0,2020-05-12 10:00
378,8.15,8.13,8.16,8.12,671600.0,5465056.0,2020,5,12,10,15,2020-05-12 10:15
379,8.14,8.12,8.15,8.12,759900.0,6182160.0,2020,5,12,10,30,2020-05-12 10:30
380,8.13,8.11,8.13,8.11,347100.0,2818054.0,2020,5,12,10,45,2020-05-12 10:45
381,8.11,8.11,8.13,8.1,492100.0,3992500.0,2020,5,12,11,0,2020-05-12 11:00
382,8.11,8.11,8.12,8.1,319200.0,2587184.0,2020,5,12,11,15,2020-05-12 11:15
383,8.1,8.06,8.1,8.05,974000.0,7873064.0,2020,5,12,11,30,2020-05-12 11:30
384,8.07,8.06,8.07,8.03,706800.0,5690604.0,2020,5,12,13,15,2020-05-12 13:15
385,8.05,8.08,8.08,8.05,587200.0,4734096.0,2020,5,12,13,30,2020-05-12 13:30
386,8.07,8.1,8.1,8.07,377800.0,3055268.0,2020,5,12,13,45,2020-05-12 13:45
387,8.1,8.11,8.11,8.08,346900.0,2808204.0,2020,5,12,14,0,2020-05-12 14:00
388,8.1,8.07,8.11,8.07,574200.0,4639780.0,2020,5,12,14,15,2020-05-12 14:15
389,8.08,8.07,8.08,8.06,631400.0,5095128.0,2020,5,12,14,30,2020-05-12 14:30
390,8.07,8.07,8.07,8.05,886400.0,7148248.0,2020,5,12,14,45,2020-05-12 14:45
391,8.07,8.08,8.09,8.06,771000.0,6230040.0,2020,5,12,15,0,2020-05-12 15:00
392,8.02,8.04,8.05,8.02,1023500.0,8223304.0,2020,5,13,9,45,2020-05-13 09:45
393,8.05,8.07,8.08,8.03,364600.0,2935122.0,2020,5,13,10,0,2020-05-13 10:00
394,8.06,8.04,8.08,8.03,946100.0,7608140.0,2020,5,13,10,15,2020-05-13 10:15
395,8.04,8.03,8.05,8.02,420200.0,3376588.0,2020,5,13,10,30,2020-05-13 10:30
396,8.04,8.05,8.05,8.02,328800.0,2643506.0,2020,5,13,10,45,2020-05-13 10:45
397,8.04,8.04,8.06,8.04,187100.0,1506782.0,2020,5,13,11,0,2020-05-13 11:00
398,8.04,8.04,8.05,8.03,229400.0,1844694.0,2020,5,13,11,15,2020-05-13 11:15
399,8.04,8.05,8.06,8.03,524100.0,4214300.0,2020,5,13,11,30,2020-05-13 11:30
400,8.04,8.05,8.06,8.04,300900.0,2420324.0,2020,5,13,13,15,2020-05-13 13:15
401,8.04,8.07,8.1,8.04,1024200.0,8269280.0,2020,5,13,13,30,2020-05-13 13:30
402,8.08,8.08,8.1,8.08,409000.0,3307984.0,2020,5,13,13,45,2020-05-13 13:45
403,8.08,8.07,8.08,8.07,283700.0,2290600.0,2020,5,13,14,0,2020-05-13 14:00
404,8.07,8.08,8.1,8.07,621600.0,5024996.0,2020,5,13,14,15,2020-05-13 14:15
405,8.08,8.1,8.11,8.08,626800.0,5074444.0,2020,5,13,14,30,2020-05-13 14:30
406,8.1,8.08,8.1,8.07,365200.0,2952644.0,2020,5,13,14,45,2020-05-13 14:45
407,8.09,8.08,8.09,8.07,600300.0,4848996.0,2020,5,13,15,0,2020-05-13 15:00
408,8.02,8.02,8.06,8.01,991600.0,7962279.0,2020,5,14,9,45,2020-05-14 09:45
409,8.01,8.03,8.05,7.99,993400.0,7961474.0,2020,5,14,10,0,2020-05-14 10:00
410,8.03,8.02,8.05,8.0,449800.0,3607959.0,2020,5,14,10,15,2020-05-14 10:15
411,8.02,8.02,8.04,8.01,313800.0,2517598.0,2020,5,14,10,30,2020-05-14 10:30
412,8.02,8.02,8.02,7.99,1046100.0,8369968.0,2020,5,14,10,45,2020-05-14 10:45
413,8.02,8.01,8.02,8.0,217900.0,1745690.0,2020,5,14,11,0,2020-05-14 11:00
414,8.02,8.03,8.04,8.01,436900.0,3506680.0,2020,5,14,11,15,2020-05-14 11:15
415,8.03,8.02,8.04,8.01,348700.0,2796768.0,2020,5,14,11,30,2020-05-14 11:30
416,8.02,8.01,8.02,8.0,387900.0,3108760.0,2020,5,14,13,15,2020-05-14 13:15
417,8.02,8.0,8.02,8.0,603300.0,4830332.0,2020,5,14,13,30,2020-05-14 13:30
418,8.0,8.01,8.01,7.99,339800.0,2717776.0,2020,5,14,13,45,2020-05-14 13:45
419,8.0,8.0,8.01,7.99,395200.0,3160620.0,2020,5,14,14,0,2020-05-14 14:00
420,8.01,7.99,8.01,7.98,652400.0,5213664.0,2020,5,14,14,15,2020-05-14 14:15
421,8.0,7.99,8.0,7.98,540200.0,4317560.0,2020,5,14,14,30,2020-05-14 14:30
422,7.99,7.96,8.0,7.96,2209500.0,17621560.0,2020,5,14,14,45,2020-05-14 14:45
423,7.96,7.95,7.97,7.95,1723700.0,13713896.0,2020,5,14,15,0,2020-05-14 15:00
424,8.0,8.03,8.05,8.0,1641400.0,13172565.0,2020,5,15,9,45,2020-05-15 09:45
425,8.02,8.0,8.03,7.98,890600.0,7126819.0,2020,5,15,10,0,2020-05-15 10:00
426,7.99,7.98,8.0,7.97,656000.0,5237742.0,2020,5,15,10,15,2020-05-15 10:15
427,7.99,7.98,7.99,7.95,837200.0,6669084.0,2020,5,15,10,30,2020-05-15 10:30
428,7.98,7.98,7.99,7.97,341100.0,2722786.0,2020,5,15,10,45,2020-05-15 10:45
429,7.99,7.98,7.99,7.95,669200.0,5331260.0,2020,5,15,11,0,2020-05-15 11:00
430,7.98,7.98,7.98,7.96,160100.0,1276528.0,2020,5,15,11,15,2020-05-15 11:15
431,7.98,8.0,8.0,7.97,470000.0,3754760.0,2020,5,15,11,30,2020-05-15 11:30
432,7.99,8.02,8.02,7.99,357300.0,2859516.0,2020,5,15,13,15,2020-05-15 13:15
433,8.02,8.01,8.02,8.0,293800.0,2352848.0,2020,5,15,13,30,2020-05-15 13:30
434,8.01,8.0,8.01,7.99,400300.0,3201272.0,2020,5,15,13,45,2020-05-15 13:45
435,7.99,7.99,8.0,7.98,294600.0,2354412.0,2020,5,15,14,0,2020-05-15 14:00
436,7.98,7.99,8.0,7.98,255300.0,2039052.0,2020,5,15,14,15,2020-05-15 14:15
437,7.99,8.0,8.01,7.97,780700.0,6239412.0,2020,5,15,14,30,2020-05-15 14:30
438,7.98,7.97,8.0,7.96,377000.0,3006184.0,2020,5,15,14,45,2020-05-15 14:45
439,7.96,7.97,7.98,7.95,557900.0,4443800.0,2020,5,15,15,0,2020-05-15 15:00
440,7.94,7.94,7.96,7.87,2307200.0,18255472.0,2020,5,18,9,45,2020-05-18 09:45
441,7.95,7.93,7.95,7.9,978300.0,7743588.0,2020,5,18,10,0,2020-05-18 10:00
442,7.93,7.97,7.98,7.92,653700.0,5196276.0,2020,5,18,10,15,2020-05-18 10:15
443,7.97,8.0,8.03,7.96,1226700.0,9817316.0,2020,5,18,10,30,2020-05-18 10:30
444,8.01,8.01,8.04,8.0,452200.0,3624408.0,2020,5,18,10,45,2020-05-18 10:45
445,8.01,8.01,8.02,7.99,254500.0,2037792.0,2020,5,18,11,0,2020-05-18 11:00
446,8.01,8.01,8.02,8.0,227000.0,1819500.0,2020,5,18,11,15,2020-05-18 11:15
447,8.02,8.02,8.02,7.99,259300.0,2076256.0,2020,5,18,11,30,2020-05-18 11:30
448,8.01,8.01,8.02,7.99,381000.0,3051424.0,2020,5,18,13,15,2020-05-18 13:15
449,8.01,8.0,8.02,8.0,187000.0,1497016.0,2020,5,18,13,30,2020-05-18 13:30
450,8.01,8.02,8.02,8.0,244400.0,1958600.0,2020,5,18,13,45,2020-05-18 13:45
451,8.01,8.0,8.02,8.0,336300.0,2692784.0,2020,5,18,14,0,2020-05-18 14:00
452,8.0,7.98,8.01,7.97,487400.0,3894880.0,2020,5,18,14,15,2020-05-18 14:15
453,7.98,7.97,8.0,7.97,233900.0,1867352.0,2020,5,18,14,30,2020-05-18 14:30
454,7.98,7.95,7.99,7.94,799700.0,6360312.0,2020,5,18,14,45,2020-05-18 14:45
455,7.94,7.94,7.96,7.93,713600.0,5669184.0,2020,5,18,15,0,2020-05-18 15:00
456,8.03,8.01,8.06,8.0,2102400.0,16865756.0,2020,5,19,9,45,2020-05-19 09:45
457,8.01,8.0,8.02,7.98,678400.0,5427910.0,2020,5,19,10,0,2020-05-19 10:00
458,7.99,7.98,8.0,7.97,571600.0,4563028.0,2020,5,19,10,15,2020-05-19 10:15
459,7.98,8.02,8.02,7.97,561000.0,4485826.0,2020,5,19,10,30,2020-05-19 10:30
460,8.02,8.0,8.03,8.0,359200.0,2876500.0,2020,5,19,10,45,2020-05-19 10:45
461,8.01,7.99,8.01,7.98,449900.0,3594916.0,2020,5,19,11,0,2020-05-19 11:00
462,7.99,7.98,8.0,7.98,176800.0,1411728.0,2020,5,19,11,15,2020-05-19 11:15
463,7.98,7.98,8.0,7.98,187900.0,1500168.0,2020,5,19,11,30,2020-05-19 11:30
464,7.99,7.99,8.0,7.98,153800.0,1228972.0,2020,5,19,13,15,2020-05-19 13:15
465,7.99,7.98,8.0,7.97,381900.0,3047760.0,2020,5,19,13,30,2020-05-19 13:30
466,7.98,7.99,8.0,7.97,249400.0,1991192.0,2020,5,19,13,45,2020-05-19 13:45
467,7.99,7.99,8.0,7.97,335200.0,2675612.0,2020,5,19,14,0,2020-05-19 14:00
468,7.98,7.98,7.99,7.97,271100.0,2164008.0,2020,5,19,14,15,2020-05-19 14:15
469,7.97,7.97,7.99,7.97,338700.0,2702188.0,2020,5,19,14,30,2020-05-19 14:30
470,7.98,7.97,7.99,7.97,369900.0,2950396.0,2020,5,19,14,45,2020-05-19 14:45
471,7.97,8.0,8.0,7.97,849100.0,6782100.0,2020,5,19,15,0,2020-05-19 15:00
472,7.97,7.99,8.0,7.97,715800.0,5714963.0,2020,5,20,9,45,2020-05-20 09:45
473,7.99,8.0,8.02,7.98,679800.0,5439072.0,2020,5,20,10,0,2020-05-20 10:00
474,8.01,7.99,8.01,7.99,341500.0,2730643.0,2020,5,20,10,15,2020-05-20 10:15
475,7.98,7.98,7.99,7.96,440100.0,3511078.0,2020,5,20,10,30,2020-05-20 10:30
476,7.97,7.98,7.99,7.96,197600.0,1575752.0,2020,5,20,10,45,2020-05-20 10:45
477,7.98,8.03,8.04,7.97,1234400.0,9881002.0,2020,5,20,11,0,2020-05-20 11:00
478,8.03,8.0,8.04,7.99,582700.0,4671228.0,2020,5,20,11,15,2020-05-20 11:15
479,8.0,7.98,8.0,7.97,330800.0,2640390.0,2020,5,20,11,30,2020-05-20 11:30
480,7.98,8.01,8.03,7.98,1029800.0,8251300.0,2020,5,20,13,15,2020-05-20 13:15
481,8.01,8.02,8.03,8.01,369800.0,2963664.0,2020,5,20,13,30,2020-05-20 13:30
482,8.01,8.0,8.02,8.0,215400.0,1724156.0,2020,5,20,13,45,2020-05-20 13:45
483,8.0,8.0,8.01,7.99,453100.0,3623088.0,2020,5,20,14,0,2020-05-20 14:00
484,8.0,7.97,8.01,7.97,572400.0,4570024.0,2020,5,20,14,15,2020-05-20 14:15
485,7.99,7.98,7.99,7.97,279200.0,2228476.0,2020,5,20,14,30,2020-05-20 14:30
486,7.98,7.98,7.99,7.97,333600.0,2661652.0,2020,5,20,14,45,2020-05-20 14:45
487,7.98,7.98,7.99,7.97,675000.0,5385184.0,2020,5,20,15,0,2020-05-20 15:00
488,8.03,8.2,8.21,8.02,8112800.0,66052280.0,2020,5,21,9,45,2020-05-21 09:45
489,8.21,8.16,8.24,8.16,4096700.0,33617872.0,2020,5,21,10,0,2020-05-21 10:00
490,8.16,8.14,8.17,8.13,1191600.0,9710296.0,2020,5,21,10,15,2020-05-21 10:15
491,8.15,8.16,8.18,8.14,1196400.0,9765584.0,2020,5,21,10,30,2020-05-21 10:30
492,8.16,8.26,8.3,8.15,5919400.0,48768656.0,2020,5,21,10,45,2020-05-21 10:45
493,8.26,8.24,8.27,8.23,1643500.0,13569264.0,2020,5,21,11,0,2020-05-21 11:00
494,8.24,8.23,8.25,8.2,1089400.0,8956336.0,2020,5,21,11,15,2020-05-21 11:15
495,8.24,8.2,8.24,8.2,522800.0,4300320.0,2020,5,21,11,30,2020-05-21 11:30
496,8.22,8.19,8.22,8.19,648000.0,5317856.0,2020,5,21,13,15,2020-05-21 13:15
497,8.2,8.17,8.21,8.17,810600.0,6638768.0,2020,5,21,13,30,2020-05-21 13:30
498,8.17,8.16,8.19,8.16,574100.0,4690672.0,2020,5,21,13,45,2020-05-21 13:45
499,8.17,8.19,8.21,8.16,1316200.0,10774512.0,2020,5,21,14,0,2020-05-21 14:00
500,8.2,8.15,8.2,8.15,942800.0,7706176.0,2020,5,21,14,15,2020-05-21 14:15
501,8.15,8.15,8.18,8.13,1173100.0,9551728.0,2020,5,21,14,30,2020-05-21 14:30
502,8.15,8.12,8.15,8.11,1250000.0,10161792.0,2020,5,21,14,45,2020-05-21 14:45
503,8.13,8.14,8.15,8.11,2092900.0,17027536.0,2020,5,21,15,0,2020-05-21 15:00
504,8.08,8.05,8.12,8.02,3829600.0,30897942.0,2020,5,22,9,45,2020-05-22 09:45
505,8.05,8.06,8.08,8.02,2501500.0,20131502.0,2020,5,22,10,0,2020-05-22 10:00
506,8.06,8.04,8.06,8.0,2510100.0,20128268.0,2020,5,22,10,15,2020-05-22 10:15
507,8.03,7.99,8.04,7.99,1136500.0,9105560.0,2020,5,22,10,30,2020-05-22 10:30
508,7.99,8.01,8.02,7.97,961900.0,7686272.0,2020,5,22,10,45,2020-05-22 10:45
509,8.01,7.99,8.01,7.98,744400.0,5950520.0,2020,5,22,11,0,2020-05-22 11:00
510,8.0,8.01,8.04,7.98,550400.0,4408416.0,2020,5,22,11,15,2020-05-22 11:15
511,8.0,8.01,8.02,7.97,1002300.0,8010736.0,2020,5,22,11,30,2020-05-22 11:30
512,8.01,7.99,8.01,7.97,1003700.0,8013960.0,2020,5,22,13,15,2020-05-22 13:15
513,7.98,7.95,7.99,7.93,1843700.0,14663568.0,2020,5,22,13,30,2020-05-22 13:30
514,7.96,7.97,8.0,7.95,743800.0,5941848.0,2020,5,22,13,45,2020-05-22 13:45
515,7.98,7.98,7.99,7.95,831800.0,6625152.0,2020,5,22,14,0,2020-05-22 14:00
516,7.99,7.98,8.0,7.96,525700.0,4195840.0,2020,5,22,14,15,2020-05-22 14:15
517,7.99,7.97,7.99,7.96,392200.0,3128816.0,2020,5,22,14,30,2020-05-22 14:30
518,7.97,7.89,7.97,7.89,1756900.0,13936176.0,2020,5,22,14,45,2020-05-22 14:45
519,7.89,7.86,7.92,7.85,2441100.0,19242976.0,2020,5,22,15,0,2020-05-22 15:00
520,7.86,7.84,7.88,7.78,2314600.0,18104340.0,2020,5,25,9,45,2020-05-25 09:45
521,7.84,7.87,7.9,7.83,1016000.0,7995592.0,2020,5,25,10,0,2020-05-25 10:00
522,7.88,7.83,7.89,7.82,665600.0,5227724.0,2020,5,25,10,15,2020-05-25 10:15
523,7.82,7.83,7.84,7.81,477300.0,3734304.0,2020,5,25,10,30,2020-05-25 10:30
524,7.82,7.79,7.83,7.78,1191700.0,9295460.0,2020,5,25,10,45,2020-05-25 10:45
525,7.79,7.83,7.84,7.78,410300.0,3203816.0,2020,5,25,11,0,2020-05-25 11:00
526,7.83,7.83,7.83,7.81,257600.0,2015504.0,2020,5,25,11,15,2020-05-25 11:15
527,7.83,7.81,7.83,7.8,309800.0,2420080.0,2020,5,25,11,30,2020-05-25 11:30
528,7.81,7.82,7.82,7.8,286100.0,2233948.0,2020,5,25,13,15,2020-05-25 13:15
529,7.81,7.8,7.82,7.79,394200.0,3076924.0,2020,5,25,13,30,2020-05-25 13:30
530,7.8,7.79,7.81,7.78,884500.0,6892140.0,2020,5,25,13,45,2020-05-25 13:45
531,7.79,7.78,7.8,7.77,672200.0,5228520.0,2020,5,25,14,0,2020-05-25 14:00
532,7.79,7.78,7.8,7.75,865200.0,6723216.0,2020,5,25,14,15,2020-05-25 14:15
533,7.77,7.78,7.79,7.76,581600.0,4521864.0,2020,5,25,14,30,2020-05-25 14:30
534,7.77,7.8,7.81,7.77,420200.0,3273424.0,2020,5,25,14,45,2020-05-25 14:45
535,7.8,7.83,7.83,7.78,878600.0,6858104.0,2020,5,25,15,0,2020-05-25 15:00
536,7.84,7.86,7.87,7.83,1188100.0,9319615.0,2020,5,26,9,45,2020-05-26 09:45
537,7.86,7.87,7.9,7.86,1033500.0,8146193.0,2020,5,26,10,0,2020-05-26 10:00
538,7.87,7.87,7.88,7.86,379600.0,2985604.0,2020,5,26,10,15,2020-05-26 10:15
539,7.87,7.87,7.88,7.86,485600.0,3819128.0,2020,5,26,10,30,2020-05-26 10:30
540,7.86,7.87,7.89,7.86,833600.0,6562264.0,2020,5,26,10,45,2020-05-26 10:45
541,7.88,7.86,7.89,7.86,542200.0,4267612.0,2020,5,26,11,0,2020-05-26 11:00
542,7.86,7.86,7.87,7.85,293900.0,2308932.0,2020,5,26,11,15,2020-05-26 11:15
543,7.86,7.85,7.87,7.85,293100.0,2301884.0,2020,5,26,11,30,2020-05-26 11:30
544,7.87,7.85,7.87,7.84,630400.0,4950796.0,2020,5,26,13,15,2020-05-26 13:15
545,7.84,7.84,7.86,7.83,356100.0,2792908.0,2020,5,26,13,30,2020-05-26 13:30
546,7.85,7.85,7.86,7.84,341500.0,2680192.0,2020,5,26,13,45,2020-05-26 13:45
547,7.85,7.85,7.87,7.84,583500.0,4582184.0,2020,5,26,14,0,2020-05-26 14:00
548,7.85,7.87,7.88,7.85,502700.0,3956184.0,2020,5,26,14,15,2020-05-26 14:15
549,7.86,7.87,7.88,7.86,220000.0,1730584.0,2020,5,26,14,30,2020-05-26 14:30
550,7.87,7.93,7.95,7.87,2273000.0,17985352.0,2020,5,26,14,45,2020-05-26 14:45
551,7.93,7.94,7.94,7.92,1147000.0,9100600.0,2020,5,26,15,0,2020-05-26 15:00
552,7.9,7.87,7.91,7.86,1194900.0,9412215.0,2020,5,27,9,45,2020-05-27 09:45
553,7.87,7.86,7.88,7.85,817500.0,6427643.0,2020,5,27,10,0,2020-05-27 10:00
554,7.87,7.85,7.87,7.84,550000.0,4318132.0,2020,5,27,10,15,2020-05-27 10:15
555,7.86,7.84,7.86,7.84,422700.0,3316666.0,2020,5,27,10,30,2020-05-27 10:30
556,7.84,7.84,7.85,7.83,410300.0,3215172.0,2020,5,27,10,45,2020-05-27 10:45
557,7.85,7.85,7.85,7.83,333900.0,2617554.0,2020,5,27,11,0,2020-05-27 11:00
558,7.84,7.83,7.86,7.83,251500.0,1972654.0,2020,5,27,11,15,2020-05-27 11:15
559,7.83,7.86,7.86,7.83,110800.0,868702.0,2020,5,27,11,30,2020-05-27 11:30
560,7.86,7.85,7.87,7.83,335200.0,2631818.0,2020,5,27,13,15,2020-05-27 13:15
561,7.85,7.85,7.86,7.84,195900.0,1538648.0,2020,5,27,13,30,2020-05-27 13:30
562,7.85,7.84,7.86,7.84,217100.0,1703008.0,2020,5,27,13,45,2020-05-27 13:45
563,7.85,7.83,7.85,7.83,258900.0,2028572.0,2020,5,27,14,0,2020-05-27 14:00
564,7.83,7.82,7.84,7.82,492900.0,3858428.0,2020,5,27,14,15,2020-05-27 14:15
565,7.82,7.81,7.84,7.81,572700.0,4480196.0,2020,5,27,14,30,2020-05-27 14:30
566,7.82,7.81,7.83,7.8,899200.0,7023160.0,2020,5,27,14,45,2020-05-27 14:45
567,7.82,7.82,7.84,7.81,548900.0,4293852.0,2020,5,27,15,0,2020-05-27 15:00
568,7.83,7.93,7.94,7.81,2466400.0,19453360.0,2020,5,28,9,45,2020-05-28 09:45
569,7.93,7.98,8.03,7.91,5261300.0,41956440.0,2020,5,28,10,0,2020-05-28 10:00
570,7.98,7.99,8.0,7.96,1386200.0,11058384.0,2020,5,28,10,15,2020-05-28 10:15
571,7.98,7.94,7.99,7.93,972800.0,7737664.0,2020,5,28,10,30,2020-05-28 10:30
572,7.94,7.92,7.94,7.91,707300.0,5605352.0,2020,5,28,10,45,2020-05-28 10:45
573,7.92,7.92,7.93,7.9,308700.0,2443592.0,2020,5,28,11,0,2020-05-28 11:00
574,7.92,7.91,7.93,7.9,373300.0,2953640.0,2020,5,28,11,15,2020-05-28 11:15
575,7.9,7.88,7.91,7.87,594100.0,4685848.0,2020,5,28,11,30,2020-05-28 11:30
576,7.88,7.88,7.88,7.86,497500.0,3915840.0,2020,5,28,13,15,2020-05-28 13:15
577,7.87,7.89,7.9,7.86,364400.0,2871320.0,2020,5,28,13,30,2020-05-28 13:30
578,7.9,7.86,7.91,7.86,427600.0,3369560.0,2020,5,28,13,45,2020-05-28 13:45
579,7.87,7.88,7.88,7.86,165900.0,1305144.0,2020,5,28,14,0,2020-05-28 14:00
580,7.88,7.9,7.9,7.87,242100.0,1909624.0,2020,5,28,14,15,2020-05-28 14:15
581,7.9,7.91,7.92,7.89,431700.0,3414272.0,2020,5,28,14,30,2020-05-28 14:30
582,7.91,7.91,7.93,7.89,498700.0,3945472.0,2020,5,28,14,45,2020-05-28 14:45
583,7.91,7.94,7.94,7.9,936400.0,7421624.0,2020,5,28,15,0,2020-05-28 15:00
584,7.88,7.87,7.91,7.85,1783900.0,14047700.0,2020,5,29,9,45,2020-05-29 09:45
585,7.87,7.88,7.9,7.87,876100.0,6907596.0,2020,5,29,10,0,2020-05-29 10:00
586,7.89,7.89,7.92,7.88,738700.0,5835718.0,2020,5,29,10,15,2020-05-29 10:15
587,7.89,7.9,7.92,7.89,546900.0,4320540.0,2020,5,29,10,30,2020-05-29 10:30
588,7.91,7.9,7.92,7.88,288500.0,2277902.0,2020,5,29,10,45,2020-05-29 10:45
589,7.9,7.9,7.91,7.88,285000.0,2248376.0,2020,5,29,11,0,2020-05-29 11:00
590,7.9,7.89,7.91,7.89,407500.0,3218716.0,2020,5,29,11,15,2020-05-29 11:15
591,7.89,7.9,7.92,7.88,473300.0,3737492.0,2020,5,29,11,30,2020-05-29 11:30
592,7.9,7.89,7.91,7.88,357600.0,2824144.0,2020,5,29,13,15,2020-05-29 13:15
593,7.9,7.9,7.91,7.89,212100.0,1676248.0,2020,5,29,13,30,2020-05-29 13:30
594,7.9,7.9,7.93,7.9,356900.0,2824784.0,2020,5,29,13,45,2020-05-29 13:45
595,7.92,7.91,7.92,7.9,289000.0,2286588.0,2020,5,29,14,0,2020-05-29 14:00
596,7.9,7.89,7.91,7.89,357000.0,2820128.0,2020,5,29,14,15,2020-05-29 14:15
597,7.9,7.91,7.92,7.88,417100.0,3295232.0,2020,5,29,14,30,2020-05-29 14:30
598,7.91,7.91,7.92,7.89,540600.0,4274428.0,2020,5,29,14,45,2020-05-29 14:45
599,7.92,7.95,7.95,7.89,1942400.0,15407064.0,2020,5,29,15,0,2020-05-29 15:00
600,8.2,8.17,8.21,8.1,7106700.0,58071988.0,2020,6,1,9,45,2020-06-01 09:45
601,8.17,8.2,8.2,8.13,2582900.0,21078388.0,2020,6,1,10,0,2020-06-01 10:00
602,8.2,8.21,8.24,8.17,3976900.0,32648272.0,2020,6,1,10,15,2020-06-01 10:15
603,8.21,8.2,8.21,8.16,1279300.0,10465680.0,2020,6,1,10,30,2020-06-01 10:30
604,8.19,8.25,8.25,8.18,2296900.0,18877928.0,2020,6,1,10,45,2020-06-01 10:45
605,8.25,8.23,8.26,8.21,2549500.0,21012048.0,2020,6,1,11,0,2020-06-01 11:00
606,8.23,8.22,8.25,8.22,1461500.0,12043248.0,2020,6,1,11,15,2020-06-01 11:15
607,8.23,8.26,8.27,8.22,1438700.0,11862768.0,2020,6,1,11,30,2020-06-01 11:30
608,8.26,8.28,8.29,8.26,2410900.0,19952960.0,2020,6,1,13,15,2020-06-01 13:15
609,8.28,8.27,8.29,8.26,1660700.0,13743488.0,2020,6,1,13,30,2020-06-01 13:30
610,8.27,8.26,8.29,8.24,1886100.0,15586048.0,2020,6,1,13,45,2020-06-01 13:45
611,8.27,8.27,8.29,8.26,2895900.0,23962800.0,2020,6,1,14,0,2020-06-01 14:00
612,8.27,8.25,8.29,8.23,2248900.0,18578896.0,2020,6,1,14,15,2020-06-01 14:15
613,8.25,8.26,8.27,8.24,1006700.0,8309248.0,2020,6,1,14,30,2020-06-01 14:30
614,8.27,8.27,8.27,8.25,1036100.0,8559520.0,2020,6,1,14,45,2020-06-01 14:45
615,8.26,8.24,8.27,8.24,1463800.0,12076992.0,2020,6,1,15,0,2020-06-01 15:00
616,8.24,8.29,8.33,8.2,5075500.0,41992204.0,2020,6,2,9,45,2020-06-02 09:45
617,8.3,8.26,8.3,8.25,1339100.0,11071600.0,2020,6,2,10,0,2020-06-02 10:00
618,8.27,8.28,8.31,8.26,1160400.0,9616424.0,2020,6,2,10,15,2020-06-02 10:15
619,8.28,8.24,8.29,8.24,852000.0,7041372.0,2020,6,2,10,30,2020-06-02 10:30
620,8.25,8.27,8.28,8.24,781700.0,6460576.0,2020,6,2,10,45,2020-06-02 10:45
621,8.27,8.25,8.27,8.24,641200.0,5293392.0,2020,6,2,11,0,2020-06-02 11:00
622,8.25,8.22,8.25,8.22,812800.0,6694816.0,2020,6,2,11,15,2020-06-02 11:15
623,8.23,8.22,8.25,8.2,1374600.0,11295528.0,2020,6,2,11,30,2020-06-02 11:30
624,8.22,8.25,8.25,8.19,878500.0,7217760.0,2020,6,2,13,15,2020-06-02 13:15
625,8.24,8.24,8.26,8.23,784200.0,6467592.0,2020,6,2,13,30,2020-06-02 13:30
626,8.24,8.23,8.25,8.22,650800.0,5358744.0,2020,6,2,13,45,2020-06-02 13:45
627,8.23,8.24,8.24,8.22,451700.0,3717400.0,2020,6,2,14,0,2020-06-02 14:00
628,8.24,8.24,8.26,8.22,1057000.0,8709528.0,2020,6,2,14,15,2020-06-02 14:15
629,8.25,8.22,8.25,8.21,693500.0,5705528.0,2020,6,2,14,30,2020-06-02 14:30
630,8.23,8.23,8.24,8.2,998700.0,8211536.0,2020,6,2,14,45,2020-06-02 14:45
631,8.23,8.21,8.24,8.21,1189900.0,9784176.0,2020,6,2,15,0,2020-06-02 15:00
632,8.26,8.25,8.28,8.21,2268800.0,18692590.0,2020,6,3,9,45,2020-06-03 09:45
633,8.25,8.21,8.26,8.21,1409200.0,11610278.0,2020,6,3,10,0,2020-06-03 10:00
634,8.21,8.21,8.22,8.18,1464400.0,12006624.0,2020,6,3,10,15,2020-06-03 10:15
635,8.19,8.2,8.21,8.18,667300.0,5468128.0,2020,6,3,10,30,2020-06-03 10:30
636,8.2,8.2,8.21,8.18,953600.0,7814136.0,2020,6,3,10,45,2020-06-03 10:45
637,8.2,8.21,8.22,8.17,1242500.0,10177364.0,2020,6,3,11,0,2020-06-03 11:00
638,8.21,8.18,8.21,8.18,491900.0,4032760.0,2020,6,3,11,15,2020-06-03 11:15
639,8.19,8.19,8.21,8.18,498000.0,4080480.0,2020,6,3,11,30,2020-06-03 11:30
640,8.19,8.2,8.2,8.18,561600.0,4600160.0,2020,6,3,13,15,2020-06-03 13:15
641,8.2,8.18,8.21,8.18,882900.0,7236904.0,2020,6,3,13,30,2020-06-03 13:30
642,8.19,8.18,8.2,8.17,968700.0,7925032.0,2020,6,3,13,45,2020-06-03 13:45
643,8.18,8.18,8.19,8.16,613200.0,5013360.0,2020,6,3,14,0,2020-06-03 14:00
644,8.18,8.15,8.18,8.14,1619700.0,13212144.0,2020,6,3,14,15,2020-06-03 14:15
645,8.16,8.11,8.17,8.11,1693900.0,13780504.0,2020,6,3,14,30,2020-06-03 14:30
646,8.11,8.12,8.14,8.11,1536300.0,12471552.0,2020,6,3,14,45,2020-06-03 14:45
647,8.12,8.11,8.13,8.08,3016300.0,24436736.0,2020,6,3,15,0,2020-06-03 15:00
648,8.13,8.09,8.15,8.09,1958100.0,15890015.0,2020,6,4,9,45,2020-06-04 09:45
649,8.13,8.14,8.18,8.09,2462000.0,20033572.0,2020,6,4,10,0,2020-06-04 10:00
650,8.14,8.12,8.16,8.1,583100.0,4737236.0,2020,6,4,10,15,2020-06-04 10:15
651,8.12,8.1,8.13,8.1,801000.0,6496512.0,2020,6,4,10,30,2020-06-04 10:30
652,8.1,8.09,8.12,8.08,746700.0,6045400.0,2020,6,4,10,45,2020-06-04 10:45
653,8.1,8.09,8.1,8.08,391100.0,3163472.0,2020,6,4,11,0,2020-06-04 11:00
654,8.09,8.05,8.1,8.05,1252200.0,10095664.0,2020,6,4,11,15,2020-06-04 11:15
655,8.06,8.06,8.07,8.05,297600.0,2398336.0,2020,6,4,11,30,2020-06-04 11:30
656,8.07,8.06,8.08,8.05,1015600.0,8185328.0,2020,6,4,13,15,2020-06-04 13:15
657,8.06,8.06,8.07,8.05,663500.0,5348160.0,2020,6,4,13,30,2020-06-04 13:30
658,8.05,8.06,8.06,8.05,628900.0,5064024.0,2020,6,4,13,45,2020-06-04 13:45
659,8.05,8.05,8.06,8.04,424300.0,3415736.0,2020,6,4,14,0,2020-06-04 14:00
660,8.05,8.07,8.08,8.05,523400.0,4216432.0,2020,6,4,14,15,2020-06-04 14:15
661,8.06,8.06,8.07,8.05,444500.0,3582904.0,2020,6,4,14,30,2020-06-04 14:30
662,8.06,8.05,8.07,8.05,654200.0,5271632.0,2020,6,4,14,45,2020-06-04 14:45
663,8.05,8.04,8.06,8.04,1369700.0,11022864.0,2020,6,4,15,0,2020-06-04 15:00
664,8.05,8.03,8.07,8.02,1406600.0,11309708.0,2020,6,5,9,45,2020-06-05 09:45
665,8.04,8.02,8.06,8.02,1433400.0,11528838.0,2020,6,5,10,0,2020-06-05 10:00
666,8.02,8.04,8.04,8.01,555700.0,4461172.0,2020,6,5,10,15,2020-06-05 10:15
667,8.04,8.05,8.06,8.03,660600.0,5314348.0,2020,6,5,10,30,2020-06-05 10:30
668,8.04,8.03,8.05,8.02,1105900.0,8877130.0,2020,6,5,10,45,2020-06-05 10:45
669,8.04,8.02,8.05,8.02,521700.0,4190768.0,2020,6,5,11,0,2020-06-05 11:00
670,8.02,8.02,8.04,8.02,238600.0,1914852.0,2020,6,5,11,15,2020-06-05 11:15
671,8.03,8.02,8.03,8.01,509400.0,4085756.0,2020,6,5,11,30,2020-06-05 11:30
672,8.01,8.02,8.03,8.01,592600.0,4752700.0,2020,6,5,13,15,2020-06-05 13:15
673,8.02,8.03,8.03,8.0,971200.0,7777640.0,2020,6,5,13,30,2020-06-05 13:30
674,8.03,8.02,8.03,8.02,201000.0,1612840.0,2020,6,5,13,45,2020-06-05 13:45
675,8.02,8.04,8.05,8.02,421300.0,3383960.0,2020,6,5,14,0,2020-06-05 14:00
676,8.04,8.08,8.11,8.04,2628400.0,21244504.0,2020,6,5,14,15,2020-06-05 14:15
677,8.08,8.12,8.12,8.07,2446400.0,19809120.0,2020,6,5,14,30,2020-06-05 14:30
678,8.11,8.09,8.12,8.09,1041500.0,8434056.0,2020,6,5,14,45,2020-06-05 14:45
679,8.1,8.12,8.12,8.08,1474700.0,11950616.0,2020,6,5,15,0,2020-06-05 15:00
680,8.12,8.11,8.14,8.09,2050100.0,16637724.0,2020,6,8,9,45,2020-06-08 09:45
681,8.1,8.12,8.12,8.07,1352200.0,10939686.0,2020,6,8,10,0,2020-06-08 10:00
682,8.12,8.13,8.13,8.1,825000.0,6695966.0,2020,6,8,10,15,2020-06-08 10:15
683,8.12,8.1,8.13,8.1,1006100.0,8162060.0,2020,6,8,10,30,2020-06-08 10:30
684,8.1,8.1,8.11,8.08,511000.0,4134812.0,2020,6,8,10,45,2020-06-08 10:45
685,8.1,8.11,8.11,8.09,250300.0,2027544.0,2020,6,8,11,0,2020-06-08 11:00
686,8.1,8.1,8.11,8.08,329000.0,2662844.0,2020,6,8,11,15,2020-06-08 11:15
687,8.09,8.08,8.1,8.08,281800.0,2279744.0,2020,6,8,11,30,2020-06-08 11:30
688,8.09,8.08,8.1,8.08,352100.0,2846852.0,2020,6,8,13,15,2020-06-08 13:15
689,8.08,8.08,8.09,8.07,516500.0,4172036.0,2020,6,8,13,30,2020-06-08 13:30
690,8.08,8.07,8.08,8.06,373600.0,3016092.0,2020,6,8,13,45,2020-06-08 13:45
691,8.08,8.06,8.08,8.06,252300.0,2034108.0,2020,6,8,14,0,2020-06-08 14:00
692,8.06,8.07,8.08,8.06,340300.0,2744460.0,2020,6,8,14,15,2020-06-08 14:15
693,8.07,8.06,8.08,8.06,492200.0,3972328.0,2020,6,8,14,30,2020-06-08 14:30
694,8.06,8.07,8.08,8.06,439900.0,3549392.0,2020,6,8,14,45,2020-06-08 14:45
695,8.08,8.07,8.08,8.06,1085700.0,8755504.0,2020,6,8,15,0,2020-06-08 15:00
696,8.07,8.1,8.12,8.06,1033900.0,8366458.0,2020,6,9,9,45,2020-06-09 09:45
697,8.09,8.1,8.11,8.08,866400.0,7014818.0,2020,6,9,10,0,2020-06-09 10:00
698,8.1,8.12,8.13,8.09,1420800.0,11520492.0,2020,6,9,10,15,2020-06-09 10:15
699,8.11,8.1,8.11,8.09,489700.0,3966894.0,2020,6,9,10,30,2020-06-09 10:30
700,8.1,8.09,8.1,8.08,463600.0,3752086.0,2020,6,9,10,45,2020-06-09 10:45
701,8.09,8.15,8.17,8.09,2732300.0,22241796.0,2020,6,9,11,0,2020-06-09 11:00
702,8.15,8.14,8.18,8.12,1619600.0,13213552.0,2020,6,9,11,15,2020-06-09 11:15
703,8.14,8.16,8.17,8.13,688000.0,5607256.0,2020,6,9,11,30,2020-06-09 11:30
704,8.16,8.14,8.17,8.14,694100.0,5659880.0,2020,6,9,13,15,2020-06-09 13:15
705,8.15,8.14,8.15,8.13,461100.0,3755880.0,2020,6,9,13,30,2020-06-09 13:30
706,8.14,8.13,8.15,8.13,393000.0,3198800.0,2020,6,9,13,45,2020-06-09 13:45
707,8.13,8.13,8.14,8.13,239800.0,1950464.0,2020,6,9,14,0,2020-06-09 14:00
708,8.13,8.11,8.13,8.1,664900.0,5396528.0,2020,6,9,14,15,2020-06-09 14:15
709,8.1,8.09,8.11,8.09,422600.0,3423056.0,2020,6,9,14,30,2020-06-09 14:30
710,8.09,8.11,8.11,8.09,452800.0,3667512.0,2020,6,9,14,45,2020-06-09 14:45
711,8.11,8.1,8.11,8.09,986000.0,7989088.0,2020,6,9,15,0,2020-06-09 15:00
712,8.08,8.05,8.09,8.03,1799900.0,14492622.0,2020,6,10,9,45,2020-06-10 09:45
713,8.05,8.04,8.06,8.03,735700.0,5918352.0,2020,6,10,10,0,2020-06-10 10:00
714,8.04,8.04,8.05,8.02,1001700.0,8047256.0,2020,6,10,10,15,2020-06-10 10:15
715,8.04,8.05,8.06,8.03,426000.0,3424134.0,2020,6,10,10,30,2020-06-10 10:30
716,8.04,8.02,8.05,8.01,959400.0,7700348.0,2020,6,10,10,45,2020-06-10 10:45
717,8.03,8.01,8.03,7.99,1282100.0,10265932.0,2020,6,10,11,0,2020-06-10 11:00
718,8.01,8.01,8.03,8.0,519700.0,4164380.0,2020,6,10,11,15,2020-06-10 11:15
719,8.03,8.02,8.03,8.01,207500.0,1664228.0,2020,6,10,11,30,2020-06-10 11:30
720,8.03,8.0,8.03,8.0,819300.0,6563380.0,2020,6,10,13,15,2020-06-10 13:15
721,8.01,8.0,8.02,8.0,407700.0,3266888.0,2020,6,10,13,30,2020-06-10 13:30
722,8.02,8.0,8.03,8.0,430100.0,3446336.0,2020,6,10,13,45,2020-06-10 13:45
723,8.01,8.01,8.02,8.0,570300.0,4565224.0,2020,6,10,14,0,2020-06-10 14:00
724,8.02,8.01,8.02,7.99,806600.0,6454408.0,2020,6,10,14,15,2020-06-10 14:15
725,8.0,8.0,8.01,7.99,624000.0,4989368.0,2020,6,10,14,30,2020-06-10 14:30
726,8.01,8.0,8.01,7.99,601900.0,4813696.0,2020,6,10,14,45,2020-06-10 14:45
727,7.99,8.0,8.01,7.99,876300.0,7013552.0,2020,6,10,15,0,2020-06-10 15:00
728,8.0,7.99,8.0,7.96,1209700.0,9646620.0,2020,6,11,9,45,2020-06-11 09:45
729,7.99,7.98,8.0,7.98,577300.0,4612941.0,2020,6,11,10,0,2020-06-11 10:00
730,7.98,8.0,8.0,7.98,614400.0,4906685.0,2020,6,11,10,15,2020-06-11 10:15
731,7.99,8.0,8.04,7.99,901300.0,7224300.0,2020,6,11,10,30,2020-06-11 10:30
732,8.0,7.99,8.01,7.99,494700.0,3956460.0,2020,6,11,10,45,2020-06-11 10:45
733,7.99,7.98,8.0,7.98,439200.0,3510002.0,2020,6,11,11,0,2020-06-11 11:00
734,7.98,8.03,8.04,7.98,1036700.0,8312808.0,2020,6,11,11,15,2020-06-11 11:15
735,8.03,8.08,8.11,8.03,3104900.0,25085976.0,2020,6,11,11,30,2020-06-11 11:30
736,8.08,8.02,8.08,8.01,930900.0,7491304.0,2020,6,11,13,15,2020-06-11 13:15
737,8.03,8.0,8.03,7.99,768200.0,6148968.0,2020,6,11,13,30,2020-06-11 13:30
738,8.0,8.01,8.01,7.98,746700.0,5967720.0,2020,6,11,13,45,2020-06-11 13:45
739,8.0,7.97,8.0,7.94,1680700.0,13380896.0,2020,6,11,14,0,2020-06-11 14:00
740,7.95,7.89,7.96,7.88,2906600.0,23002072.0,2020,6,11,14,15,2020-06-11 14:15
741,7.9,7.91,7.93,7.88,1497500.0,11835936.0,2020,6,11,14,30,2020-06-11 14:30
742,7.92,7.92,7.93,7.9,1182900.0,9355472.0,2020,6,11,14,45,2020-06-11 14:45
743,7.92,7.9,7.92,7.9,921100.0,7285904.0,2020,6,11,15,0,2020-06-11 15:00
744,7.8,7.82,7.84,7.77,3146300.0,24577250.0,2020,6,12,9,45,2020-06-12 09:45
745,7.81,7.84,7.85,7.81,1062200.0,8308578.0,2020,6,12,10,0,2020-06-12 10:00
746,7.84,7.83,7.85,7.81,994600.0,7785628.0,2020,6,12,10,15,2020-06-12 10:15
747,7.83,7.81,7.84,7.8,1314700.0,10283756.0,2020,6,12,10,30,2020-06-12 10:30
748,7.81,7.82,7.84,7.8,923700.0,7221376.0,2020,6,12,10,45,2020-06-12 10:45
749,7.81,7.81,7.83,7.8,1642800.0,12832644.0,2020,6,12,11,0,2020-06-12 11:00
750,7.8,7.88,7.89,7.8,1261000.0,9899528.0,2020,6,12,11,15,2020-06-12 11:15
751,7.85,7.83,7.88,7.81,774200.0,6071832.0,2020,6,12,11,30,2020-06-12 11:30
752,7.84,7.83,7.85,7.82,478700.0,3748976.0,2020,6,12,13,15,2020-06-12 13:15
753,7.84,7.84,7.86,7.82,667000.0,5232824.0,2020,6,12,13,30,2020-06-12 13:30
754,7.84,7.84,7.85,7.83,408000.0,3197064.0,2020,6,12,13,45,2020-06-12 13:45
755,7.84,7.86,7.87,7.83,1089500.0,8554080.0,2020,6,12,14,0,2020-06-12 14:00
756,7.85,7.86,7.87,7.84,929700.0,7297944.0,2020,6,12,14,15,2020-06-12 14:15
757,7.86,7.84,7.87,7.84,597200.0,4686912.0,2020,6,12,14,30,2020-06-12 14:30
758,7.84,7.83,7.85,7.83,996300.0,7807296.0,2020,6,12,14,45,2020-06-12 14:45
759,7.83,7.83,7.84,7.82,1624300.0,12711672.0,2020,6,12,15,0,2020-06-12 15:00
760,7.85,7.88,7.88,7.85,2562600.0,20157400.0,2020,6,15,9,45,2020-06-15 09:45
761,7.88,7.93,7.97,7.88,3749800.0,29720432.0,2020,6,15,10,0,2020-06-15 10:00
762,7.93,7.93,7.94,7.9,658900.0,5220496.0,2020,6,15,10,15,2020-06-15 10:15
763,7.93,7.93,7.94,7.91,635200.0,5032668.0,2020,6,15,10,30,2020-06-15 10:30
764,7.94,7.93,7.97,7.92,1880000.0,14944284.0,2020,6,15,10,45,2020-06-15 10:45
765,7.94,7.93,7.94,7.92,225400.0,1787008.0,2020,6,15,11,0,2020-06-15 11:00
766,7.93,7.94,7.96,7.92,1014900.0,8059880.0,2020,6,15,11,15,2020-06-15 11:15
767,7.94,7.97,7.97,7.94,681800.0,5425856.0,2020,6,15,11,30,2020-06-15 11:30
768,7.96,7.89,7.97,7.89,1206700.0,9561704.0,2020,6,15,13,15,2020-06-15 13:15
769,7.9,7.88,7.91,7.88,643100.0,5076208.0,2020,6,15,13,30,2020-06-15 13:30
770,7.88,7.86,7.89,7.86,825900.0,6502080.0,2020,6,15,13,45,2020-06-15 13:45
771,7.86,7.84,7.87,7.82,1319200.0,10349936.0,2020,6,15,14,0,2020-06-15 14:00
772,7.84,7.83,7.85,7.82,936300.0,7332040.0,2020,6,15,14,15,2020-06-15 14:15
773,7.84,7.85,7.86,7.83,793700.0,6226760.0,2020,6,15,14,30,2020-06-15 14:30
774,7.85,7.84,7.86,7.83,796000.0,6237648.0,2020,6,15,14,45,2020-06-15 14:45
775,7.83,7.81,7.84,7.81,1348000.0,10545712.0,2020,6,15,15,0,2020-06-15 15:00
776,7.89,7.89,7.93,7.87,2487900.0,19654516.0,2020,6,16,9,45,2020-06-16 09:45
777,7.89,7.89,7.92,7.88,1370300.0,10829284.0,2020,6,16,10,0,2020-06-16 10:00
778,7.9,7.87,7.9,7.86,895400.0,7050228.0,2020,6,16,10,15,2020-06-16 10:15
779,7.86,7.86,7.88,7.85,608200.0,4782356.0,2020,6,16,10,30,2020-06-16 10:30
780,7.87,7.89,7.91,7.86,941800.0,7421972.0,2020,6,16,10,45,2020-06-16 10:45
781,7.9,7.89,7.9,7.88,343400.0,2709028.0,2020,6,16,11,0,2020-06-16 11:00
782,7.89,7.88,7.9,7.87,437100.0,3444592.0,2020,6,16,11,15,2020-06-16 11:15
783,7.88,7.87,7.89,7.86,434600.0,3421208.0,2020,6,16,11,30,2020-06-16 11:30
784,7.87,7.88,7.88,7.86,384000.0,3021260.0,2020,6,16,13,15,2020-06-16 13:15
785,7.87,7.87,7.88,7.86,924700.0,7276108.0,2020,6,16,13,30,2020-06-16 13:30
786,7.87,7.89,7.89,7.86,644900.0,5080448.0,2020,6,16,13,45,2020-06-16 13:45
787,7.88,7.89,7.9,7.87,647300.0,5104136.0,2020,6,16,14,0,2020-06-16 14:00
788,7.88,7.88,7.89,7.87,649900.0,5118048.0,2020,6,16,14,15,2020-06-16 14:15
789,7.87,7.88,7.89,7.87,674900.0,5318104.0,2020,6,16,14,30,2020-06-16 14:30
790,7.88,7.89,7.89,7.86,708500.0,5581360.0,2020,6,16,14,45,2020-06-16 14:45
791,7.89,7.9,7.91,7.88,1396900.0,11026680.0,2020,6,16,15,0,2020-06-16 15:00
792,7.88,7.9,7.91,7.87,1279000.0,10082315.0,2020,6,17,9,45,2020-06-17 09:45
793,7.91,7.9,7.93,7.89,1275000.0,10090315.0,2020,6,17,10,0,2020-06-17 10:00
794,7.9,7.89,7.91,7.88,603900.0,4768090.0,2020,6,17,10,15,2020-06-17 10:15
795,7.89,7.89,7.9,7.88,600400.0,4737432.0,2020,6,17,10,30,2020-06-17 10:30
796,7.89,7.87,7.89,7.87,616100.0,4855264.0,2020,6,17,10,45,2020-06-17 10:45
797,7.87,7.87,7.88,7.87,382200.0,3010224.0,2020,6,17,11,0,2020-06-17 11:00
798,7.87,7.88,7.88,7.87,459600.0,3618092.0,2020,6,17,11,15,2020-06-17 11:15
799,7.87,7.87,7.88,7.86,339500.0,2672012.0,2020,6,17,13,0,2020-06-17 13:00
