,open,close,high,low,vol,amount,year,month,day,hour,minute,datetime
0,6.67,6.64,6.67,6.64,622800.0,4144672.0,2020,4,2,13,15,2020-04-02 13:15
1,6.64,6.65,6.66,6.63,1303500.0,8669976.0,2020,4,2,13,30,2020-04-02 13:30
2,6.65,6.74,6.74,6.65,5365000.0,35960960.0,2020,4,2,13,45,2020-04-02 13:45
3,6.74,6.77,6.77,6.72,3007200.0,20252256.0,2020,4,2,14,0,2020-04-02 14:00
4,6.77,6.77,6.81,6.76,4040100.0,27413744.0,2020,4,2,14,15,2020-04-02 14:15
5,6.76,6.82,6.82,6.75,3201400.0,21731440.0,2020,4,2,14,30,2020-04-02 14:30
6,6.81,6.83,6.85,6.81,3570600.0,24381472.0,2020,4,2,14,45,2020-04-02 14:45
7,6.83,6.89,6.89,6.83,5043900.0,34580064.0,2020,4,2,15,0,2020-04-02 15:00
8,6.94,6.86,6.94,6.84,6387400.0,44054092.0,2020,4,3,9,45,2020-04-03 09:45
9,6.86,6.87,6.88,6.83,2800800.0,19185412.0,2020,4,3,10,0,2020-04-03 10:00
10,6.87,6.85,6.9,6.82,2337700.0,16023920.0,2020,4,3,10,15,2020-04-03 10:15
11,6.85,6.82,6.85,6.78,2332600.0,15888504.0,2020,4,3,10,30,2020-04-03 10:30
12,6.83,6.83,6.84,6.81,846400.0,5775888.0,2020,4,3,10,45,2020-04-03 10:45
13,6.83,6.81,6.84,6.79,959800.0,6534896.0,2020,4,3,11,0,2020-04-03 11:00
14,6.81,6.77,6.82,6.77,1587600.0,10774760.0,2020,4,3,11,15,2020-04-03 11:15
15,6.78,6.77,6.79,6.74,2777900.0,18767360.0,2020,4,3,11,30,2020-04-03 11:30
16,6.77,6.8,6.81,6.75,1237600.0,8383520.0,2020,4,3,13,15,2020-04-03 13:15
17,6.8,6.77,6.81,6.77,728300.0,4944400.0,2020,4,3,13,30,2020-04-03 13:30
18,6.77,6.79,6.82,6.76,1083500.0,7353200.0,2020,4,3,13,45,2020-04-03 13:45
19,6.79,6.79,6.8,6.77,546400.0,3706496.0,2020,4,3,14,0,2020-04-03 14:00
20,6.78,6.76,6.79,6.74,1677000.0,11333792.0,2020,4,3,14,15,2020-04-03 14:15
21,6.77,6.78,6.79,6.75,940300.0,6362816.0,2020,4,3,14,30,2020-04-03 14:30
22,6.78,6.75,6.8,6.75,1324900.0,8976032.0,2020,4,3,14,45,2020-04-03 14:45
23,6.76,6.76,6.78,6.75,2860900.0,19344448.0,2020,4,3,15,0,2020-04-03 15:00
24,6.88,6.87,6.92,6.86,6739200.0,46435656.0,2020,4,7,9,45,2020-04-07 09:45
25,6.88,6.9,6.92,6.88,2796900.0,19292728.0,2020,4,7,10,0,2020-04-07 10:00
26,6.89,6.9,6.92,6.88,2648500.0,18262240.0,2020,4,7,10,15,2020-04-07 10:15
27,6.9,6.91,6.92,6.88,2027500.0,13988840.0,2020,4,7,10,30,2020-04-07 10:30
28,6.9,6.91,6.92,6.9,1607400.0,11109048.0,2020,4,7,10,45,2020-04-07 10:45
29,6.91,6.91,6.92,6.9,1538700.0,10638192.0,2020,4,7,11,0,2020-04-07 11:00
30,6.91,6.94,6.95,6.9,1461100.0,10121896.0,2020,4,7,11,15,2020-04-07 11:15
31,6.94,6.92,6.94,6.91,957800.0,6632696.0,2020,4,7,11,30,2020-04-07 11:30
32,6.92,6.93,6.94,6.91,1068200.0,7399696.0,2020,4,7,13,15,2020-04-07 13:15
33,6.92,6.93,6.94,6.92,786500.0,5452768.0,2020,4,7,13,30,2020-04-07 13:30
34,6.93,6.94,6.95,6.91,1711700.0,11861648.0,2020,4,7,13,45,2020-04-07 13:45
35,6.95,6.98,6.98,6.93,2462500.0,17134672.0,2020,4,7,14,0,2020-04-07 14:00
36,6.98,6.97,7.0,6.95,3390200.0,23655200.0,2020,4,7,14,15,2020-04-07 14:15
37,6.97,6.97,6.98,6.96,1382100.0,9635664.0,2020,4,7,14,30,2020-04-07 14:30
38,6.98,6.96,6.98,6.95,1796000.0,12503152.0,2020,4,7,14,45,2020-04-07 14:45
39,6.96,6.96,6.96,6.94,3270300.0,22729008.0,2020,4,7,15,0,2020-04-07 15:00
40,6.89,6.97,6.98,6.87,4228100.0,29247622.0,2020,4,8,9,45,2020-04-08 09:45
41,6.96,6.93,6.97,6.91,2682700.0,18639138.0,2020,4,8,10,0,2020-04-08 10:00
42,6.93,6.93,6.97,6.93,1792200.0,12438636.0,2020,4,8,10,15,2020-04-08 10:15
43,6.94,6.99,7.0,6.94,2755500.0,19228404.0,2020,4,8,10,30,2020-04-08 10:30
44,6.99,6.96,6.99,6.95,1398400.0,9749128.0,2020,4,8,10,45,2020-04-08 10:45
45,6.96,6.96,6.98,6.95,915200.0,6376056.0,2020,4,8,11,0,2020-04-08 11:00
46,6.96,6.95,6.97,6.94,1192500.0,8291064.0,2020,4,8,11,15,2020-04-08 11:15
47,6.95,6.95,6.97,6.95,594100.0,4132720.0,2020,4,8,11,30,2020-04-08 11:30
48,6.95,6.98,6.99,6.95,1530900.0,10666800.0,2020,4,8,13,15,2020-04-08 13:15
49,6.99,6.96,6.99,6.96,1513800.0,10562104.0,2020,4,8,13,30,2020-04-08 13:30
50,6.97,7.03,7.04,6.95,3468600.0,24251560.0,2020,4,8,13,45,2020-04-08 13:45
51,7.04,7.0,7.06,7.0,3743400.0,26332704.0,2020,4,8,14,0,2020-04-08 14:00
52,7.0,6.98,7.01,6.97,1690500.0,11814096.0,2020,4,8,14,15,2020-04-08 14:15
53,6.97,6.94,6.98,6.94,2189400.0,15237216.0,2020,4,8,14,30,2020-04-08 14:30
54,6.95,6.96,6.97,6.94,1603400.0,11150128.0,2020,4,8,14,45,2020-04-08 14:45
55,6.95,6.97,6.97,6.95,2775600.0,19317568.0,2020,4,8,15,0,2020-04-08 15:00
56,7.1,7.08,7.13,7.05,8049200.0,57120940.0,2020,4,9,9,45,2020-04-09 09:45
57,7.09,7.07,7.09,7.04,4003200.0,28263132.0,2020,4,9,10,0,2020-04-09 10:00
58,7.07,7.09,7.09,7.05,2619000.0,18538288.0,2020,4,9,10,15,2020-04-09 10:15
59,7.09,7.07,7.09,7.07,1237500.0,8761536.0,2020,4,9,10,30,2020-04-09 10:30
60,7.08,7.05,7.08,7.05,1462300.0,10328664.0,2020,4,9,10,45,2020-04-09 10:45
61,7.06,7.05,7.06,7.03,1395700.0,9827424.0,2020,4,9,11,0,2020-04-09 11:00
62,7.04,7.02,7.05,7.01,1385500.0,9736432.0,2020,4,9,11,15,2020-04-09 11:15
63,7.02,7.03,7.03,7.01,810800.0,5693440.0,2020,4,9,11,30,2020-04-09 11:30
64,7.03,7.03,7.04,7.02,1017000.0,7151824.0,2020,4,9,13,15,2020-04-09 13:15
65,7.03,7.03,7.04,7.02,737600.0,5183520.0,2020,4,9,13,30,2020-04-09 13:30
66,7.02,7.04,7.05,7.02,1244000.0,8751648.0,2020,4,9,13,45,2020-04-09 13:45
67,7.04,7.05,7.05,7.03,1039800.0,7317632.0,2020,4,9,14,0,2020-04-09 14:00
68,7.05,7.03,7.05,7.03,1145200.0,8064368.0,2020,4,9,14,15,2020-04-09 14:15
69,7.03,7.03,7.04,7.02,1067700.0,7508176.0,2020,4,9,14,30,2020-04-09 14:30
70,7.03,7.01,7.04,7.01,1864700.0,13085216.0,2020,4,9,14,45,2020-04-09 14:45
71,7.02,7.03,7.03,7.01,2414000.0,16950752.0,2020,4,9,15,0,2020-04-09 15:00
72,7.1,7.2,7.23,7.06,13179900.0,94050424.0,2020,4,10,9,45,2020-04-10 09:45
73,7.2,7.23,7.31,7.19,15630800.0,113359592.0,2020,4,10,10,0,2020-04-10 10:00
74,7.24,7.24,7.28,7.23,4396100.0,31895984.0,2020,4,10,10,15,2020-04-10 10:15
75,7.24,7.25,7.27,7.24,3800000.0,27568944.0,2020,4,10,10,30,2020-04-10 10:30
76,7.25,7.21,7.26,7.2,3005500.0,21716128.0,2020,4,10,10,45,2020-04-10 10:45
77,7.21,7.17,7.21,7.17,2390900.0,17181632.0,2020,4,10,11,0,2020-04-10 11:00
78,7.17,7.19,7.2,7.16,1986800.0,14268576.0,2020,4,10,11,15,2020-04-10 11:15
79,7.19,7.14,7.19,7.14,2067200.0,14796224.0,2020,4,10,11,30,2020-04-10 11:30
80,7.14,7.11,7.15,7.1,2296800.0,16351168.0,2020,4,10,13,15,2020-04-10 13:15
81,7.12,7.11,7.14,7.1,2264300.0,16108064.0,2020,4,10,13,30,2020-04-10 13:30
82,7.11,7.09,7.11,7.06,2520600.0,17848960.0,2020,4,10,13,45,2020-04-10 13:45
83,7.08,7.12,7.13,7.07,1584300.0,11255232.0,2020,4,10,14,0,2020-04-10 14:00
84,7.11,7.09,7.12,7.07,1992100.0,14128000.0,2020,4,10,14,15,2020-04-10 14:15
85,7.09,7.1,7.13,7.08,1882600.0,13378304.0,2020,4,10,14,30,2020-04-10 14:30
86,7.1,7.11,7.14,7.1,3108900.0,22151072.0,2020,4,10,14,45,2020-04-10 14:45
87,7.11,7.13,7.13,7.09,4247600.0,30218272.0,2020,4,10,15,0,2020-04-10 15:00
88,7.06,6.93,7.06,6.84,9738200.0,67545992.0,2020,4,13,9,45,2020-04-13 09:45
89,6.92,6.92,6.94,6.89,3915300.0,27055504.0,2020,4,13,10,0,2020-04-13 10:00
90,6.91,6.94,6.96,6.91,1996700.0,13848744.0,2020,4,13,10,15,2020-04-13 10:15
91,6.94,6.95,6.95,6.91,1687400.0,11698720.0,2020,4,13,10,30,2020-04-13 10:30
92,6.94,6.92,6.95,6.92,1299400.0,8999200.0,2020,4,13,10,45,2020-04-13 10:45
93,6.93,6.94,6.95,6.91,918100.0,6364464.0,2020,4,13,11,0,2020-04-13 11:00
94,6.94,6.93,6.95,6.92,821500.0,5698384.0,2020,4,13,11,15,2020-04-13 11:15
95,6.92,6.94,6.94,6.92,668100.0,4626624.0,2020,4,13,11,30,2020-04-13 11:30
96,6.94,6.91,6.94,6.9,896100.0,6199408.0,2020,4,13,13,15,2020-04-13 13:15
97,6.91,6.9,6.94,6.9,1248200.0,8631152.0,2020,4,13,13,30,2020-04-13 13:30
98,6.91,6.9,6.91,6.88,1504800.0,10380320.0,2020,4,13,13,45,2020-04-13 13:45
99,6.89,6.9,6.91,6.88,1511300.0,10419344.0,2020,4,13,14,0,2020-04-13 14:00
100,6.89,6.9,6.92,6.89,933700.0,6447568.0,2020,4,13,14,15,2020-04-13 14:15
101,6.9,6.89,6.9,6.88,1492300.0,10287168.0,2020,4,13,14,30,2020-04-13 14:30
102,6.89,6.88,6.89,6.88,1987100.0,13677920.0,2020,4,13,14,45,2020-04-13 14:45
103,6.88,6.89,6.9,6.87,2795600.0,19235664.0,2020,4,13,15,0,2020-04-13 15:00
104,6.89,6.9,6.93,6.85,4921500.0,33915148.0,2020,4,14,9,45,2020-04-14 09:45
105,6.91,6.94,6.97,6.9,3037100.0,21074028.0,2020,4,14,10,0,2020-04-14 10:00
106,6.93,6.95,6.96,6.93,1976700.0,13733008.0,2020,4,14,10,15,2020-04-14 10:15
107,6.95,6.94,6.96,6.91,1499300.0,10397208.0,2020,4,14,10,30,2020-04-14 10:30
108,6.93,6.98,7.0,6.93,2528200.0,17610680.0,2020,4,14,10,45,2020-04-14 10:45
109,6.97,7.0,7.0,6.96,1545900.0,10782368.0,2020,4,14,11,0,2020-04-14 11:00
110,7.0,6.96,7.0,6.96,944400.0,6592336.0,2020,4,14,11,15,2020-04-14 11:15
111,6.96,6.95,6.97,6.94,1001700.0,6971200.0,2020,4,14,11,30,2020-04-14 11:30
112,6.96,6.94,6.97,6.93,826400.0,5741544.0,2020,4,14,13,15,2020-04-14 13:15
113,6.95,6.95,6.95,6.93,1177000.0,8172160.0,2020,4,14,13,30,2020-04-14 13:30
114,6.94,6.98,6.99,6.94,1772200.0,12349520.0,2020,4,14,13,45,2020-04-14 13:45
115,6.98,6.97,6.99,6.96,1203500.0,8391776.0,2020,4,14,14,0,2020-04-14 14:00
116,6.97,6.99,7.0,6.97,2351600.0,16424784.0,2020,4,14,14,15,2020-04-14 14:15
117,6.99,6.98,6.99,6.97,1847900.0,12897872.0,2020,4,14,14,30,2020-04-14 14:30
118,6.99,7.01,7.02,6.98,2942800.0,20589024.0,2020,4,14,14,45,2020-04-14 14:45
119,7.01,7.03,7.03,7.0,3467300.0,24325792.0,2020,4,14,15,0,2020-04-14 15:00
120,6.91,6.92,6.94,6.85,10116000.0,69736560.0,2020,4,15,9,45,2020-04-15 09:45
121,6.92,6.9,6.94,6.89,3838800.0,26540376.0,2020,4,15,10,0,2020-04-15 10:00
122,6.9,6.87,6.91,6.85,4896800.0,33650792.0,2020,4,15,10,15,2020-04-15 10:15
123,6.86,6.87,6.88,6.86,2343200.0,16095472.0,2020,4,15,10,30,2020-04-15 10:30
124,6.86,6.87,6.88,6.85,4281100.0,29381552.0,2020,4,15,10,45,2020-04-15 10:45
125,6.86,6.82,6.87,6.78,6773600.0,46179344.0,2020,4,15,11,0,2020-04-15 11:00
126,6.81,6.82,6.83,6.79,2389600.0,16264080.0,2020,4,15,11,15,2020-04-15 11:15
127,6.81,6.82,6.84,6.81,1625800.0,11093136.0,2020,4,15,11,30,2020-04-15 11:30
128,6.83,6.89,6.91,6.82,2461700.0,16916640.0,2020,4,15,13,15,2020-04-15 13:15
129,6.89,7.19,7.2,6.89,14607700.0,103174848.0,2020,4,15,13,30,2020-04-15 13:30
130,7.18,7.23,7.36,7.15,17116200.0,124395680.0,2020,4,15,13,45,2020-04-15 13:45
131,7.23,7.19,7.25,7.17,4366400.0,31501408.0,2020,4,15,14,0,2020-04-15 14:00
132,7.18,7.15,7.19,7.12,3951200.0,28252320.0,2020,4,15,14,15,2020-04-15 14:15
133,7.16,7.15,7.19,7.13,3359100.0,24031296.0,2020,4,15,14,30,2020-04-15 14:30
134,7.15,7.15,7.17,7.13,3193900.0,22827584.0,2020,4,15,14,45,2020-04-15 14:45
135,7.14,7.12,7.14,7.11,3904400.0,27806976.0,2020,4,15,15,0,2020-04-15 15:00
136,6.97,7.01,7.02,6.93,8888700.0,61904132.0,2020,4,16,9,45,2020-04-16 09:45
137,7.01,7.03,7.04,6.98,3690400.0,25873460.0,2020,4,16,10,0,2020-04-16 10:00
138,7.03,7.05,7.06,7.0,3235000.0,22760216.0,2020,4,16,10,15,2020-04-16 10:15
139,7.05,7.07,7.12,7.05,3335300.0,23649464.0,2020,4,16,10,30,2020-04-16 10:30
140,7.07,7.09,7.12,7.06,2744000.0,19475848.0,2020,4,16,10,45,2020-04-16 10:45
141,7.09,7.04,7.1,7.04,2319100.0,16386256.0,2020,4,16,11,0,2020-04-16 11:00
142,7.05,7.04,7.05,7.03,1234200.0,8684784.0,2020,4,16,11,15,2020-04-16 11:15
143,7.04,7.01,7.04,7.0,1244600.0,8733120.0,2020,4,16,11,30,2020-04-16 11:30
144,7.01,7.01,7.03,7.0,1799300.0,12611920.0,2020,4,16,13,15,2020-04-16 13:15
145,7.01,6.99,7.02,6.98,1940600.0,13574656.0,2020,4,16,13,30,2020-04-16 13:30
146,6.98,7.0,7.01,6.98,1560100.0,10917264.0,2020,4,16,13,45,2020-04-16 13:45
147,7.01,7.03,7.08,6.99,2274100.0,15984928.0,2020,4,16,14,0,2020-04-16 14:00
148,7.04,7.03,7.04,7.01,1260800.0,8846560.0,2020,4,16,14,15,2020-04-16 14:15
149,7.03,7.04,7.06,7.01,1335000.0,9388688.0,2020,4,16,14,30,2020-04-16 14:30
150,7.03,7.01,7.04,6.99,3616500.0,25341120.0,2020,4,16,14,45,2020-04-16 14:45
151,7.01,7.0,7.02,6.98,4551100.0,31829632.0,2020,4,16,15,0,2020-04-16 15:00
152,7.04,7.0,7.08,6.98,4469900.0,31373808.0,2020,4,17,9,45,2020-04-17 09:45
153,6.99,7.04,7.07,6.99,5552200.0,39042472.0,2020,4,17,10,0,2020-04-17 10:00
154,7.04,7.03,7.05,7.02,2971000.0,20896912.0,2020,4,17,10,15,2020-04-17 10:15
155,7.03,7.03,7.05,7.02,1927400.0,13554416.0,2020,4,17,10,30,2020-04-17 10:30
156,7.04,7.04,7.05,7.03,1810700.0,12744456.0,2020,4,17,10,45,2020-04-17 10:45
157,7.04,7.0,7.04,7.0,1995300.0,14005056.0,2020,4,17,11,0,2020-04-17 11:00
158,7.0,7.01,7.02,7.0,1517900.0,10643216.0,2020,4,17,11,15,2020-04-17 11:15
159,7.01,7.05,7.06,7.0,2124900.0,14936928.0,2020,4,17,11,30,2020-04-17 11:30
160,7.04,7.12,7.12,7.04,4862200.0,34398432.0,2020,4,17,13,15,2020-04-17 13:15
161,7.12,7.17,7.23,7.11,14612300.0,104949328.0,2020,4,17,13,30,2020-04-17 13:30
162,7.18,7.16,7.18,7.14,4146600.0,29702688.0,2020,4,17,13,45,2020-04-17 13:45
163,7.15,7.15,7.16,7.14,2581400.0,18465664.0,2020,4,17,14,0,2020-04-17 14:00
164,7.15,7.09,7.16,7.09,3955200.0,28174464.0,2020,4,17,14,15,2020-04-17 14:15
165,7.09,7.08,7.1,7.07,2980500.0,21124800.0,2020,4,17,14,30,2020-04-17 14:30
166,7.07,7.07,7.1,7.06,2067000.0,14622656.0,2020,4,17,14,45,2020-04-17 14:45
167,7.07,7.08,7.08,7.06,3904700.0,27613760.0,2020,4,17,15,0,2020-04-17 15:00
168,7.13,7.12,7.22,7.12,11543700.0,82713192.0,2020,4,20,9,45,2020-04-20 09:45
169,7.12,7.24,7.24,7.08,8266500.0,59156872.0,2020,4,20,10,0,2020-04-20 10:00
170,7.24,7.21,7.33,7.18,11181200.0,81140960.0,2020,4,20,10,15,2020-04-20 10:15
171,7.21,7.18,7.22,7.15,2537900.0,18226784.0,2020,4,20,10,30,2020-04-20 10:30
172,7.18,7.17,7.18,7.14,2391500.0,17126816.0,2020,4,20,10,45,2020-04-20 10:45
173,7.17,7.16,7.18,7.15,1477800.0,10591024.0,2020,4,20,11,0,2020-04-20 11:00
174,7.16,7.21,7.21,7.15,1613600.0,11573952.0,2020,4,20,11,15,2020-04-20 11:15
175,7.21,7.18,7.21,7.17,1126000.0,8096608.0,2020,4,20,11,30,2020-04-20 11:30
176,7.18,7.26,7.27,7.18,4123600.0,29855872.0,2020,4,20,13,15,2020-04-20 13:15
177,7.26,7.22,7.26,7.21,1901200.0,13754176.0,2020,4,20,13,30,2020-04-20 13:30
178,7.22,7.22,7.24,7.21,1107500.0,7999520.0,2020,4,20,13,45,2020-04-20 13:45
179,7.22,7.25,7.25,7.21,1786500.0,12925920.0,2020,4,20,14,0,2020-04-20 14:00
180,7.25,7.23,7.25,7.21,2791500.0,20190752.0,2020,4,20,14,15,2020-04-20 14:15
181,7.23,7.22,7.24,7.21,1447500.0,10453696.0,2020,4,20,14,30,2020-04-20 14:30
182,7.22,7.19,7.22,7.17,3041500.0,21875520.0,2020,4,20,14,45,2020-04-20 14:45
183,7.2,7.21,7.22,7.19,4171700.0,30064448.0,2020,4,20,15,0,2020-04-20 15:00
184,7.11,7.0,7.12,6.99,12919900.0,91066184.0,2020,4,21,9,45,2020-04-21 09:45
185,7.0,6.97,7.0,6.93,7565600.0,52693400.0,2020,4,21,10,0,2020-04-21 10:00
186,6.97,7.02,7.04,6.93,4848500.0,33783008.0,2020,4,21,10,15,2020-04-21 10:15
187,7.02,7.01,7.06,7.0,1855100.0,13021632.0,2020,4,21,10,30,2020-04-21 10:30
188,7.02,7.01,7.02,6.98,1324700.0,9265616.0,2020,4,21,10,45,2020-04-21 10:45
189,7.01,7.01,7.06,7.0,1444400.0,10162320.0,2020,4,21,11,0,2020-04-21 11:00
190,7.01,6.99,7.01,6.98,1065800.0,7455632.0,2020,4,21,11,15,2020-04-21 11:15
191,6.99,6.96,7.0,6.95,2234800.0,15567824.0,2020,4,21,11,30,2020-04-21 11:30
192,6.95,6.93,6.98,6.92,2878000.0,19962768.0,2020,4,21,13,15,2020-04-21 13:15
193,6.93,6.95,6.97,6.93,1269200.0,8818928.0,2020,4,21,13,30,2020-04-21 13:30
194,6.95,6.93,6.96,6.91,2967300.0,20571360.0,2020,4,21,13,45,2020-04-21 13:45
195,6.93,6.92,6.93,6.91,1688300.0,11686176.0,2020,4,21,14,0,2020-04-21 14:00
196,6.93,6.93,6.96,6.92,1739500.0,12076736.0,2020,4,21,14,15,2020-04-21 14:15
197,6.93,6.93,6.95,6.92,2762800.0,19165696.0,2020,4,21,14,30,2020-04-21 14:30
198,6.93,6.95,6.96,6.92,2553800.0,17714592.0,2020,4,21,14,45,2020-04-21 14:45
199,6.96,6.94,6.96,6.93,2864900.0,19896000.0,2020,4,21,15,0,2020-04-21 15:00
200,6.86,6.81,6.86,6.76,6094500.0,41460920.0,2020,4,22,9,45,2020-04-22 09:45
201,6.81,6.83,6.83,6.77,4996000.0,33933680.0,2020,4,22,10,0,2020-04-22 10:00
202,6.84,6.82,6.84,6.79,2014900.0,13724144.0,2020,4,22,10,15,2020-04-22 10:15
203,6.82,6.83,6.86,6.82,1633900.0,11170680.0,2020,4,22,10,30,2020-04-22 10:30
204,6.82,6.89,6.95,6.81,5487400.0,37907072.0,2020,4,22,10,45,2020-04-22 10:45
205,6.89,6.9,6.92,6.89,883900.0,6100400.0,2020,4,22,11,0,2020-04-22 11:00
206,6.89,6.86,6.9,6.85,959500.0,6600400.0,2020,4,22,11,15,2020-04-22 11:15
207,6.85,6.85,6.87,6.85,774500.0,5309248.0,2020,4,22,11,30,2020-04-22 11:30
208,6.85,6.88,6.88,6.82,1150500.0,7878640.0,2020,4,22,13,15,2020-04-22 13:15
209,6.87,6.87,6.89,6.85,932600.0,6407424.0,2020,4,22,13,30,2020-04-22 13:30
210,6.87,6.91,6.91,6.87,975000.0,6709952.0,2020,4,22,13,45,2020-04-22 13:45
211,6.9,6.89,6.91,6.88,753400.0,5192080.0,2020,4,22,14,0,2020-04-22 14:00
212,6.89,6.9,6.9,6.88,979100.0,6745232.0,2020,4,22,14,15,2020-04-22 14:15
213,6.9,6.9,6.92,6.89,986600.0,6809296.0,2020,4,22,14,30,2020-04-22 14:30
214,6.9,7.04,7.11,6.89,12631600.0,88944496.0,2020,4,22,14,45,2020-04-22 14:45
215,7.04,7.03,7.06,7.02,4334300.0,30517120.0,2020,4,22,15,0,2020-04-22 15:00
216,7.04,6.98,7.08,6.98,6677600.0,46841840.0,2020,4,23,9,45,2020-04-23 09:45
217,6.98,6.93,6.99,6.93,3969200.0,27646064.0,2020,4,23,10,0,2020-04-23 10:00
218,6.93,6.94,6.95,6.91,3154800.0,21854272.0,2020,4,23,10,15,2020-04-23 10:15
219,6.94,6.93,6.94,6.9,2236500.0,15472800.0,2020,4,23,10,30,2020-04-23 10:30
220,6.95,6.94,6.99,6.94,1972500.0,13741008.0,2020,4,23,10,45,2020-04-23 10:45
221,6.94,7.06,7.11,6.93,9370500.0,66067616.0,2020,4,23,11,0,2020-04-23 11:00
222,7.06,7.02,7.07,7.01,2842200.0,20034400.0,2020,4,23,11,15,2020-04-23 11:15
223,7.03,7.03,7.03,7.0,792800.0,5561408.0,2020,4,23,11,30,2020-04-23 11:30
224,7.03,7.04,7.06,7.01,1477400.0,10399216.0,2020,4,23,13,15,2020-04-23 13:15
225,7.04,7.03,7.06,7.03,1030000.0,7254176.0,2020,4,23,13,30,2020-04-23 13:30
226,7.04,7.04,7.04,7.03,956900.0,6732240.0,2020,4,23,13,45,2020-04-23 13:45
227,7.04,7.04,7.06,7.03,1259400.0,8880032.0,2020,4,23,14,0,2020-04-23 14:00
228,7.04,6.98,7.04,6.97,2072600.0,14527536.0,2020,4,23,14,15,2020-04-23 14:15
229,6.98,6.96,6.99,6.95,2162900.0,15067552.0,2020,4,23,14,30,2020-04-23 14:30
230,6.96,7.07,7.11,6.92,10537900.0,74247936.0,2020,4,23,14,45,2020-04-23 14:45
231,7.07,7.05,7.1,7.02,9412300.0,66453376.0,2020,4,23,15,0,2020-04-23 15:00
232,7.31,7.65,7.76,7.31,111974704.0,854830016.0,2020,4,24,9,45,2020-04-24 09:45
233,7.64,7.67,7.73,7.63,24909200.0,191343488.0,2020,4,24,10,0,2020-04-24 10:00
234,7.66,7.54,7.67,7.47,22040500.0,166425024.0,2020,4,24,10,15,2020-04-24 10:15
235,7.55,7.55,7.6,7.44,12015100.0,90046208.0,2020,4,24,10,30,2020-04-24 10:30
236,7.57,7.51,7.57,7.46,6621300.0,49687040.0,2020,4,24,10,45,2020-04-24 10:45
237,7.51,7.55,7.58,7.5,4313600.0,32500096.0,2020,4,24,11,0,2020-04-24 11:00
238,7.55,7.56,7.59,7.53,2304400.0,17425664.0,2020,4,24,11,15,2020-04-24 11:15
239,7.56,7.54,7.57,7.53,1737600.0,13119360.0,2020,4,24,11,30,2020-04-24 11:30
240,7.54,7.52,7.59,7.51,3489900.0,26337280.0,2020,4,24,13,15,2020-04-24 13:15
241,7.52,7.51,7.56,7.51,2438800.0,18377216.0,2020,4,24,13,30,2020-04-24 13:30
242,7.52,7.45,7.54,7.43,5394900.0,40301184.0,2020,4,24,13,45,2020-04-24 13:45
243,7.45,7.49,7.52,7.38,6545000.0,48718080.0,2020,4,24,14,0,2020-04-24 14:00
244,7.49,7.47,7.5,7.44,3195600.0,23902720.0,2020,4,24,14,15,2020-04-24 14:15
245,7.48,7.48,7.54,7.47,4470700.0,33534720.0,2020,4,24,14,30,2020-04-24 14:30
246,7.48,7.43,7.48,7.37,6816800.0,50578688.0,2020,4,24,14,45,2020-04-24 14:45
247,7.43,7.4,7.44,7.39,8292400.0,61401856.0,2020,4,24,15,0,2020-04-24 15:00
248,7.19,7.2,7.34,7.11,38821400.0,279240832.0,2020,4,27,9,45,2020-04-27 09:45
249,7.19,7.16,7.26,7.14,12136500.0,87201088.0,2020,4,27,10,0,2020-04-27 10:00
250,7.15,7.06,7.19,7.0,20662900.0,146075840.0,2020,4,27,10,15,2020-04-27 10:15
251,7.05,7.02,7.08,7.02,5854400.0,41249408.0,2020,4,27,10,30,2020-04-27 10:30
252,7.02,7.06,7.08,7.0,7421700.0,52116160.0,2020,4,27,10,45,2020-04-27 10:45
253,7.07,7.05,7.08,7.03,3012600.0,21238656.0,2020,4,27,11,0,2020-04-27 11:00
254,7.06,7.01,7.06,6.99,5542100.0,38853312.0,2020,4,27,11,15,2020-04-27 11:15
255,7.0,6.98,7.01,6.93,7310400.0,50980352.0,2020,4,27,11,30,2020-04-27 11:30
256,6.97,6.99,7.04,6.97,3431600.0,24023936.0,2020,4,27,13,15,2020-04-27 13:15
257,6.99,7.0,7.01,6.98,2380700.0,16655040.0,2020,4,27,13,30,2020-04-27 13:30
258,6.99,6.99,7.02,6.98,2583400.0,18077312.0,2020,4,27,13,45,2020-04-27 13:45
259,7.0,7.0,7.02,6.98,2343000.0,16397888.0,2020,4,27,14,0,2020-04-27 14:00
260,7.0,6.95,7.0,6.94,4103300.0,28572160.0,2020,4,27,14,15,2020-04-27 14:15
261,6.96,6.93,6.96,6.91,4391600.0,30464192.0,2020,4,27,14,30,2020-04-27 14:30
262,6.93,6.84,6.93,6.83,8944600.0,61539008.0,2020,4,27,14,45,2020-04-27 14:45
263,6.84,6.89,6.91,6.84,5975900.0,41108992.0,2020,4,27,15,0,2020-04-27 15:00
264,6.76,6.51,6.81,6.51,25476800.0,169067712.0,2020,4,28,9,45,2020-04-28 09:45
265,6.51,6.31,6.52,6.25,21127800.0,134954528.0,2020,4,28,10,0,2020-04-28 10:00
266,6.31,6.38,6.44,6.31,5892500.0,37651552.0,2020,4,28,10,15,2020-04-28 10:15
267,6.38,6.44,6.53,6.38,4061900.0,26265408.0,2020,4,28,10,30,2020-04-28 10:30
268,6.44,6.54,6.56,6.44,3463100.0,22541312.0,2020,4,28,10,45,2020-04-28 10:45
269,6.54,6.59,6.59,6.5,2130400.0,13929696.0,2020,4,28,11,0,2020-04-28 11:00
270,6.59,6.58,6.63,6.53,2374900.0,15609920.0,2020,4,28,11,15,2020-04-28 11:15
271,6.57,6.6,6.63,6.53,1859600.0,12252928.0,2020,4,28,11,30,2020-04-28 11:30
272,6.6,6.55,6.61,6.51,1950600.0,12767712.0,2020,4,28,13,15,2020-04-28 13:15
273,6.56,6.53,6.56,6.52,1530600.0,10008160.0,2020,4,28,13,30,2020-04-28 13:30
274,6.53,6.47,6.53,6.46,2482700.0,16114112.0,2020,4,28,13,45,2020-04-28 13:45
275,6.47,6.5,6.51,6.42,2546200.0,16451424.0,2020,4,28,14,0,2020-04-28 14:00
276,6.51,6.5,6.52,6.48,1275000.0,8282400.0,2020,4,28,14,15,2020-04-28 14:15
277,6.51,6.49,6.53,6.49,1737500.0,11300896.0,2020,4,28,14,30,2020-04-28 14:30
278,6.49,6.47,6.5,6.44,3222500.0,20843936.0,2020,4,28,14,45,2020-04-28 14:45
279,6.48,6.5,6.52,6.47,4242300.0,27584992.0,2020,4,28,15,0,2020-04-28 15:00
280,6.48,6.54,6.57,6.37,6099600.0,39520552.0,2020,4,29,9,45,2020-04-29 09:45
281,6.55,6.61,6.63,6.52,7918200.0,52187240.0,2020,4,29,10,0,2020-04-29 10:00
282,6.61,6.6,6.62,6.58,3751500.0,24754704.0,2020,4,29,10,15,2020-04-29 10:15
283,6.6,6.61,6.62,6.59,2299000.0,15186784.0,2020,4,29,10,30,2020-04-29 10:30
284,6.61,6.59,6.62,6.58,2687800.0,17732560.0,2020,4,29,10,45,2020-04-29 10:45
285,6.59,6.56,6.59,6.55,2419500.0,15889776.0,2020,4,29,11,0,2020-04-29 11:00
286,6.57,6.54,6.57,6.52,2766200.0,18108368.0,2020,4,29,11,15,2020-04-29 11:15
287,6.54,6.53,6.54,6.51,1315500.0,8581008.0,2020,4,29,11,30,2020-04-29 11:30
288,6.53,6.54,6.56,6.53,1116500.0,7303456.0,2020,4,29,13,15,2020-04-29 13:15
289,6.55,6.55,6.57,6.54,1092200.0,7166416.0,2020,4,29,13,30,2020-04-29 13:30
290,6.55,6.53,6.56,6.52,1720600.0,11245776.0,2020,4,29,13,45,2020-04-29 13:45
291,6.53,6.54,6.54,6.52,993900.0,6492144.0,2020,4,29,14,0,2020-04-29 14:00
292,6.54,6.54,6.56,6.53,1190700.0,7792240.0,2020,4,29,14,15,2020-04-29 14:15
293,6.54,6.54,6.55,6.53,1347900.0,8817424.0,2020,4,29,14,30,2020-04-29 14:30
294,6.55,6.57,6.59,6.54,2803000.0,18420624.0,2020,4,29,14,45,2020-04-29 14:45
295,6.57,6.56,6.58,6.56,3666000.0,24069376.0,2020,4,29,15,0,2020-04-29 15:00
296,6.61,6.63,6.65,6.58,5190500.0,34332764.0,2020,4,30,9,45,2020-04-30 09:45
297,6.65,6.64,6.66,6.63,3809600.0,25302812.0,2020,4,30,10,0,2020-04-30 10:00
298,6.64,6.62,6.64,6.61,2988400.0,19795320.0,2020,4,30,10,15,2020-04-30 10:15
299,6.63,6.62,6.63,6.61,2081900.0,13782544.0,2020,4,30,10,30,2020-04-30 10:30
300,6.61,6.62,6.62,6.59,2820100.0,18628152.0,2020,4,30,10,45,2020-04-30 10:45
301,6.62,6.61,6.63,6.6,2423600.0,16020728.0,2020,4,30,11,0,2020-04-30 11:00
302,6.62,6.63,6.64,6.61,2002000.0,13252064.0,2020,4,30,11,15,2020-04-30 11:15
303,6.63,6.62,6.64,6.62,1583300.0,10493280.0,2020,4,30,11,30,2020-04-30 11:30
304,6.64,6.64,6.65,6.62,2235200.0,14840352.0,2020,4,30,13,15,2020-04-30 13:15
305,6.64,6.62,6.65,6.6,2969800.0,19658672.0,2020,4,30,13,30,2020-04-30 13:30
306,6.62,6.63,6.63,6.6,2101500.0,13908208.0,2020,4,30,13,45,2020-04-30 13:45
307,6.64,6.63,6.64,6.62,1622300.0,10753696.0,2020,4,30,14,0,2020-04-30 14:00
308,6.63,6.64,6.64,6.62,2109000.0,13978240.0,2020,4,30,14,15,2020-04-30 14:15
309,6.65,6.64,6.65,6.63,1998100.0,13274288.0,2020,4,30,14,30,2020-04-30 14:30
310,6.65,6.64,6.66,6.63,2717100.0,18059504.0,2020,4,30,14,45,2020-04-30 14:45
311,6.63,6.64,6.65,6.63,3568800.0,23694768.0,2020,4,30,15,0,2020-04-30 15:00
312,6.52,6.61,6.63,6.5,5356100.0,35254896.0,2020,5,6,9,45,2020-05-06 09:45
313,6.61,6.58,6.62,6.56,3349900.0,22061244.0,2020,5,6,10,0,2020-05-06 10:00
314,6.59,6.66,6.69,6.58,4600300.0,30526148.0,2020,5,6,10,15,2020-05-06 10:15
315,6.67,6.65,6.68,6.65,2029100.0,13533928.0,2020,5,6,10,30,2020-05-06 10:30
316,6.66,6.62,6.66,6.62,1694700.0,11256752.0,2020,5,6,10,45,2020-05-06 10:45
317,6.62,6.66,6.67,6.61,1353900.0,8982304.0,2020,5,6,11,0,2020-05-06 11:00
318,6.65,6.66,6.67,6.65,1506200.0,10031768.0,2020,5,6,11,15,2020-05-06 11:15
319,6.66,6.67,6.68,6.65,1345900.0,8970720.0,2020,5,6,11,30,2020-05-06 11:30
320,6.68,6.72,6.72,6.66,2196600.0,14688240.0,2020,5,6,13,15,2020-05-06 13:15
321,6.72,6.7,6.73,6.68,1942300.0,13028432.0,2020,5,6,13,30,2020-05-06 13:30
322,6.7,6.76,6.8,6.69,5994100.0,40542672.0,2020,5,6,13,45,2020-05-06 13:45
323,6.76,6.77,6.79,6.74,1905000.0,12878880.0,2020,5,6,14,0,2020-05-06 14:00
324,6.77,6.74,6.78,6.73,1897600.0,12818624.0,2020,5,6,14,15,2020-05-06 14:15
325,6.74,6.76,6.76,6.73,1131800.0,7637680.0,2020,5,6,14,30,2020-05-06 14:30
326,6.75,6.76,6.77,6.75,1943000.0,13129824.0,2020,5,6,14,45,2020-05-06 14:45
327,6.75,6.75,6.76,6.75,3109700.0,21003456.0,2020,5,6,15,0,2020-05-06 15:00
328,6.76,6.69,6.79,6.66,6655300.0,44639096.0,2020,5,7,9,45,2020-05-07 09:45
329,6.69,6.71,6.72,6.66,3042200.0,20320708.0,2020,5,7,10,0,2020-05-07 10:00
330,6.72,6.68,6.72,6.67,1953400.0,13078516.0,2020,5,7,10,15,2020-05-07 10:15
331,6.68,6.68,6.69,6.67,1903100.0,12713040.0,2020,5,7,10,30,2020-05-07 10:30
332,6.68,6.7,6.71,6.67,2164700.0,14471080.0,2020,5,7,10,45,2020-05-07 10:45
333,6.69,6.7,6.71,6.69,926800.0,6209384.0,2020,5,7,11,0,2020-05-07 11:00
334,6.7,6.7,6.71,6.69,746300.0,4998344.0,2020,5,7,11,15,2020-05-07 11:15
335,6.69,6.7,6.72,6.69,745800.0,5000352.0,2020,5,7,11,30,2020-05-07 11:30
336,6.7,6.68,6.71,6.67,1467900.0,9810080.0,2020,5,7,13,15,2020-05-07 13:15
337,6.67,6.65,6.68,6.65,2389800.0,15917688.0,2020,5,7,13,30,2020-05-07 13:30
338,6.65,6.67,6.68,6.65,1315900.0,8766176.0,2020,5,7,13,45,2020-05-07 13:45
339,6.67,6.66,6.68,6.66,764000.0,5092736.0,2020,5,7,14,0,2020-05-07 14:00
340,6.66,6.68,6.69,6.66,1405300.0,9370128.0,2020,5,7,14,15,2020-05-07 14:15
341,6.69,6.66,6.69,6.66,1147500.0,7653376.0,2020,5,7,14,30,2020-05-07 14:30
342,6.66,6.64,6.67,6.64,2912000.0,19373712.0,2020,5,7,14,45,2020-05-07 14:45
343,6.65,6.64,6.66,6.63,3164400.0,21009392.0,2020,5,7,15,0,2020-05-07 15:00
344,6.71,6.71,6.74,6.68,4175900.0,28031940.0,2020,5,8,9,45,2020-05-08 09:45
345,6.71,6.74,6.75,6.71,3049800.0,20551744.0,2020,5,8,10,0,2020-05-08 10:00
346,6.74,6.7,6.74,6.68,3081900.0,20688380.0,2020,5,8,10,15,2020-05-08 10:15
347,6.7,6.71,6.72,6.68,1506700.0,10085432.0,2020,5,8,10,30,2020-05-08 10:30
348,6.71,6.67,6.71,6.67,1683700.0,11253152.0,2020,5,8,10,45,2020-05-08 10:45
349,6.67,6.69,6.7,6.67,1095300.0,7317896.0,2020,5,8,11,0,2020-05-08 11:00
350,6.68,6.68,6.69,6.68,1048400.0,7007288.0,2020,5,8,11,15,2020-05-08 11:15
351,6.68,6.7,6.71,6.68,1429600.0,9567432.0,2020,5,8,11,30,2020-05-08 11:30
352,6.7,6.71,6.73,6.7,1555500.0,10440680.0,2020,5,8,13,15,2020-05-08 13:15
353,6.71,6.73,6.75,6.71,2454200.0,16519192.0,2020,5,8,13,30,2020-05-08 13:30
354,6.73,6.72,6.73,6.7,1346300.0,9036128.0,2020,5,8,13,45,2020-05-08 13:45
355,6.72,6.7,6.72,6.7,686500.0,4604496.0,2020,5,8,14,0,2020-05-08 14:00
356,6.7,6.7,6.71,6.69,1246800.0,8352976.0,2020,5,8,14,15,2020-05-08 14:15
357,6.7,6.73,6.75,6.69,3686000.0,24776224.0,2020,5,8,14,30,2020-05-08 14:30
358,6.73,6.75,6.8,6.73,7713000.0,52243856.0,2020,5,8,14,45,2020-05-08 14:45
359,6.76,6.76,6.77,6.74,4864800.0,32897552.0,2020,5,8,15,0,2020-05-08 15:00
360,6.91,6.87,6.95,6.85,14159100.0,97832048.0,2020,5,11,9,45,2020-05-11 09:45
361,6.88,6.83,6.88,6.83,5152700.0,35325624.0,2020,5,11,10,0,2020-05-11 10:00
362,6.84,6.85,6.85,6.83,1740800.0,11909368.0,2020,5,11,10,15,2020-05-11 10:15
363,6.84,6.83,6.85,6.82,2250100.0,15373312.0,2020,5,11,10,30,2020-05-11 10:30
364,6.83,6.84,6.85,6.82,1647900.0,11267952.0,2020,5,11,10,45,2020-05-11 10:45
365,6.85,6.83,6.85,6.83,982100.0,6718672.0,2020,5,11,11,0,2020-05-11 11:00
366,6.83,6.83,6.85,6.82,1086000.0,7422944.0,2020,5,11,11,15,2020-05-11 11:15
367,6.83,6.81,6.85,6.81,1561300.0,10653536.0,2020,5,11,11,30,2020-05-11 11:30
368,6.81,6.81,6.83,6.8,2026800.0,13814240.0,2020,5,11,13,15,2020-05-11 13:15
369,6.8,6.82,6.83,6.8,2103400.0,14319856.0,2020,5,11,13,30,2020-05-11 13:30
370,6.82,6.81,6.82,6.79,1364600.0,9284480.0,2020,5,11,13,45,2020-05-11 13:45
371,6.81,6.78,6.81,6.78,1601100.0,10868544.0,2020,5,11,14,0,2020-05-11 14:00
372,6.79,6.79,6.81,6.78,1228200.0,8347824.0,2020,5,11,14,15,2020-05-11 14:15
373,6.8,6.76,6.8,6.76,1940900.0,13146144.0,2020,5,11,14,30,2020-05-11 14:30
374,6.77,6.78,6.79,6.76,1409900.0,9561984.0,2020,5,11,14,45,2020-05-11 14:45
375,6.79,6.85,6.86,6.78,4265500.0,29114368.0,2020,5,11,15,0,2020-05-11 15:00
376,6.84,6.75,6.84,6.74,6968800.0,47317080.0,2020,5,12,9,45,2020-05-12 09:45
377,6.75,6.74,6.75,6.68,4305800.0,28939296.0,2020,5,12,10,0,2020-05-12 10:00
378,6.74,6.73,6.75,6.73,954600.0,6430808.0,2020,5,12,10,15,2020-05-12 10:15
379,6.74,6.72,6.74,6.72,1199900.0,8069488.0,2020,5,12,10,30,2020-05-12 10:30
380,6.72,6.72,6.73,6.71,1160600.0,7795344.0,2020,5,12,10,45,2020-05-12 10:45
381,6.72,6.71,6.72,6.7,1343000.0,9007368.0,2020,5,12,11,0,2020-05-12 11:00
382,6.71,6.69,6.72,6.69,1719700.0,11520992.0,2020,5,12,11,15,2020-05-12 11:15
383,6.69,6.67,6.7,6.66,2067400.0,13801928.0,2020,5,12,11,30,2020-05-12 11:30
384,6.66,6.68,6.68,6.65,1404800.0,9358704.0,2020,5,12,13,15,2020-05-12 13:15
385,6.68,6.7,6.71,6.68,903000.0,6047664.0,2020,5,12,13,30,2020-05-12 13:30
386,6.69,6.72,6.72,6.69,728700.0,4891136.0,2020,5,12,13,45,2020-05-12 13:45
387,6.72,6.72,6.73,6.71,815200.0,5475216.0,2020,5,12,14,0,2020-05-12 14:00
388,6.71,6.7,6.72,6.69,922500.0,6185888.0,2020,5,12,14,15,2020-05-12 14:15
389,6.7,6.71,6.72,6.69,765700.0,5133824.0,2020,5,12,14,30,2020-05-12 14:30
390,6.7,6.75,6.76,6.7,1652400.0,11103520.0,2020,5,12,14,45,2020-05-12 14:45
391,6.76,6.76,6.76,6.74,2488800.0,16808176.0,2020,5,12,15,0,2020-05-12 15:00
392,6.65,6.66,6.7,6.62,4503000.0,29976552.0,2020,5,13,9,45,2020-05-13 09:45
393,6.67,6.7,6.7,6.66,1784500.0,11920240.0,2020,5,13,10,0,2020-05-13 10:00
394,6.69,6.7,6.73,6.68,1642100.0,11014488.0,2020,5,13,10,15,2020-05-13 10:15
395,6.7,6.71,6.71,6.68,930400.0,6228448.0,2020,5,13,10,30,2020-05-13 10:30
396,6.71,6.71,6.72,6.69,420500.0,2818188.0,2020,5,13,10,45,2020-05-13 10:45
397,6.7,6.7,6.72,6.7,694300.0,4654552.0,2020,5,13,11,0,2020-05-13 11:00
398,6.7,6.69,6.7,6.68,589500.0,3945108.0,2020,5,13,11,15,2020-05-13 11:15
399,6.69,6.7,6.7,6.68,596900.0,3990400.0,2020,5,13,11,30,2020-05-13 11:30
400,6.69,6.7,6.71,6.69,674000.0,4516080.0,2020,5,13,13,15,2020-05-13 13:15
401,6.7,6.71,6.73,6.7,1091300.0,7329784.0,2020,5,13,13,30,2020-05-13 13:30
402,6.72,6.71,6.72,6.7,651500.0,4371568.0,2020,5,13,13,45,2020-05-13 13:45
403,6.7,6.69,6.71,6.69,1034200.0,6929408.0,2020,5,13,14,0,2020-05-13 14:00
404,6.7,6.73,6.73,6.69,1088600.0,7305832.0,2020,5,13,14,15,2020-05-13 14:15
405,6.72,6.73,6.74,6.72,1209500.0,8139384.0,2020,5,13,14,30,2020-05-13 14:30
406,6.73,6.72,6.73,6.72,912100.0,6132216.0,2020,5,13,14,45,2020-05-13 14:45
407,6.72,6.73,6.74,6.71,3357400.0,22581992.0,2020,5,13,15,0,2020-05-13 15:00
408,6.64,6.65,6.67,6.63,3847700.0,25598042.0,2020,5,14,9,45,2020-05-14 09:45
409,6.65,6.65,6.67,6.64,2891600.0,19231946.0,2020,5,14,10,0,2020-05-14 10:00
410,6.66,6.65,6.66,6.64,1616900.0,10752524.0,2020,5,14,10,15,2020-05-14 10:15
411,6.64,6.61,6.65,6.6,4368000.0,28914312.0,2020,5,14,10,30,2020-05-14 10:30
412,6.61,6.6,6.61,6.58,2980200.0,19651248.0,2020,5,14,10,45,2020-05-14 10:45
413,6.6,6.58,6.61,6.58,1920000.0,12656040.0,2020,5,14,11,0,2020-05-14 11:00
414,6.59,6.62,6.62,6.58,1690000.0,11146560.0,2020,5,14,11,15,2020-05-14 11:15
415,6.61,6.6,6.62,6.6,742500.0,4903120.0,2020,5,14,11,30,2020-05-14 11:30
416,6.61,6.58,6.61,6.58,1306500.0,8611680.0,2020,5,14,13,15,2020-05-14 13:15
417,6.59,6.56,6.59,6.56,2314600.0,15215856.0,2020,5,14,13,30,2020-05-14 13:30
418,6.55,6.56,6.57,6.55,2030300.0,13312096.0,2020,5,14,13,45,2020-05-14 13:45
419,6.55,6.57,6.58,6.55,1389200.0,9121856.0,2020,5,14,14,0,2020-05-14 14:00
420,6.57,6.57,6.58,6.55,1405100.0,9224624.0,2020,5,14,14,15,2020-05-14 14:15
421,6.56,6.57,6.58,6.56,898000.0,5896096.0,2020,5,14,14,30,2020-05-14 14:30
422,6.56,6.56,6.58,6.56,1935100.0,12708240.0,2020,5,14,14,45,2020-05-14 14:45
423,6.57,6.55,6.57,6.55,3238500.0,21223168.0,2020,5,14,15,0,2020-05-14 15:00
424,6.57,6.58,6.61,6.56,2758700.0,18160308.0,2020,5,15,9,45,2020-05-15 09:45
425,6.57,6.56,6.58,6.55,1553100.0,10194872.0,2020,5,15,10,0,2020-05-15 10:00
426,6.56,6.51,6.57,6.51,1681100.0,10998308.0,2020,5,15,10,15,2020-05-15 10:15
427,6.51,6.52,6.53,6.5,2166200.0,14100772.0,2020,5,15,10,30,2020-05-15 10:30
428,6.52,6.56,6.56,6.51,1004400.0,6569736.0,2020,5,15,10,45,2020-05-15 10:45
429,6.56,6.56,6.56,6.51,1152500.0,7532468.0,2020,5,15,11,0,2020-05-15 11:00
430,6.56,6.56,6.57,6.55,698900.0,4584136.0,2020,5,15,11,15,2020-05-15 11:15
431,6.57,6.59,6.59,6.56,1087700.0,7154352.0,2020,5,15,11,30,2020-05-15 11:30
432,6.59,6.56,6.59,6.56,741800.0,4876504.0,2020,5,15,13,15,2020-05-15 13:15
433,6.57,6.57,6.58,6.56,741900.0,4872392.0,2020,5,15,13,30,2020-05-15 13:30
434,6.56,6.55,6.57,6.54,1060000.0,6947048.0,2020,5,15,13,45,2020-05-15 13:45
435,6.55,6.54,6.56,6.54,1054000.0,6901816.0,2020,5,15,14,0,2020-05-15 14:00
436,6.55,6.53,6.55,6.51,1774900.0,11592904.0,2020,5,15,14,15,2020-05-15 14:15
437,6.54,6.53,6.55,6.52,1098800.0,7175776.0,2020,5,15,14,30,2020-05-15 14:30
438,6.53,6.52,6.54,6.51,1427600.0,9313640.0,2020,5,15,14,45,2020-05-15 14:45
439,6.52,6.52,6.53,6.51,2553600.0,16643112.0,2020,5,15,15,0,2020-05-15 15:00
440,6.52,6.44,6.54,6.41,5067700.0,32704944.0,2020,5,18,9,45,2020-05-18 09:45
441,6.44,6.41,6.45,6.39,3912100.0,25084648.0,2020,5,18,10,0,2020-05-18 10:00
442,6.41,6.41,6.44,6.41,1298200.0,8338752.0,2020,5,18,10,15,2020-05-18 10:15
443,6.42,6.44,6.45,6.41,1550800.0,9984304.0,2020,5,18,10,30,2020-05-18 10:30
444,6.44,6.43,6.45,6.42,1183600.0,7615592.0,2020,5,18,10,45,2020-05-18 10:45
445,6.43,6.42,6.43,6.41,979700.0,6288456.0,2020,5,18,11,0,2020-05-18 11:00
446,6.42,6.42,6.43,6.41,1289200.0,8271264.0,2020,5,18,11,15,2020-05-18 11:15
447,6.42,6.43,6.43,6.41,772700.0,4956600.0,2020,5,18,11,30,2020-05-18 11:30
448,6.43,6.44,6.44,6.42,667300.0,4290536.0,2020,5,18,13,15,2020-05-18 13:15
449,6.44,6.43,6.44,6.42,913800.0,5874848.0,2020,5,18,13,30,2020-05-18 13:30
450,6.43,6.42,6.44,6.42,736500.0,4731920.0,2020,5,18,13,45,2020-05-18 13:45
451,6.42,6.42,6.43,6.41,1658200.0,10636464.0,2020,5,18,14,0,2020-05-18 14:00
452,6.42,6.4,6.42,6.4,1314900.0,8423000.0,2020,5,18,14,15,2020-05-18 14:15
453,6.4,6.4,6.41,6.39,2183100.0,13975392.0,2020,5,18,14,30,2020-05-18 14:30
454,6.4,6.37,6.41,6.37,2672000.0,17063712.0,2020,5,18,14,45,2020-05-18 14:45
455,6.37,6.37,6.39,6.37,3172900.0,20229808.0,2020,5,18,15,0,2020-05-18 15:00
456,6.42,6.48,6.52,6.42,3761300.0,24351124.0,2020,5,19,9,45,2020-05-19 09:45
457,6.49,6.47,6.49,6.45,1683000.0,10896768.0,2020,5,19,10,0,2020-05-19 10:00
458,6.47,6.44,6.48,6.44,1107900.0,7149728.0,2020,5,19,10,15,2020-05-19 10:15
459,6.44,6.44,6.45,6.43,947600.0,6101344.0,2020,5,19,10,30,2020-05-19 10:30
460,6.44,6.44,6.46,6.43,611000.0,3939312.0,2020,5,19,10,45,2020-05-19 10:45
461,6.44,6.43,6.44,6.41,1025600.0,6587996.0,2020,5,19,11,0,2020-05-19 11:00
462,6.42,6.41,6.43,6.41,718900.0,4611560.0,2020,5,19,11,15,2020-05-19 11:15
463,6.41,6.42,6.42,6.41,467000.0,2995356.0,2020,5,19,11,30,2020-05-19 11:30
464,6.41,6.45,6.45,6.41,695800.0,4473980.0,2020,5,19,13,15,2020-05-19 13:15
465,6.45,6.44,6.45,6.43,822900.0,5301648.0,2020,5,19,13,30,2020-05-19 13:30
466,6.44,6.46,6.47,6.43,1357100.0,8755688.0,2020,5,19,13,45,2020-05-19 13:45
467,6.47,6.45,6.48,6.45,1144100.0,7397632.0,2020,5,19,14,0,2020-05-19 14:00
468,6.46,6.45,6.46,6.45,787000.0,5080600.0,2020,5,19,14,15,2020-05-19 14:15
469,6.46,6.45,6.46,6.44,625000.0,4031912.0,2020,5,19,14,30,2020-05-19 14:30
470,6.44,6.43,6.45,6.43,1074700.0,6920032.0,2020,5,19,14,45,2020-05-19 14:45
471,6.43,6.45,6.45,6.43,1886800.0,12149736.0,2020,5,19,15,0,2020-05-19 15:00
472,6.41,6.45,6.45,6.39,2434100.0,15635643.0,2020,5,20,9,45,2020-05-20 09:45
473,6.44,6.46,6.5,6.44,2823000.0,18293992.0,2020,5,20,10,0,2020-05-20 10:00
474,6.47,6.43,6.47,6.43,1436900.0,9266308.0,2020,5,20,10,15,2020-05-20 10:15
475,6.44,6.42,6.44,6.42,753900.0,4847140.0,2020,5,20,10,30,2020-05-20 10:30
476,6.43,6.43,6.44,6.42,562200.0,3615316.0,2020,5,20,10,45,2020-05-20 10:45
477,6.43,6.47,6.47,6.43,877000.0,5659144.0,2020,5,20,11,0,2020-05-20 11:00
478,6.47,6.44,6.47,6.43,610900.0,3939628.0,2020,5,20,11,15,2020-05-20 11:15
479,6.43,6.44,6.44,6.43,434800.0,2797416.0,2020,5,20,11,30,2020-05-20 11:30
480,6.43,6.44,6.45,6.43,677700.0,4365220.0,2020,5,20,13,15,2020-05-20 13:15
481,6.45,6.46,6.46,6.43,811100.0,5229656.0,2020,5,20,13,30,2020-05-20 13:30
482,6.46,6.45,6.46,6.44,466900.0,3011568.0,2020,5,20,13,45,2020-05-20 13:45
483,6.45,6.44,6.45,6.44,597000.0,3846072.0,2020,5,20,14,0,2020-05-20 14:00
484,6.44,6.41,6.45,6.41,1020000.0,6553440.0,2020,5,20,14,15,2020-05-20 14:15
485,6.41,6.43,6.43,6.41,822800.0,5282200.0,2020,5,20,14,30,2020-05-20 14:30
486,6.43,6.4,6.43,6.4,1149500.0,7374984.0,2020,5,20,14,45,2020-05-20 14:45
487,6.41,6.42,6.42,6.4,1703200.0,10920024.0,2020,5,20,15,0,2020-05-20 15:00
488,6.7,6.6,6.78,6.59,25783600.0,172991808.0,2020,5,21,9,45,2020-05-21 09:45
489,6.6,6.57,6.63,6.53,5547300.0,36561328.0,2020,5,21,10,0,2020-05-21 10:00
490,6.57,6.56,6.59,6.55,2770500.0,18201680.0,2020,5,21,10,15,2020-05-21 10:15
491,6.55,6.55,6.57,6.55,1531400.0,10042112.0,2020,5,21,10,30,2020-05-21 10:30
492,6.55,6.58,6.58,6.55,1439200.0,9443472.0,2020,5,21,10,45,2020-05-21 10:45
493,6.57,6.57,6.58,6.55,1011100.0,6638784.0,2020,5,21,11,0,2020-05-21 11:00
494,6.57,6.57,6.58,6.56,1233600.0,8105648.0,2020,5,21,11,15,2020-05-21 11:15
495,6.56,6.56,6.58,6.55,986300.0,6474368.0,2020,5,21,11,30,2020-05-21 11:30
496,6.55,6.51,6.57,6.51,1645500.0,10763648.0,2020,5,21,13,15,2020-05-21 13:15
497,6.52,6.52,6.53,6.5,2037100.0,13266432.0,2020,5,21,13,30,2020-05-21 13:30
498,6.51,6.49,6.52,6.48,1598700.0,10388096.0,2020,5,21,13,45,2020-05-21 13:45
499,6.49,6.51,6.51,6.48,1069100.0,6944928.0,2020,5,21,14,0,2020-05-21 14:00
500,6.5,6.47,6.51,6.47,1207700.0,7834560.0,2020,5,21,14,15,2020-05-21 14:15
501,6.48,6.48,6.48,6.46,1081100.0,6998816.0,2020,5,21,14,30,2020-05-21 14:30
502,6.48,6.5,6.5,6.47,1695400.0,10984896.0,2020,5,21,14,45,2020-05-21 14:45
503,6.5,6.53,6.56,6.5,3776400.0,24659424.0,2020,5,21,15,0,2020-05-21 15:00
504,6.41,6.41,6.46,6.41,5923400.0,38054328.0,2020,5,22,9,45,2020-05-22 09:45
505,6.41,6.4,6.42,6.36,4486200.0,28626124.0,2020,5,22,10,0,2020-05-22 10:00
506,6.39,6.4,6.42,6.38,1506600.0,9630868.0,2020,5,22,10,15,2020-05-22 10:15
507,6.39,6.36,6.4,6.36,1614400.0,10285792.0,2020,5,22,10,30,2020-05-22 10:30
508,6.36,6.38,6.4,6.36,1226900.0,7814744.0,2020,5,22,10,45,2020-05-22 10:45
509,6.38,6.38,6.38,6.36,785600.0,5003920.0,2020,5,22,11,0,2020-05-22 11:00
510,6.38,6.37,6.39,6.37,592200.0,3776248.0,2020,5,22,11,15,2020-05-22 11:15
511,6.37,6.36,6.38,6.35,1148500.0,7300312.0,2020,5,22,11,30,2020-05-22 11:30
512,6.37,6.34,6.37,6.33,1777300.0,11275280.0,2020,5,22,13,15,2020-05-22 13:15
513,6.34,6.33,6.34,6.3,2734100.0,17261312.0,2020,5,22,13,30,2020-05-22 13:30
514,6.33,6.31,6.35,6.31,1731500.0,10948912.0,2020,5,22,13,45,2020-05-22 13:45
515,6.32,6.39,6.39,6.3,1786600.0,11310992.0,2020,5,22,14,0,2020-05-22 14:00
516,6.39,6.35,6.39,6.34,863200.0,5490784.0,2020,5,22,14,15,2020-05-22 14:15
517,6.35,6.36,6.37,6.34,914400.0,5807536.0,2020,5,22,14,30,2020-05-22 14:30
518,6.36,6.34,6.36,6.34,1249300.0,7928912.0,2020,5,22,14,45,2020-05-22 14:45
519,6.34,6.32,6.34,6.32,2769100.0,17529776.0,2020,5,22,15,0,2020-05-22 15:00
520,6.28,6.39,6.39,6.28,3230000.0,20468172.0,2020,5,25,9,45,2020-05-25 09:45
521,6.39,6.39,6.4,6.36,1809100.0,11541492.0,2020,5,25,10,0,2020-05-25 10:00
522,6.39,6.35,6.39,6.34,1081800.0,6888380.0,2020,5,25,10,15,2020-05-25 10:15
523,6.35,6.34,6.35,6.33,783800.0,4968072.0,2020,5,25,10,30,2020-05-25 10:30
524,6.34,6.32,6.34,6.31,917600.0,5804096.0,2020,5,25,10,45,2020-05-25 10:45
525,6.32,6.34,6.35,6.31,656000.0,4155616.0,2020,5,25,11,0,2020-05-25 11:00
526,6.34,6.37,6.38,6.34,1009300.0,6422800.0,2020,5,25,11,15,2020-05-25 11:15
527,6.37,6.35,6.37,6.35,288400.0,1832728.0,2020,5,25,11,30,2020-05-25 11:30
528,6.35,6.35,6.36,6.33,315500.0,2002668.0,2020,5,25,13,15,2020-05-25 13:15
529,6.35,6.33,6.36,6.33,426900.0,2709844.0,2020,5,25,13,30,2020-05-25 13:30
530,6.33,6.33,6.34,6.32,747900.0,4732700.0,2020,5,25,13,45,2020-05-25 13:45
531,6.34,6.32,6.34,6.31,991100.0,6263920.0,2020,5,25,14,0,2020-05-25 14:00
532,6.32,6.32,6.33,6.31,650900.0,4114952.0,2020,5,25,14,15,2020-05-25 14:15
533,6.32,6.32,6.33,6.31,436200.0,2757128.0,2020,5,25,14,30,2020-05-25 14:30
534,6.33,6.32,6.33,6.32,858900.0,5431688.0,2020,5,25,14,45,2020-05-25 14:45
535,6.32,6.33,6.33,6.31,1233800.0,7798112.0,2020,5,25,15,0,2020-05-25 15:00
536,6.33,6.37,6.37,6.33,2017600.0,12821218.0,2020,5,26,9,45,2020-05-26 09:45
537,6.37,6.36,6.39,6.36,1612500.0,10272290.0,2020,5,26,10,0,2020-05-26 10:00
538,6.37,6.36,6.37,6.35,1106200.0,7035064.0,2020,5,26,10,15,2020-05-26 10:15
539,6.36,6.37,6.37,6.36,887800.0,5649864.0,2020,5,26,10,30,2020-05-26 10:30
540,6.36,6.36,6.38,6.36,1255700.0,7998540.0,2020,5,26,10,45,2020-05-26 10:45
541,6.36,6.36,6.37,6.36,435900.0,2773508.0,2020,5,26,11,0,2020-05-26 11:00
542,6.36,6.35,6.37,6.35,746200.0,4742124.0,2020,5,26,11,15,2020-05-26 11:15
543,6.35,6.36,6.37,6.35,464500.0,2954064.0,2020,5,26,11,30,2020-05-26 11:30
544,6.36,6.36,6.37,6.35,674000.0,4286584.0,2020,5,26,13,15,2020-05-26 13:15
545,6.36,6.35,6.36,6.35,933000.0,5927812.0,2020,5,26,13,30,2020-05-26 13:30
546,6.35,6.36,6.36,6.35,832800.0,5293052.0,2020,5,26,13,45,2020-05-26 13:45
547,6.36,6.36,6.37,6.35,728200.0,4628488.0,2020,5,26,14,0,2020-05-26 14:00
548,6.36,6.34,6.37,6.33,1846000.0,11720048.0,2020,5,26,14,15,2020-05-26 14:15
549,6.34,6.33,6.35,6.32,2060100.0,13049056.0,2020,5,26,14,30,2020-05-26 14:30
550,6.32,6.35,6.36,6.32,2059800.0,13066480.0,2020,5,26,14,45,2020-05-26 14:45
551,6.35,6.36,6.37,6.35,2752500.0,17501416.0,2020,5,26,15,0,2020-05-26 15:00
552,6.34,6.33,6.36,6.31,2583700.0,16343633.0,2020,5,27,9,45,2020-05-27 09:45
553,6.32,6.3,6.34,6.27,3015200.0,19006792.0,2020,5,27,10,0,2020-05-27 10:00
554,6.3,6.28,6.3,6.27,1730600.0,10867604.0,2020,5,27,10,15,2020-05-27 10:15
555,6.28,6.27,6.29,6.26,1624900.0,10193456.0,2020,5,27,10,30,2020-05-27 10:30
556,6.26,6.25,6.28,6.22,3108600.0,19435460.0,2020,5,27,10,45,2020-05-27 10:45
557,6.25,6.24,6.26,6.22,1614100.0,10066216.0,2020,5,27,11,0,2020-05-27 11:00
558,6.24,6.23,6.25,6.22,1318600.0,8223096.0,2020,5,27,11,15,2020-05-27 11:15
559,6.23,6.26,6.26,6.22,1227600.0,7655880.0,2020,5,27,11,30,2020-05-27 11:30
560,6.26,6.47,6.54,6.26,11433300.0,73678760.0,2020,5,27,13,15,2020-05-27 13:15
561,6.48,6.45,6.48,6.42,3676600.0,23693712.0,2020,5,27,13,30,2020-05-27 13:30
562,6.45,6.43,6.45,6.42,1603600.0,10318640.0,2020,5,27,13,45,2020-05-27 13:45
563,6.43,6.41,6.43,6.41,1256200.0,8063632.0,2020,5,27,14,0,2020-05-27 14:00
564,6.4,6.4,6.42,6.39,895400.0,5735104.0,2020,5,27,14,15,2020-05-27 14:15
565,6.4,6.41,6.44,6.4,2117500.0,13604688.0,2020,5,27,14,30,2020-05-27 14:30
566,6.42,6.42,6.43,6.4,2328400.0,14941088.0,2020,5,27,14,45,2020-05-27 14:45
567,6.43,6.46,6.48,6.42,4570400.0,29514064.0,2020,5,27,15,0,2020-05-27 15:00
568,6.39,6.43,6.44,6.36,4595700.0,29419580.0,2020,5,28,9,45,2020-05-28 09:45
569,6.43,6.39,6.44,6.39,2243600.0,14400128.0,2020,5,28,10,0,2020-05-28 10:00
570,6.39,6.39,6.41,6.37,1708500.0,10906628.0,2020,5,28,10,15,2020-05-28 10:15
571,6.39,6.36,6.39,6.35,1680800.0,10705328.0,2020,5,28,10,30,2020-05-28 10:30
572,6.36,6.35,6.37,6.35,1493000.0,9488856.0,2020,5,28,10,45,2020-05-28 10:45
573,6.36,6.35,6.37,6.34,1087300.0,6907696.0,2020,5,28,11,0,2020-05-28 11:00
574,6.34,6.33,6.35,6.32,1265000.0,8012168.0,2020,5,28,11,15,2020-05-28 11:15
575,6.33,6.31,6.34,6.31,1323800.0,8364304.0,2020,5,28,11,30,2020-05-28 11:30
576,6.31,6.32,6.33,6.3,1041300.0,6578832.0,2020,5,28,13,15,2020-05-28 13:15
577,6.33,6.36,6.36,6.32,574000.0,3639144.0,2020,5,28,13,30,2020-05-28 13:30
578,6.36,6.33,6.36,6.33,454100.0,2881872.0,2020,5,28,13,45,2020-05-28 13:45
579,6.34,6.32,6.34,6.32,459700.0,2907688.0,2020,5,28,14,0,2020-05-28 14:00
580,6.32,6.35,6.35,6.32,548700.0,3472344.0,2020,5,28,14,15,2020-05-28 14:15
581,6.34,6.33,6.35,6.33,605400.0,3837720.0,2020,5,28,14,30,2020-05-28 14:30
582,6.33,6.34,6.37,6.33,1269800.0,8062008.0,2020,5,28,14,45,2020-05-28 14:45
583,6.34,6.34,6.35,6.33,2216100.0,14045192.0,2020,5,28,15,0,2020-05-28 15:00
584,6.3,6.32,6.33,6.27,1908900.0,12025291.0,2020,5,29,9,45,2020-05-29 09:45
585,6.31,6.31,6.34,6.3,1341900.0,8478437.0,2020,5,29,10,0,2020-05-29 10:00
586,6.31,6.32,6.34,6.3,1011400.0,6396204.0,2020,5,29,10,15,2020-05-29 10:15
587,6.32,6.31,6.33,6.31,793800.0,5015994.0,2020,5,29,10,30,2020-05-29 10:30
588,6.32,6.31,6.32,6.31,847100.0,5350138.0,2020,5,29,10,45,2020-05-29 10:45
589,6.32,6.32,6.32,6.3,733900.0,4632896.0,2020,5,29,11,0,2020-05-29 11:00
590,6.31,6.3,6.32,6.3,663300.0,4183864.0,2020,5,29,11,15,2020-05-29 11:15
591,6.31,6.29,6.31,6.29,1080900.0,6803920.0,2020,5,29,11,30,2020-05-29 11:30
592,6.29,6.28,6.3,6.27,923200.0,5801096.0,2020,5,29,13,15,2020-05-29 13:15
593,6.27,6.28,6.29,6.27,948000.0,5954204.0,2020,5,29,13,30,2020-05-29 13:30
594,6.29,6.28,6.29,6.27,864600.0,5427340.0,2020,5,29,13,45,2020-05-29 13:45
595,6.27,6.28,6.29,6.27,828100.0,5201664.0,2020,5,29,14,0,2020-05-29 14:00
596,6.29,6.27,6.29,6.27,849600.0,5331752.0,2020,5,29,14,15,2020-05-29 14:15
597,6.27,6.28,6.29,6.27,864100.0,5423800.0,2020,5,29,14,30,2020-05-29 14:30
598,6.28,6.27,6.29,6.27,1230600.0,7720720.0,2020,5,29,14,45,2020-05-29 14:45
599,6.28,6.26,6.28,6.26,3419300.0,21425536.0,2020,5,29,15,0,2020-05-29 15:00
600,6.22,6.3,6.32,6.22,3625100.0,22749058.0,2020,6,1,9,45,2020-06-01 09:45
601,6.3,6.31,6.32,6.28,1706200.0,10746946.0,2020,6,1,10,0,2020-06-01 10:00
602,6.32,6.32,6.33,6.3,2912300.0,18387656.0,2020,6,1,10,15,2020-06-01 10:15
603,6.32,6.35,6.36,6.32,2338800.0,14831644.0,2020,6,1,10,30,2020-06-01 10:30
604,6.34,6.39,6.41,6.34,4793700.0,30615544.0,2020,6,1,10,45,2020-06-01 10:45
605,6.39,6.39,6.4,6.38,1475300.0,9425656.0,2020,6,1,11,0,2020-06-01 11:00
606,6.38,6.38,6.4,6.37,1099800.0,7024552.0,2020,6,1,11,15,2020-06-01 11:15
607,6.39,6.4,6.42,6.38,2803900.0,17938264.0,2020,6,1,11,30,2020-06-01 11:30
608,6.4,6.41,6.42,6.39,1262000.0,8083704.0,2020,6,1,13,15,2020-06-01 13:15
609,6.41,6.4,6.41,6.4,894500.0,5729040.0,2020,6,1,13,30,2020-06-01 13:30
610,6.4,6.42,6.42,6.4,1135900.0,7281056.0,2020,6,1,13,45,2020-06-01 13:45
611,6.41,6.45,6.49,6.41,5350500.0,34524192.0,2020,6,1,14,0,2020-06-01 14:00
612,6.44,6.43,6.45,6.41,1551100.0,9978320.0,2020,6,1,14,15,2020-06-01 14:15
613,6.42,6.41,6.43,6.41,1044700.0,6706848.0,2020,6,1,14,30,2020-06-01 14:30
614,6.42,6.42,6.44,6.41,1578800.0,10142400.0,2020,6,1,14,45,2020-06-01 14:45
615,6.42,6.43,6.44,6.42,3839000.0,24682688.0,2020,6,1,15,0,2020-06-01 15:00
616,6.5,6.58,6.58,6.44,14107100.0,91750296.0,2020,6,2,9,45,2020-06-02 09:45
617,6.58,6.53,6.58,6.53,4988400.0,32711904.0,2020,6,2,10,0,2020-06-02 10:00
618,6.54,6.54,6.57,6.52,3065900.0,20052632.0,2020,6,2,10,15,2020-06-02 10:15
619,6.54,6.52,6.55,6.51,2417400.0,15784064.0,2020,6,2,10,30,2020-06-02 10:30
620,6.52,6.52,6.53,6.5,1243100.0,8099952.0,2020,6,2,10,45,2020-06-02 10:45
621,6.52,6.51,6.53,6.5,1114600.0,7262656.0,2020,6,2,11,0,2020-06-02 11:00
622,6.5,6.5,6.52,6.48,1562500.0,10152480.0,2020,6,2,11,15,2020-06-02 11:15
623,6.5,6.49,6.52,6.49,1117200.0,7264976.0,2020,6,2,11,30,2020-06-02 11:30
624,6.49,6.52,6.52,6.49,1035000.0,6726112.0,2020,6,2,13,15,2020-06-02 13:15
625,6.52,6.53,6.55,6.51,1641500.0,10721856.0,2020,6,2,13,30,2020-06-02 13:30
626,6.53,6.53,6.53,6.52,735800.0,4800592.0,2020,6,2,13,45,2020-06-02 13:45
627,6.53,6.53,6.54,6.52,984800.0,6431856.0,2020,6,2,14,0,2020-06-02 14:00
628,6.53,6.53,6.54,6.52,1393400.0,9096592.0,2020,6,2,14,15,2020-06-02 14:15
629,6.52,6.51,6.53,6.51,1243800.0,8104528.0,2020,6,2,14,30,2020-06-02 14:30
630,6.52,6.5,6.52,6.5,1345700.0,8760400.0,2020,6,2,14,45,2020-06-02 14:45
631,6.5,6.51,6.51,6.49,3158600.0,20533328.0,2020,6,2,15,0,2020-06-02 15:00
632,6.5,6.44,6.5,6.42,8231800.0,53123936.0,2020,6,3,9,45,2020-06-03 09:45
633,6.44,6.49,6.5,6.44,3389300.0,21923528.0,2020,6,3,10,0,2020-06-03 10:00
634,6.5,6.46,6.52,6.45,2263200.0,14663504.0,2020,6,3,10,15,2020-06-03 10:15
635,6.46,6.54,6.56,6.46,3434000.0,22390960.0,2020,6,3,10,30,2020-06-03 10:30
636,6.53,6.57,6.58,6.51,5003600.0,32777672.0,2020,6,3,10,45,2020-06-03 10:45
637,6.56,6.57,6.57,6.54,2887300.0,18936032.0,2020,6,3,11,0,2020-06-03 11:00
638,6.57,6.53,6.57,6.53,1869700.0,12256448.0,2020,6,3,11,15,2020-06-03 11:15
639,6.53,6.55,6.56,6.53,715000.0,4678848.0,2020,6,3,11,30,2020-06-03 11:30
640,6.55,6.55,6.55,6.53,1460600.0,9555600.0,2020,6,3,13,15,2020-06-03 13:15
641,6.54,6.52,6.55,6.52,1073300.0,7011616.0,2020,6,3,13,30,2020-06-03 13:30
642,6.52,6.5,6.52,6.49,2687400.0,17470256.0,2020,6,3,13,45,2020-06-03 13:45
643,6.5,6.5,6.51,6.49,945300.0,6144432.0,2020,6,3,14,0,2020-06-03 14:00
644,6.51,6.52,6.52,6.5,1024500.0,6670960.0,2020,6,3,14,15,2020-06-03 14:15
645,6.51,6.49,6.52,6.49,1407700.0,9155072.0,2020,6,3,14,30,2020-06-03 14:30
646,6.49,6.48,6.5,6.47,1917700.0,12426784.0,2020,6,3,14,45,2020-06-03 14:45
647,6.49,6.47,6.49,6.46,2320500.0,15006688.0,2020,6,3,15,0,2020-06-03 15:00
648,6.49,6.46,6.5,6.45,3542900.0,22905188.0,2020,6,4,9,45,2020-06-04 09:45
649,6.46,6.46,6.48,6.45,1671200.0,10803008.0,2020,6,4,10,0,2020-06-04 10:00
650,6.46,6.42,6.46,6.41,3395600.0,21854380.0,2020,6,4,10,15,2020-06-04 10:15
651,6.41,6.39,6.43,6.38,4221500.0,27023264.0,2020,6,4,10,30,2020-06-04 10:30
652,6.4,6.39,6.41,6.38,1723100.0,11014368.0,2020,6,4,10,45,2020-06-04 10:45
653,6.4,6.38,6.4,6.38,1272000.0,8126536.0,2020,6,4,11,0,2020-06-04 11:00
654,6.38,6.34,6.39,6.34,2817800.0,17925144.0,2020,6,4,11,15,2020-06-04 11:15
655,6.33,6.36,6.37,6.33,1101900.0,6998368.0,2020,6,4,11,30,2020-06-04 11:30
656,6.36,6.42,6.45,6.36,1981600.0,12700912.0,2020,6,4,13,15,2020-06-04 13:15
657,6.43,6.4,6.44,6.39,1388200.0,8909200.0,2020,6,4,13,30,2020-06-04 13:30
658,6.4,6.38,6.4,6.37,924500.0,5905200.0,2020,6,4,13,45,2020-06-04 13:45
659,6.39,6.4,6.41,6.38,982400.0,6278288.0,2020,6,4,14,0,2020-06-04 14:00
660,6.4,6.39,6.4,6.38,781800.0,4995456.0,2020,6,4,14,15,2020-06-04 14:15
661,6.4,6.39,6.4,6.38,717100.0,4584128.0,2020,6,4,14,30,2020-06-04 14:30
662,6.39,6.38,6.4,6.37,1785000.0,11396496.0,2020,6,4,14,45,2020-06-04 14:45
663,6.37,6.38,6.39,6.37,2498700.0,15945296.0,2020,6,4,15,0,2020-06-04 15:00
664,6.38,6.51,6.52,6.38,8525200.0,55095880.0,2020,6,5,9,45,2020-06-05 09:45
665,6.51,6.45,6.51,6.45,2697300.0,17477960.0,2020,6,5,10,0,2020-06-05 10:00
666,6.45,6.46,6.47,6.45,1113300.0,7189936.0,2020,6,5,10,15,2020-06-05 10:15
667,6.46,6.46,6.49,6.45,1258000.0,8138168.0,2020,6,5,10,30,2020-06-05 10:30
668,6.46,6.43,6.46,6.43,1274000.0,8211976.0,2020,6,5,10,45,2020-06-05 10:45
669,6.43,6.41,6.44,6.4,1415800.0,9086680.0,2020,6,5,11,0,2020-06-05 11:00
670,6.41,6.42,6.42,6.41,479600.0,3077048.0,2020,6,5,11,15,2020-06-05 11:15
671,6.41,6.41,6.42,6.4,541100.0,3469784.0,2020,6,5,11,30,2020-06-05 11:30
672,6.41,6.39,6.41,6.38,1449400.0,9278776.0,2020,6,5,13,15,2020-06-05 13:15
673,6.39,6.42,6.42,6.39,799900.0,5125584.0,2020,6,5,13,30,2020-06-05 13:30
674,6.41,6.39,6.43,6.39,669800.0,4291080.0,2020,6,5,13,45,2020-06-05 13:45
675,6.4,6.39,6.4,6.38,1149800.0,7347416.0,2020,6,5,14,0,2020-06-05 14:00
676,6.4,6.4,6.42,6.39,1212400.0,7761872.0,2020,6,5,14,15,2020-06-05 14:15
677,6.4,6.42,6.42,6.39,646900.0,4143584.0,2020,6,5,14,30,2020-06-05 14:30
678,6.41,6.41,6.42,6.39,1456000.0,9325584.0,2020,6,5,14,45,2020-06-05 14:45
679,6.42,6.42,6.43,6.41,2106800.0,13518016.0,2020,6,5,15,0,2020-06-05 15:00
680,6.46,6.43,6.47,6.43,3487300.0,22480444.0,2020,6,8,9,45,2020-06-08 09:45
681,6.43,6.41,6.43,6.4,2301900.0,14769544.0,2020,6,8,10,0,2020-06-08 10:00
682,6.42,6.41,6.42,6.4,1382500.0,8867516.0,2020,6,8,10,15,2020-06-08 10:15
683,6.4,6.4,6.41,6.39,1634600.0,10457520.0,2020,6,8,10,30,2020-06-08 10:30
684,6.4,6.4,6.4,6.39,1374300.0,8786044.0,2020,6,8,10,45,2020-06-08 10:45
685,6.39,6.39,6.4,6.39,801600.0,5125436.0,2020,6,8,11,0,2020-06-08 11:00
686,6.4,6.4,6.4,6.39,723000.0,4623872.0,2020,6,8,11,15,2020-06-08 11:15
687,6.4,6.39,6.41,6.38,815500.0,5215096.0,2020,6,8,11,30,2020-06-08 11:30
688,6.39,6.39,6.4,6.38,654300.0,4180544.0,2020,6,8,13,15,2020-06-08 13:15
689,6.38,6.38,6.39,6.38,643100.0,4106424.0,2020,6,8,13,30,2020-06-08 13:30
690,6.38,6.39,6.4,6.38,1272000.0,8119976.0,2020,6,8,13,45,2020-06-08 13:45
691,6.39,6.37,6.39,6.37,619300.0,3951928.0,2020,6,8,14,0,2020-06-08 14:00
692,6.37,6.37,6.39,6.36,1179400.0,7514576.0,2020,6,8,14,15,2020-06-08 14:15
693,6.37,6.37,6.38,6.36,842400.0,5366640.0,2020,6,8,14,30,2020-06-08 14:30
694,6.37,6.37,6.38,6.36,838400.0,5340544.0,2020,6,8,14,45,2020-06-08 14:45
695,6.37,6.35,6.38,6.34,3164300.0,20108568.0,2020,6,8,15,0,2020-06-08 15:00
696,6.38,6.44,6.48,6.37,7416000.0,47692432.0,2020,6,9,9,45,2020-06-09 09:45
697,6.45,6.43,6.45,6.42,2419600.0,15568504.0,2020,6,9,10,0,2020-06-09 10:00
698,6.43,6.43,6.45,6.43,1989800.0,12821080.0,2020,6,9,10,15,2020-06-09 10:15
699,6.44,6.42,6.44,6.41,1056900.0,6783736.0,2020,6,9,10,30,2020-06-09 10:30
700,6.43,6.42,6.43,6.41,893600.0,5738008.0,2020,6,9,10,45,2020-06-09 10:45
701,6.42,6.42,6.43,6.42,429000.0,2755560.0,2020,6,9,11,0,2020-06-09 11:00
702,6.42,6.42,6.43,6.41,895300.0,5750712.0,2020,6,9,11,15,2020-06-09 11:15
703,6.42,6.52,6.54,6.41,12952800.0,84138800.0,2020,6,9,11,30,2020-06-09 11:30
704,6.53,6.55,6.56,6.51,6727000.0,43934608.0,2020,6,9,13,15,2020-06-09 13:15
705,6.55,6.56,6.6,6.54,8194200.0,53862864.0,2020,6,9,13,30,2020-06-09 13:30
706,6.55,6.54,6.55,6.53,2121700.0,13876640.0,2020,6,9,13,45,2020-06-09 13:45
707,6.54,6.57,6.58,6.54,3331100.0,21869920.0,2020,6,9,14,0,2020-06-09 14:00
708,6.57,6.58,6.58,6.53,3099800.0,20324928.0,2020,6,9,14,15,2020-06-09 14:15
709,6.58,6.72,6.72,6.55,12269800.0,81211840.0,2020,6,9,14,30,2020-06-09 14:30
710,6.73,6.66,6.73,6.62,8945900.0,59703680.0,2020,6,9,14,45,2020-06-09 14:45
711,6.66,6.69,6.69,6.63,7192600.0,47925120.0,2020,6,9,15,0,2020-06-09 15:00
712,6.6,6.53,6.6,6.51,10464300.0,68573264.0,2020,6,10,9,45,2020-06-10 09:45
713,6.53,6.49,6.56,6.49,5751200.0,37511896.0,2020,6,10,10,0,2020-06-10 10:00
714,6.5,6.49,6.52,6.47,5371300.0,34863720.0,2020,6,10,10,15,2020-06-10 10:15
715,6.49,6.51,6.51,6.48,1862000.0,12091504.0,2020,6,10,10,30,2020-06-10 10:30
716,6.51,6.49,6.51,6.48,1873800.0,12172448.0,2020,6,10,10,45,2020-06-10 10:45
717,6.49,6.5,6.5,6.48,985000.0,6390896.0,2020,6,10,11,0,2020-06-10 11:00
718,6.5,6.49,6.51,6.48,1054800.0,6847568.0,2020,6,10,11,15,2020-06-10 11:15
719,6.49,6.5,6.51,6.48,1112800.0,7225472.0,2020,6,10,11,30,2020-06-10 11:30
720,6.5,6.51,6.54,6.49,1505300.0,9801744.0,2020,6,10,13,15,2020-06-10 13:15
721,6.51,6.5,6.52,6.49,1329000.0,8647024.0,2020,6,10,13,30,2020-06-10 13:30
722,6.5,6.5,6.52,6.49,1775800.0,11544608.0,2020,6,10,13,45,2020-06-10 13:45
723,6.49,6.5,6.5,6.49,913000.0,5932560.0,2020,6,10,14,0,2020-06-10 14:00
724,6.49,6.5,6.51,6.49,1807000.0,11741872.0,2020,6,10,14,15,2020-06-10 14:15
725,6.5,6.51,6.53,6.5,927100.0,6037504.0,2020,6,10,14,30,2020-06-10 14:30
726,6.51,6.48,6.51,6.46,4247200.0,27532848.0,2020,6,10,14,45,2020-06-10 14:45
727,6.48,6.5,6.51,6.48,2492100.0,16205680.0,2020,6,10,15,0,2020-06-10 15:00
728,6.52,6.52,6.55,6.46,5453700.0,35465952.0,2020,6,11,9,45,2020-06-11 09:45
729,6.51,6.47,6.52,6.47,2856000.0,18540136.0,2020,6,11,10,0,2020-06-11 10:00
730,6.48,6.5,6.5,6.47,2518300.0,16330976.0,2020,6,11,10,15,2020-06-11 10:15
731,6.5,6.5,6.52,6.49,1481200.0,9643624.0,2020,6,11,10,30,2020-06-11 10:30
732,6.51,6.49,6.52,6.49,894300.0,5816832.0,2020,6,11,10,45,2020-06-11 10:45
733,6.5,6.48,6.5,6.47,1394200.0,9040576.0,2020,6,11,11,0,2020-06-11 11:00
734,6.49,6.51,6.51,6.47,1281100.0,8312256.0,2020,6,11,11,15,2020-06-11 11:15
735,6.51,6.52,6.53,6.5,1580600.0,10298112.0,2020,6,11,11,30,2020-06-11 11:30
736,6.52,6.47,6.52,6.47,1376900.0,8953128.0,2020,6,11,13,15,2020-06-11 13:15
737,6.47,6.5,6.51,6.46,2239200.0,14496600.0,2020,6,11,13,30,2020-06-11 13:30
738,6.5,6.47,6.5,6.45,1819500.0,11763888.0,2020,6,11,13,45,2020-06-11 13:45
739,6.47,6.45,6.47,6.45,987500.0,6376880.0,2020,6,11,14,0,2020-06-11 14:00
740,6.45,6.41,6.46,6.41,3696800.0,23776704.0,2020,6,11,14,15,2020-06-11 14:15
741,6.42,6.44,6.45,6.42,1088900.0,7003712.0,2020,6,11,14,30,2020-06-11 14:30
742,6.44,6.42,6.45,6.42,1148500.0,7385600.0,2020,6,11,14,45,2020-06-11 14:45
743,6.43,6.43,6.44,6.42,2475000.0,15915792.0,2020,6,11,15,0,2020-06-11 15:00
744,6.3,6.35,6.36,6.26,7839400.0,49434736.0,2020,6,12,9,45,2020-06-12 09:45
745,6.36,6.36,6.37,6.31,2474700.0,15677512.0,2020,6,12,10,0,2020-06-12 10:00
746,6.37,6.34,6.37,6.33,2672700.0,16941928.0,2020,6,12,10,15,2020-06-12 10:15
747,6.34,6.33,6.36,6.32,1469800.0,9317856.0,2020,6,12,10,30,2020-06-12 10:30
748,6.32,6.35,6.37,6.32,925900.0,5877328.0,2020,6,12,10,45,2020-06-12 10:45
749,6.36,6.36,6.38,6.35,726800.0,4624488.0,2020,6,12,11,0,2020-06-12 11:00
750,6.36,6.4,6.4,6.35,1499000.0,9541432.0,2020,6,12,11,15,2020-06-12 11:15
751,6.4,6.39,6.4,6.36,856900.0,5471928.0,2020,6,12,11,30,2020-06-12 11:30
752,6.39,6.37,6.4,6.36,633500.0,4041352.0,2020,6,12,13,15,2020-06-12 13:15
753,6.36,6.38,6.38,6.36,1027100.0,6538152.0,2020,6,12,13,30,2020-06-12 13:30
754,6.37,6.37,6.38,6.36,661900.0,4217568.0,2020,6,12,13,45,2020-06-12 13:45
755,6.36,6.39,6.4,6.36,1417100.0,9040712.0,2020,6,12,14,0,2020-06-12 14:00
756,6.39,6.4,6.42,6.38,976500.0,6250416.0,2020,6,12,14,15,2020-06-12 14:15
757,6.41,6.39,6.41,6.38,890600.0,5692496.0,2020,6,12,14,30,2020-06-12 14:30
758,6.38,6.37,6.4,6.37,2099100.0,13398864.0,2020,6,12,14,45,2020-06-12 14:45
759,6.38,6.37,6.38,6.36,2035300.0,12966176.0,2020,6,12,15,0,2020-06-12 15:00
760,6.35,6.33,6.36,6.3,4907100.0,31034958.0,2020,6,15,9,45,2020-06-15 09:45
761,6.33,6.34,6.36,6.33,1586700.0,10060266.0,2020,6,15,10,0,2020-06-15 10:00
762,6.35,6.35,6.36,6.33,1395000.0,8851524.0,2020,6,15,10,15,2020-06-15 10:15
763,6.35,6.38,6.38,6.34,1314300.0,8357268.0,2020,6,15,10,30,2020-06-15 10:30
764,6.38,6.37,6.39,6.36,1239500.0,7907188.0,2020,6,15,10,45,2020-06-15 10:45
765,6.36,6.35,6.37,6.35,514800.0,3274756.0,2020,6,15,11,0,2020-06-15 11:00
766,6.36,6.35,6.36,6.34,896700.0,5694776.0,2020,6,15,11,15,2020-06-15 11:15
767,6.34,6.36,6.38,6.34,657900.0,4186280.0,2020,6,15,11,30,2020-06-15 11:30
768,6.36,6.32,6.37,6.32,1872500.0,11871320.0,2020,6,15,13,15,2020-06-15 13:15
769,6.32,6.33,6.34,6.32,866300.0,5485352.0,2020,6,15,13,30,2020-06-15 13:30
770,6.33,6.31,6.34,6.31,1290500.0,8163352.0,2020,6,15,13,45,2020-06-15 13:45
771,6.32,6.31,6.33,6.31,1583200.0,10000296.0,2020,6,15,14,0,2020-06-15 14:00
772,6.31,6.32,6.33,6.31,1023400.0,6467480.0,2020,6,15,14,15,2020-06-15 14:15
773,6.32,6.32,6.33,6.32,809600.0,5119384.0,2020,6,15,14,30,2020-06-15 14:30
774,6.33,6.31,6.33,6.3,2770600.0,17492008.0,2020,6,15,14,45,2020-06-15 14:45
775,6.3,6.3,6.31,6.29,3893100.0,24530176.0,2020,6,15,15,0,2020-06-15 15:00
776,6.35,6.37,6.38,6.33,2990700.0,18995990.0,2020,6,16,9,45,2020-06-16 09:45
777,6.37,6.34,6.39,6.33,2419400.0,15393474.0,2020,6,16,10,0,2020-06-16 10:00
778,6.35,6.33,6.36,6.33,1230500.0,7806392.0,2020,6,16,10,15,2020-06-16 10:15
779,6.34,6.33,6.34,6.32,1114400.0,7054624.0,2020,6,16,10,30,2020-06-16 10:30
780,6.33,6.34,6.36,6.32,1145600.0,7263176.0,2020,6,16,10,45,2020-06-16 10:45
781,6.35,6.36,6.38,6.34,1539600.0,9800720.0,2020,6,16,11,0,2020-06-16 11:00
782,6.36,6.35,6.37,6.34,724000.0,4600848.0,2020,6,16,11,15,2020-06-16 11:15
783,6.35,6.35,6.35,6.34,275700.0,1749464.0,2020,6,16,11,30,2020-06-16 11:30
784,6.34,6.35,6.36,6.34,1155600.0,7331480.0,2020,6,16,13,15,2020-06-16 13:15
785,6.35,6.34,6.36,6.33,854600.0,5421056.0,2020,6,16,13,30,2020-06-16 13:30
786,6.34,6.37,6.37,6.34,964700.0,6129544.0,2020,6,16,13,45,2020-06-16 13:45
787,6.37,6.36,6.37,6.35,834100.0,5306816.0,2020,6,16,14,0,2020-06-16 14:00
788,6.36,6.36,6.37,6.35,1024400.0,6515632.0,2020,6,16,14,15,2020-06-16 14:15
789,6.36,6.4,6.43,6.35,5054200.0,32321920.0,2020,6,16,14,30,2020-06-16 14:30
790,6.41,6.4,6.41,6.38,2448800.0,15661696.0,2020,6,16,14,45,2020-06-16 14:45
791,6.4,6.39,6.4,6.38,2343300.0,14971248.0,2020,6,16,15,0,2020-06-16 15:00
792,6.39,6.38,6.39,6.35,2581800.0,16439388.0,2020,6,17,9,45,2020-06-17 09:45
793,6.39,6.39,6.41,6.38,2125800.0,13591328.0,2020,6,17,10,0,2020-06-17 10:00
794,6.39,6.38,6.39,6.38,1073800.0,6854216.0,2020,6,17,10,15,2020-06-17 10:15
795,6.38,6.36,6.39,6.36,1400700.0,8924520.0,2020,6,17,10,30,2020-06-17 10:30
796,6.37,6.36,6.37,6.35,1327600.0,8437632.0,2020,6,17,10,45,2020-06-17 10:45
797,6.36,6.34,6.36,6.33,1761000.0,11169368.0,2020,6,17,11,0,2020-06-17 11:00
798,6.34,6.35,6.36,6.33,1198200.0,7595652.0,2020,6,17,11,15,2020-06-17 11:15
799,6.35,6.35,6.36,6.33,928800.0,5886400.0,2020,6,17,13,0,2020-06-17 13:00
