,open,close,high,low,vol,amount,year,month,day,hour,minute,datetime
0,3.86,3.84,3.88,3.83,5418000.0,20903136.0,2020,4,2,13,15,2020-04-02 13:15
1,3.84,3.85,3.88,3.83,5007800.0,19301184.0,2020,4,2,13,30,2020-04-02 13:30
2,3.85,3.98,4.03,3.84,34719700.0,137719008.0,2020,4,2,13,45,2020-04-02 13:45
3,3.98,3.95,3.99,3.94,11035700.0,43738304.0,2020,4,2,14,0,2020-04-02 14:00
4,3.96,3.94,3.98,3.94,8754700.0,34676544.0,2020,4,2,14,15,2020-04-02 14:15
5,3.95,3.96,3.98,3.94,10585200.0,42006784.0,2020,4,2,14,30,2020-04-02 14:30
6,3.96,3.96,3.98,3.95,11567100.0,45927488.0,2020,4,2,14,45,2020-04-02 14:45
7,3.97,4.0,4.0,3.96,25112100.0,100012480.0,2020,4,2,15,0,2020-04-02 15:00
8,4.0,3.9,4.0,3.86,47855400.0,187970352.0,2020,4,3,9,45,2020-04-03 09:45
9,3.89,3.94,3.95,3.87,14298400.0,55876736.0,2020,4,3,10,0,2020-04-03 10:00
10,3.93,3.91,3.94,3.89,12769000.0,49886864.0,2020,4,3,10,15,2020-04-03 10:15
11,3.91,3.9,3.91,3.86,11047100.0,42932032.0,2020,4,3,10,30,2020-04-03 10:30
12,3.89,3.93,3.94,3.89,5137500.0,20114432.0,2020,4,3,10,45,2020-04-03 10:45
13,3.94,3.9,3.94,3.89,4814600.0,18848000.0,2020,4,3,11,0,2020-04-03 11:00
14,3.9,3.89,3.9,3.88,3337300.0,12985984.0,2020,4,3,11,15,2020-04-03 11:15
15,3.9,3.93,3.93,3.87,8385600.0,32596960.0,2020,4,3,11,30,2020-04-03 11:30
16,3.93,3.9,3.94,3.88,4325600.0,16873792.0,2020,4,3,13,15,2020-04-03 13:15
17,3.9,3.89,3.92,3.89,2865300.0,11181696.0,2020,4,3,13,30,2020-04-03 13:30
18,3.9,3.9,3.91,3.89,2422400.0,9446432.0,2020,4,3,13,45,2020-04-03 13:45
19,3.91,3.88,3.91,3.87,6319000.0,24553888.0,2020,4,3,14,0,2020-04-03 14:00
20,3.88,3.86,3.89,3.85,9676300.0,37389120.0,2020,4,3,14,15,2020-04-03 14:15
21,3.86,3.89,3.9,3.86,5391800.0,20885664.0,2020,4,3,14,30,2020-04-03 14:30
22,3.89,3.89,3.92,3.88,6142600.0,23944192.0,2020,4,3,14,45,2020-04-03 14:45
23,3.89,3.89,3.89,3.87,15659700.0,60762944.0,2020,4,3,15,0,2020-04-03 15:00
24,3.97,3.9,3.98,3.88,34751200.0,136398000.0,2020,4,7,9,45,2020-04-07 09:45
25,3.9,3.91,3.94,3.9,16478200.0,64665472.0,2020,4,7,10,0,2020-04-07 10:00
26,3.91,3.99,3.99,3.91,19134600.0,75471600.0,2020,4,7,10,15,2020-04-07 10:15
27,4.0,4.08,4.17,4.0,56069400.0,229726784.0,2020,4,7,10,30,2020-04-07 10:30
28,4.07,4.08,4.09,4.04,10081900.0,41002656.0,2020,4,7,10,45,2020-04-07 10:45
29,4.07,4.04,4.08,4.03,7810700.0,31652032.0,2020,4,7,11,0,2020-04-07 11:00
30,4.04,4.06,4.08,4.04,5452200.0,22123328.0,2020,4,7,11,15,2020-04-07 11:15
31,4.06,4.06,4.06,4.04,5212500.0,21128128.0,2020,4,7,11,30,2020-04-07 11:30
32,4.06,4.06,4.08,4.05,4680300.0,19021632.0,2020,4,7,13,15,2020-04-07 13:15
33,4.06,4.16,4.18,4.05,26581100.0,109809792.0,2020,4,7,13,30,2020-04-07 13:30
34,4.16,4.13,4.17,4.12,10832300.0,44819008.0,2020,4,7,13,45,2020-04-07 13:45
35,4.12,4.12,4.15,4.12,6309500.0,26083008.0,2020,4,7,14,0,2020-04-07 14:00
36,4.12,4.12,4.13,4.11,6008800.0,24755968.0,2020,4,7,14,15,2020-04-07 14:15
37,4.12,4.28,4.28,4.11,51560200.0,218101056.0,2020,4,7,14,30,2020-04-07 14:30
38,4.28,4.28,4.28,4.28,5695900.0,24378432.0,2020,4,7,14,45,2020-04-07 14:45
39,4.28,4.28,4.28,4.28,3439800.0,14722432.0,2020,4,7,15,0,2020-04-07 15:00
40,4.3,4.38,4.43,4.22,138184800.0,598333376.0,2020,4,8,9,45,2020-04-08 09:45
41,4.38,4.34,4.46,4.31,65935200.0,289294720.0,2020,4,8,10,0,2020-04-08 10:00
42,4.34,4.43,4.43,4.31,27032000.0,117830208.0,2020,4,8,10,15,2020-04-08 10:15
43,4.44,4.4,4.44,4.37,22119700.0,97482112.0,2020,4,8,10,30,2020-04-08 10:30
44,4.4,4.35,4.4,4.35,10796200.0,47190144.0,2020,4,8,10,45,2020-04-08 10:45
45,4.35,4.38,4.41,4.35,10648600.0,46648064.0,2020,4,8,11,0,2020-04-08 11:00
46,4.38,4.31,4.39,4.3,19515600.0,84431616.0,2020,4,8,11,15,2020-04-08 11:15
47,4.31,4.32,4.32,4.3,8980100.0,38703616.0,2020,4,8,11,30,2020-04-08 11:30
48,4.32,4.39,4.39,4.32,10009900.0,43568896.0,2020,4,8,13,15,2020-04-08 13:15
49,4.39,4.35,4.4,4.33,8447300.0,36935936.0,2020,4,8,13,30,2020-04-08 13:30
50,4.35,4.34,4.37,4.33,5820200.0,25300736.0,2020,4,8,13,45,2020-04-08 13:45
51,4.34,4.37,4.4,4.34,7511800.0,32886656.0,2020,4,8,14,0,2020-04-08 14:00
52,4.37,4.31,4.37,4.31,8618800.0,37471872.0,2020,4,8,14,15,2020-04-08 14:15
53,4.31,4.32,4.35,4.31,10020900.0,43402112.0,2020,4,8,14,30,2020-04-08 14:30
54,4.32,4.33,4.34,4.3,14989700.0,64667904.0,2020,4,8,14,45,2020-04-08 14:45
55,4.32,4.31,4.33,4.3,24436000.0,105420032.0,2020,4,8,15,0,2020-04-08 15:00
56,4.19,4.17,4.25,4.1,65862800.0,274151200.0,2020,4,9,9,45,2020-04-09 09:45
57,4.17,4.14,4.18,4.13,22721500.0,94252000.0,2020,4,9,10,0,2020-04-09 10:00
58,4.14,4.16,4.16,4.1,22257500.0,91881536.0,2020,4,9,10,15,2020-04-09 10:15
59,4.16,4.17,4.19,4.16,10357000.0,43228928.0,2020,4,9,10,30,2020-04-09 10:30
60,4.17,4.16,4.19,4.16,7140300.0,29849184.0,2020,4,9,10,45,2020-04-09 10:45
61,4.16,4.15,4.18,4.14,6787200.0,28205280.0,2020,4,9,11,0,2020-04-09 11:00
62,4.16,4.14,4.18,4.12,9334300.0,38681856.0,2020,4,9,11,15,2020-04-09 11:15
63,4.13,4.14,4.16,4.13,5228400.0,21653632.0,2020,4,9,11,30,2020-04-09 11:30
64,4.14,4.19,4.19,4.14,6256500.0,25996736.0,2020,4,9,13,15,2020-04-09 13:15
65,4.19,4.35,4.35,4.16,20633300.0,87811008.0,2020,4,9,13,30,2020-04-09 13:30
66,4.36,4.37,4.44,4.33,42428200.0,186128640.0,2020,4,9,13,45,2020-04-09 13:45
67,4.36,4.36,4.37,4.3,10001700.0,43462272.0,2020,4,9,14,0,2020-04-09 14:00
68,4.36,4.33,4.39,4.33,11060900.0,48201728.0,2020,4,9,14,15,2020-04-09 14:15
69,4.34,4.34,4.37,4.33,7517900.0,32714496.0,2020,4,9,14,30,2020-04-09 14:30
70,4.34,4.3,4.35,4.27,12214700.0,52700032.0,2020,4,9,14,45,2020-04-09 14:45
71,4.31,4.28,4.31,4.26,18319400.0,78456192.0,2020,4,9,15,0,2020-04-09 15:00
72,4.26,4.18,4.26,4.16,31985900.0,134285200.0,2020,4,10,9,45,2020-04-10 09:45
73,4.19,4.16,4.19,4.12,17418500.0,72384848.0,2020,4,10,10,0,2020-04-10 10:00
74,4.16,4.16,4.18,4.15,8774900.0,36497024.0,2020,4,10,10,15,2020-04-10 10:15
75,4.17,4.18,4.22,4.16,8097400.0,33950080.0,2020,4,10,10,30,2020-04-10 10:30
76,4.19,4.14,4.19,4.14,8856100.0,36780096.0,2020,4,10,10,45,2020-04-10 10:45
77,4.14,4.13,4.16,4.12,7251500.0,29992928.0,2020,4,10,11,0,2020-04-10 11:00
78,4.12,4.14,4.14,4.1,8765200.0,36077888.0,2020,4,10,11,15,2020-04-10 11:15
79,4.14,4.09,4.14,4.08,9677000.0,39725952.0,2020,4,10,11,30,2020-04-10 11:30
80,4.09,4.06,4.1,4.04,12538100.0,50925952.0,2020,4,10,13,15,2020-04-10 13:15
81,4.06,4.03,4.08,4.0,11725800.0,47328960.0,2020,4,10,13,30,2020-04-10 13:30
82,4.04,4.06,4.07,4.01,9985200.0,40228416.0,2020,4,10,13,45,2020-04-10 13:45
83,4.06,4.06,4.09,4.03,4860200.0,19740608.0,2020,4,10,14,0,2020-04-10 14:00
84,4.06,4.04,4.07,4.03,4772200.0,19319616.0,2020,4,10,14,15,2020-04-10 14:15
85,4.04,4.05,4.08,4.04,5700900.0,23121536.0,2020,4,10,14,30,2020-04-10 14:30
86,4.06,4.02,4.07,4.02,9533600.0,38553728.0,2020,4,10,14,45,2020-04-10 14:45
87,4.03,4.04,4.04,4.02,16784400.0,67644352.0,2020,4,10,15,0,2020-04-10 15:00
88,3.94,3.93,3.95,3.83,29978800.0,116411984.0,2020,4,13,9,45,2020-04-13 09:45
89,3.94,3.9,3.95,3.89,8648900.0,33922816.0,2020,4,13,10,0,2020-04-13 10:00
90,3.9,3.92,3.94,3.89,6686400.0,26120240.0,2020,4,13,10,15,2020-04-13 10:15
91,3.93,3.93,3.94,3.91,3285300.0,12906640.0,2020,4,13,10,30,2020-04-13 10:30
92,3.94,3.92,3.94,3.91,3479400.0,13640624.0,2020,4,13,10,45,2020-04-13 10:45
93,3.92,3.93,3.93,3.9,2907400.0,11378816.0,2020,4,13,11,0,2020-04-13 11:00
94,3.92,3.89,3.93,3.88,6025300.0,23504624.0,2020,4,13,11,15,2020-04-13 11:15
95,3.9,3.89,3.9,3.86,4924700.0,19098736.0,2020,4,13,11,30,2020-04-13 11:30
96,3.9,3.86,3.9,3.85,5359100.0,20719456.0,2020,4,13,13,15,2020-04-13 13:15
97,3.86,3.85,3.88,3.84,7872600.0,30347936.0,2020,4,13,13,30,2020-04-13 13:30
98,3.85,3.87,3.87,3.84,4823500.0,18583776.0,2020,4,13,13,45,2020-04-13 13:45
99,3.87,3.86,3.87,3.85,3626800.0,13991968.0,2020,4,13,14,0,2020-04-13 14:00
100,3.86,3.92,3.95,3.86,8108800.0,31717856.0,2020,4,13,14,15,2020-04-13 14:15
101,3.92,3.9,3.93,3.9,2675000.0,10449280.0,2020,4,13,14,30,2020-04-13 14:30
102,3.91,3.88,3.91,3.87,5246900.0,20400864.0,2020,4,13,14,45,2020-04-13 14:45
103,3.88,3.9,3.91,3.87,11746600.0,45696960.0,2020,4,13,15,0,2020-04-13 15:00
104,4.0,4.15,4.18,3.97,59238900.0,242467712.0,2020,4,14,9,45,2020-04-14 09:45
105,4.15,4.15,4.17,4.12,21983200.0,91074656.0,2020,4,14,10,0,2020-04-14 10:00
106,4.15,4.2,4.25,4.14,34570800.0,145259584.0,2020,4,14,10,15,2020-04-14 10:15
107,4.2,4.26,4.29,4.19,73549104.0,314155168.0,2020,4,14,10,30,2020-04-14 10:30
108,4.27,4.29,4.29,4.25,35907000.0,153770240.0,2020,4,14,10,45,2020-04-14 10:45
109,4.29,4.28,4.29,4.27,26207600.0,112301120.0,2020,4,14,11,0,2020-04-14 11:00
110,4.28,4.26,4.29,4.25,13064000.0,55831680.0,2020,4,14,11,15,2020-04-14 11:15
111,4.25,4.24,4.27,4.23,12508800.0,53163008.0,2020,4,14,11,30,2020-04-14 11:30
112,4.24,4.24,4.26,4.23,8971700.0,38065792.0,2020,4,14,13,15,2020-04-14 13:15
113,4.23,4.26,4.26,4.22,8765100.0,37089792.0,2020,4,14,13,30,2020-04-14 13:30
114,4.26,4.27,4.29,4.25,15493700.0,66243968.0,2020,4,14,13,45,2020-04-14 13:45
115,4.28,4.29,4.29,4.28,20233600.0,86788352.0,2020,4,14,14,0,2020-04-14 14:00
116,4.29,4.29,4.29,4.29,822400.0,3528448.0,2020,4,14,14,15,2020-04-14 14:15
117,4.29,4.29,4.29,4.29,716500.0,3073536.0,2020,4,14,14,30,2020-04-14 14:30
118,4.29,4.29,4.29,4.29,585300.0,2510976.0,2020,4,14,14,45,2020-04-14 14:45
119,4.29,4.29,4.29,4.29,795900.0,3414400.0,2020,4,14,15,0,2020-04-14 15:00
120,4.32,4.23,4.37,4.21,128958400.0,555571968.0,2020,4,15,9,45,2020-04-15 09:45
121,4.25,4.25,4.29,4.23,29191500.0,124208192.0,2020,4,15,10,0,2020-04-15 10:00
122,4.25,4.26,4.28,4.23,20114300.0,85581248.0,2020,4,15,10,15,2020-04-15 10:15
123,4.26,4.28,4.28,4.24,12130300.0,51658496.0,2020,4,15,10,30,2020-04-15 10:30
124,4.28,4.22,4.28,4.21,14956000.0,63546432.0,2020,4,15,10,45,2020-04-15 10:45
125,4.23,4.18,4.24,4.16,28256400.0,118360768.0,2020,4,15,11,0,2020-04-15 11:00
126,4.19,4.19,4.22,4.18,6891400.0,28933120.0,2020,4,15,11,15,2020-04-15 11:15
127,4.19,4.2,4.24,4.19,8110500.0,34142656.0,2020,4,15,11,30,2020-04-15 11:30
128,4.2,4.23,4.25,4.2,8158800.0,34476736.0,2020,4,15,13,15,2020-04-15 13:15
129,4.23,4.2,4.23,4.19,7419200.0,31189504.0,2020,4,15,13,30,2020-04-15 13:30
130,4.2,4.18,4.22,4.18,6627000.0,27819776.0,2020,4,15,13,45,2020-04-15 13:45
131,4.18,4.17,4.2,4.16,7864100.0,32843776.0,2020,4,15,14,0,2020-04-15 14:00
132,4.17,4.13,4.18,4.11,15559600.0,64501888.0,2020,4,15,14,15,2020-04-15 14:15
133,4.13,4.14,4.14,4.1,14462900.0,59596800.0,2020,4,15,14,30,2020-04-15 14:30
134,4.13,4.19,4.19,4.12,10073200.0,41753728.0,2020,4,15,14,45,2020-04-15 14:45
135,4.19,4.14,4.19,4.13,18438700.0,76463488.0,2020,4,15,15,0,2020-04-15 15:00
136,4.02,4.03,4.07,3.98,48672200.0,195771072.0,2020,4,16,9,45,2020-04-16 09:45
137,4.03,4.2,4.25,4.03,41689000.0,174314560.0,2020,4,16,10,0,2020-04-16 10:00
138,4.2,4.16,4.2,4.15,11459400.0,47888608.0,2020,4,16,10,15,2020-04-16 10:15
139,4.16,4.2,4.22,4.15,10654600.0,44533344.0,2020,4,16,10,30,2020-04-16 10:30
140,4.19,4.17,4.2,4.16,5594700.0,23397504.0,2020,4,16,10,45,2020-04-16 10:45
141,4.17,4.13,4.17,4.12,7439800.0,30813056.0,2020,4,16,11,0,2020-04-16 11:00
142,4.13,4.13,4.15,4.11,4711400.0,19437184.0,2020,4,16,11,15,2020-04-16 11:15
143,4.14,4.09,4.14,4.08,5642100.0,23152832.0,2020,4,16,11,30,2020-04-16 11:30
144,4.09,4.1,4.11,4.07,5517700.0,22548608.0,2020,4,16,13,15,2020-04-16 13:15
145,4.1,4.09,4.1,4.06,6254500.0,25501952.0,2020,4,16,13,30,2020-04-16 13:30
146,4.09,4.1,4.1,4.05,6209200.0,25268864.0,2020,4,16,13,45,2020-04-16 13:45
147,4.1,4.11,4.15,4.07,6563100.0,26987712.0,2020,4,16,14,0,2020-04-16 14:00
148,4.11,4.08,4.11,4.07,6371200.0,26019520.0,2020,4,16,14,15,2020-04-16 14:15
149,4.07,4.09,4.1,4.07,5062700.0,20690176.0,2020,4,16,14,30,2020-04-16 14:30
150,4.09,4.09,4.11,4.08,9492000.0,38827584.0,2020,4,16,14,45,2020-04-16 14:45
151,4.1,4.09,4.1,4.08,17776900.0,72728384.0,2020,4,16,15,0,2020-04-16 15:00
152,4.15,4.12,4.18,4.08,30210000.0,124648824.0,2020,4,17,9,45,2020-04-17 09:45
153,4.13,4.1,4.17,4.09,17295500.0,71315880.0,2020,4,17,10,0,2020-04-17 10:00
154,4.1,4.1,4.11,4.06,18159000.0,74041824.0,2020,4,17,10,15,2020-04-17 10:15
155,4.1,4.09,4.11,4.07,7134100.0,29180096.0,2020,4,17,10,30,2020-04-17 10:30
156,4.08,4.15,4.15,4.07,8816300.0,36112800.0,2020,4,17,10,45,2020-04-17 10:45
157,4.15,4.1,4.15,4.09,6609000.0,27212160.0,2020,4,17,11,0,2020-04-17 11:00
158,4.1,4.1,4.11,4.09,3702700.0,15177760.0,2020,4,17,11,15,2020-04-17 11:15
159,4.09,4.12,4.12,4.09,3699900.0,15191040.0,2020,4,17,11,30,2020-04-17 11:30
160,4.11,4.1,4.13,4.09,4422000.0,18157920.0,2020,4,17,13,15,2020-04-17 13:15
161,4.1,4.09,4.11,4.08,5550300.0,22694976.0,2020,4,17,13,30,2020-04-17 13:30
162,4.08,4.08,4.1,4.08,4966900.0,20305440.0,2020,4,17,13,45,2020-04-17 13:45
163,4.09,4.09,4.09,4.08,3765100.0,15381408.0,2020,4,17,14,0,2020-04-17 14:00
164,4.08,4.06,4.09,4.05,9409400.0,38298016.0,2020,4,17,14,15,2020-04-17 14:15
165,4.06,4.03,4.07,4.03,12413500.0,50176576.0,2020,4,17,14,30,2020-04-17 14:30
166,4.03,4.04,4.04,4.02,11968600.0,48194496.0,2020,4,17,14,45,2020-04-17 14:45
167,4.04,4.03,4.04,4.02,17011600.0,68545984.0,2020,4,17,15,0,2020-04-17 15:00
168,4.0,3.99,4.04,3.96,22088900.0,87996952.0,2020,4,20,9,45,2020-04-20 09:45
169,3.98,3.97,3.99,3.96,10964500.0,43581208.0,2020,4,20,10,0,2020-04-20 10:00
170,3.97,3.99,3.99,3.96,7370000.0,29307440.0,2020,4,20,10,15,2020-04-20 10:15
171,3.99,3.99,4.01,3.98,5328000.0,21298816.0,2020,4,20,10,30,2020-04-20 10:30
172,3.99,3.98,4.0,3.98,4279600.0,17057824.0,2020,4,20,10,45,2020-04-20 10:45
173,3.99,3.99,4.0,3.98,3277400.0,13066032.0,2020,4,20,11,0,2020-04-20 11:00
174,3.99,3.99,4.0,3.98,3106500.0,12403552.0,2020,4,20,11,15,2020-04-20 11:15
175,4.0,4.0,4.02,3.99,4085100.0,16366944.0,2020,4,20,11,30,2020-04-20 11:30
176,4.0,4.0,4.01,3.99,3184000.0,12733104.0,2020,4,20,13,15,2020-04-20 13:15
177,4.0,3.98,4.0,3.98,4808200.0,19158656.0,2020,4,20,13,30,2020-04-20 13:30
178,3.98,3.98,3.99,3.98,4308000.0,17152480.0,2020,4,20,13,45,2020-04-20 13:45
179,3.98,3.97,3.99,3.97,6539500.0,26016832.0,2020,4,20,14,0,2020-04-20 14:00
180,3.98,3.99,4.0,3.97,6291900.0,25065056.0,2020,4,20,14,15,2020-04-20 14:15
181,3.99,4.01,4.01,3.98,4920500.0,19677760.0,2020,4,20,14,30,2020-04-20 14:30
182,4.01,4.0,4.01,4.0,5682200.0,22760640.0,2020,4,20,14,45,2020-04-20 14:45
183,4.0,4.07,4.08,4.0,20413100.0,82781760.0,2020,4,20,15,0,2020-04-20 15:00
184,4.01,3.96,4.01,3.96,19206500.0,76367632.0,2020,4,21,9,45,2020-04-21 09:45
185,3.97,3.94,3.97,3.92,19529300.0,76981888.0,2020,4,21,10,0,2020-04-21 10:00
186,3.94,3.94,3.95,3.93,9542000.0,37573648.0,2020,4,21,10,15,2020-04-21 10:15
187,3.94,3.94,3.96,3.93,5824800.0,22974192.0,2020,4,21,10,30,2020-04-21 10:30
188,3.94,3.94,3.95,3.93,5093400.0,20036448.0,2020,4,21,10,45,2020-04-21 10:45
189,3.95,3.97,3.98,3.94,2953900.0,11686528.0,2020,4,21,11,0,2020-04-21 11:00
190,3.96,3.94,3.97,3.94,3643300.0,14380880.0,2020,4,21,11,15,2020-04-21 11:15
191,3.93,3.94,3.95,3.93,3340500.0,13153120.0,2020,4,21,11,30,2020-04-21 11:30
192,3.93,3.94,3.96,3.93,4473600.0,17633952.0,2020,4,21,13,15,2020-04-21 13:15
193,3.94,3.97,3.97,3.94,3050600.0,12050112.0,2020,4,21,13,30,2020-04-21 13:30
194,3.97,3.96,3.97,3.96,1445900.0,5731872.0,2020,4,21,13,45,2020-04-21 13:45
195,3.96,3.95,3.97,3.94,3647100.0,14415680.0,2020,4,21,14,0,2020-04-21 14:00
196,3.95,3.96,3.97,3.95,3221100.0,12755424.0,2020,4,21,14,15,2020-04-21 14:15
197,3.97,3.99,4.0,3.96,4911200.0,19559456.0,2020,4,21,14,30,2020-04-21 14:30
198,3.99,3.99,4.0,3.98,4428300.0,17668416.0,2020,4,21,14,45,2020-04-21 14:45
199,3.99,3.98,4.0,3.97,11584900.0,46110688.0,2020,4,21,15,0,2020-04-21 15:00
200,3.89,3.88,3.89,3.83,20908700.0,80761776.0,2020,4,22,9,45,2020-04-22 09:45
201,3.88,3.92,3.93,3.87,8233700.0,32057232.0,2020,4,22,10,0,2020-04-22 10:00
202,3.91,3.91,3.92,3.88,5766200.0,22477744.0,2020,4,22,10,15,2020-04-22 10:15
203,3.92,3.91,3.94,3.9,3747100.0,14690400.0,2020,4,22,10,30,2020-04-22 10:30
204,3.91,3.89,3.91,3.89,3354300.0,13072352.0,2020,4,22,10,45,2020-04-22 10:45
205,3.89,3.9,3.9,3.89,3134200.0,12202128.0,2020,4,22,11,0,2020-04-22 11:00
206,3.9,3.88,3.9,3.88,3972800.0,15447264.0,2020,4,22,11,15,2020-04-22 11:15
207,3.88,3.87,3.88,3.86,7009000.0,27110560.0,2020,4,22,11,30,2020-04-22 11:30
208,3.87,3.89,3.9,3.86,5284300.0,20449952.0,2020,4,22,13,15,2020-04-22 13:15
209,3.89,3.91,3.92,3.88,5235500.0,20444752.0,2020,4,22,13,30,2020-04-22 13:30
210,3.91,3.91,3.93,3.89,4540700.0,17751216.0,2020,4,22,13,45,2020-04-22 13:45
211,3.91,3.9,3.92,3.9,2913800.0,11383488.0,2020,4,22,14,0,2020-04-22 14:00
212,3.91,3.91,3.92,3.9,3568500.0,13948128.0,2020,4,22,14,15,2020-04-22 14:15
213,3.92,3.9,3.93,3.9,4992000.0,19538816.0,2020,4,22,14,30,2020-04-22 14:30
214,3.9,3.9,3.92,3.89,7370800.0,28775456.0,2020,4,22,14,45,2020-04-22 14:45
215,3.9,3.9,3.91,3.9,11754900.0,45884096.0,2020,4,22,15,0,2020-04-22 15:00
216,3.97,3.92,3.99,3.91,19909000.0,78651504.0,2020,4,23,9,45,2020-04-23 09:45
217,3.92,3.95,3.98,3.92,10561100.0,41741096.0,2020,4,23,10,0,2020-04-23 10:00
218,3.94,3.93,3.95,3.92,5002500.0,19677400.0,2020,4,23,10,15,2020-04-23 10:15
219,3.94,3.91,3.94,3.91,5067600.0,19877152.0,2020,4,23,10,30,2020-04-23 10:30
220,3.92,3.92,3.93,3.91,2593300.0,10175344.0,2020,4,23,10,45,2020-04-23 10:45
221,3.92,3.92,3.92,3.91,2847700.0,11149856.0,2020,4,23,11,0,2020-04-23 11:00
222,3.91,3.9,3.92,3.9,3826100.0,14950320.0,2020,4,23,11,15,2020-04-23 11:15
223,3.91,3.88,3.91,3.87,6471400.0,25157296.0,2020,4,23,11,30,2020-04-23 11:30
224,3.88,3.9,3.92,3.87,3502800.0,13647264.0,2020,4,23,13,15,2020-04-23 13:15
225,3.9,3.92,3.93,3.9,2964800.0,11608032.0,2020,4,23,13,30,2020-04-23 13:30
226,3.92,3.91,3.92,3.9,2201600.0,8607856.0,2020,4,23,13,45,2020-04-23 13:45
227,3.9,3.9,3.92,3.9,3200900.0,12504672.0,2020,4,23,14,0,2020-04-23 14:00
228,3.91,3.89,3.91,3.89,3386800.0,13203472.0,2020,4,23,14,15,2020-04-23 14:15
229,3.89,3.89,3.9,3.88,4846900.0,18836288.0,2020,4,23,14,30,2020-04-23 14:30
230,3.89,3.87,3.9,3.87,6557200.0,25452704.0,2020,4,23,14,45,2020-04-23 14:45
231,3.87,3.86,3.88,3.85,13914600.0,53750720.0,2020,4,23,15,0,2020-04-23 15:00
232,3.86,3.93,3.98,3.83,29529100.0,116184560.0,2020,4,24,9,45,2020-04-24 09:45
233,3.93,3.93,3.95,3.91,9059900.0,35593616.0,2020,4,24,10,0,2020-04-24 10:00
234,3.92,3.88,3.93,3.88,6246100.0,24369360.0,2020,4,24,10,15,2020-04-24 10:15
235,3.89,3.88,3.9,3.86,5816200.0,22568064.0,2020,4,24,10,30,2020-04-24 10:30
236,3.87,3.9,3.9,3.87,2774300.0,10786048.0,2020,4,24,10,45,2020-04-24 10:45
237,3.9,3.9,3.9,3.89,1667500.0,6495152.0,2020,4,24,11,0,2020-04-24 11:00
238,3.9,3.89,3.9,3.87,2559400.0,9938208.0,2020,4,24,11,15,2020-04-24 11:15
239,3.89,3.88,3.89,3.86,2208500.0,8557856.0,2020,4,24,11,30,2020-04-24 11:30
240,3.88,3.85,3.88,3.85,3287900.0,12692992.0,2020,4,24,13,15,2020-04-24 13:15
241,3.86,3.86,3.87,3.85,3326900.0,12835024.0,2020,4,24,13,30,2020-04-24 13:30
242,3.86,3.82,3.86,3.82,5948000.0,22848816.0,2020,4,24,13,45,2020-04-24 13:45
243,3.82,3.84,3.84,3.8,9581900.0,36490624.0,2020,4,24,14,0,2020-04-24 14:00
244,3.84,3.82,3.84,3.81,2943900.0,11246240.0,2020,4,24,14,15,2020-04-24 14:15
245,3.81,3.81,3.83,3.81,3829200.0,14627232.0,2020,4,24,14,30,2020-04-24 14:30
246,3.82,3.8,3.82,3.79,8136100.0,30918944.0,2020,4,24,14,45,2020-04-24 14:45
247,3.79,3.82,3.83,3.79,8315200.0,31700896.0,2020,4,24,15,0,2020-04-24 15:00
248,3.8,3.51,3.8,3.46,39627100.0,144079600.0,2020,4,27,9,45,2020-04-27 09:45
249,3.51,3.64,3.65,3.51,19190200.0,68969712.0,2020,4,27,10,0,2020-04-27 10:00
250,3.65,3.61,3.66,3.6,7584700.0,27532464.0,2020,4,27,10,15,2020-04-27 10:15
251,3.6,3.59,3.61,3.58,5965100.0,21431824.0,2020,4,27,10,30,2020-04-27 10:30
252,3.6,3.65,3.65,3.59,4039800.0,14597280.0,2020,4,27,10,45,2020-04-27 10:45
253,3.65,3.62,3.65,3.61,2667800.0,9672800.0,2020,4,27,11,0,2020-04-27 11:00
254,3.62,3.63,3.63,3.61,1885900.0,6820928.0,2020,4,27,11,15,2020-04-27 11:15
255,3.63,3.63,3.64,3.62,1721000.0,6241440.0,2020,4,27,11,30,2020-04-27 11:30
256,3.63,3.64,3.65,3.63,2251600.0,8197440.0,2020,4,27,13,15,2020-04-27 13:15
257,3.64,3.63,3.64,3.63,1529800.0,5561568.0,2020,4,27,13,30,2020-04-27 13:30
258,3.64,3.64,3.64,3.63,2607300.0,9480096.0,2020,4,27,13,45,2020-04-27 13:45
259,3.65,3.67,3.67,3.64,3183800.0,11620416.0,2020,4,27,14,0,2020-04-27 14:00
260,3.67,3.72,3.78,3.66,9015400.0,33628416.0,2020,4,27,14,15,2020-04-27 14:15
261,3.72,3.69,3.73,3.68,4030400.0,14919840.0,2020,4,27,14,30,2020-04-27 14:30
262,3.68,3.7,3.7,3.66,4399400.0,16210272.0,2020,4,27,14,45,2020-04-27 14:45
263,3.7,3.7,3.7,3.68,6973200.0,25758464.0,2020,4,27,15,0,2020-04-27 15:00
264,3.71,3.54,3.71,3.53,21797500.0,78715800.0,2020,4,28,9,45,2020-04-28 09:45
265,3.53,3.45,3.54,3.4,23215700.0,81075176.0,2020,4,28,10,0,2020-04-28 10:00
266,3.45,3.5,3.53,3.43,8157100.0,28453072.0,2020,4,28,10,15,2020-04-28 10:15
267,3.5,3.51,3.52,3.47,5294200.0,18541984.0,2020,4,28,10,30,2020-04-28 10:30
268,3.5,3.58,3.58,3.49,4840700.0,17145776.0,2020,4,28,10,45,2020-04-28 10:45
269,3.58,3.56,3.58,3.55,2682300.0,9540576.0,2020,4,28,11,0,2020-04-28 11:00
270,3.57,3.55,3.58,3.55,2714100.0,9677136.0,2020,4,28,11,15,2020-04-28 11:15
271,3.56,3.6,3.6,3.55,2566800.0,9188976.0,2020,4,28,11,30,2020-04-28 11:30
272,3.6,3.57,3.6,3.56,2471500.0,8841792.0,2020,4,28,13,15,2020-04-28 13:15
273,3.56,3.57,3.58,3.56,1585900.0,5655936.0,2020,4,28,13,30,2020-04-28 13:30
274,3.56,3.52,3.57,3.5,4097900.0,14456736.0,2020,4,28,13,45,2020-04-28 13:45
275,3.51,3.55,3.55,3.51,2632800.0,9272160.0,2020,4,28,14,0,2020-04-28 14:00
276,3.55,3.51,3.55,3.51,2514300.0,8867680.0,2020,4,28,14,15,2020-04-28 14:15
277,3.51,3.51,3.53,3.51,4427200.0,15568000.0,2020,4,28,14,30,2020-04-28 14:30
278,3.51,3.49,3.52,3.45,13457900.0,46772000.0,2020,4,28,14,45,2020-04-28 14:45
279,3.49,3.49,3.5,3.48,8789600.0,30656448.0,2020,4,28,15,0,2020-04-28 15:00
280,3.41,3.5,3.5,3.33,17131900.0,58237644.0,2020,4,29,9,45,2020-04-29 09:45
281,3.5,3.48,3.53,3.46,8327800.0,29119660.0,2020,4,29,10,0,2020-04-29 10:00
282,3.48,3.48,3.49,3.46,3927200.0,13617416.0,2020,4,29,10,15,2020-04-29 10:15
283,3.48,3.46,3.49,3.45,2805400.0,9728856.0,2020,4,29,10,30,2020-04-29 10:30
284,3.45,3.38,3.46,3.38,11651300.0,39658280.0,2020,4,29,10,45,2020-04-29 10:45
285,3.38,3.4,3.42,3.38,3909700.0,13294496.0,2020,4,29,11,0,2020-04-29 11:00
286,3.41,3.39,3.41,3.39,3363700.0,11433104.0,2020,4,29,11,15,2020-04-29 11:15
287,3.39,3.37,3.39,3.36,5714300.0,19251296.0,2020,4,29,11,30,2020-04-29 11:30
288,3.38,3.39,3.4,3.37,3984300.0,13506112.0,2020,4,29,13,15,2020-04-29 13:15
289,3.39,3.36,3.39,3.36,2957200.0,9971968.0,2020,4,29,13,30,2020-04-29 13:30
290,3.36,3.37,3.37,3.34,7939200.0,26624048.0,2020,4,29,13,45,2020-04-29 13:45
291,3.36,3.37,3.37,3.35,3247300.0,10910512.0,2020,4,29,14,0,2020-04-29 14:00
292,3.36,3.35,3.37,3.35,3346100.0,11242016.0,2020,4,29,14,15,2020-04-29 14:15
293,3.35,3.38,3.38,3.34,6783900.0,22755760.0,2020,4,29,14,30,2020-04-29 14:30
294,3.38,3.35,3.38,3.35,6202300.0,20846624.0,2020,4,29,14,45,2020-04-29 14:45
295,3.35,3.34,3.35,3.32,15400500.0,51331264.0,2020,4,29,15,0,2020-04-29 15:00
296,3.4,3.47,3.52,3.4,31522000.0,109288360.0,2020,4,30,9,45,2020-04-30 09:45
297,3.48,3.47,3.49,3.44,10849100.0,37579336.0,2020,4,30,10,0,2020-04-30 10:00
298,3.47,3.52,3.54,3.46,16713100.0,58499472.0,2020,4,30,10,15,2020-04-30 10:15
299,3.52,3.5,3.53,3.49,6459400.0,22673104.0,2020,4,30,10,30,2020-04-30 10:30
300,3.5,3.5,3.51,3.49,3432500.0,12025824.0,2020,4,30,10,45,2020-04-30 10:45
301,3.5,3.49,3.51,3.49,3395100.0,11880592.0,2020,4,30,11,0,2020-04-30 11:00
302,3.5,3.51,3.53,3.49,6216200.0,21840256.0,2020,4,30,11,15,2020-04-30 11:15
303,3.52,3.51,3.53,3.5,2503000.0,8794272.0,2020,4,30,11,30,2020-04-30 11:30
304,3.51,3.52,3.54,3.51,5117800.0,18052704.0,2020,4,30,13,15,2020-04-30 13:15
305,3.52,3.51,3.52,3.5,3290900.0,11551136.0,2020,4,30,13,30,2020-04-30 13:30
306,3.52,3.5,3.52,3.5,2623700.0,9208192.0,2020,4,30,13,45,2020-04-30 13:45
307,3.5,3.52,3.52,3.5,2071500.0,7275648.0,2020,4,30,14,0,2020-04-30 14:00
308,3.52,3.51,3.52,3.51,2288500.0,8040384.0,2020,4,30,14,15,2020-04-30 14:15
309,3.51,3.51,3.52,3.5,4066200.0,14275712.0,2020,4,30,14,30,2020-04-30 14:30
310,3.51,3.57,3.59,3.51,24698300.0,87896320.0,2020,4,30,14,45,2020-04-30 14:45
311,3.57,3.54,3.57,3.53,9842500.0,34942752.0,2020,4,30,15,0,2020-04-30 15:00
312,3.44,3.49,3.54,3.44,21760900.0,75902592.0,2020,5,6,9,45,2020-05-06 09:45
313,3.49,3.5,3.5,3.46,8347100.0,29050560.0,2020,5,6,10,0,2020-05-06 10:00
314,3.5,3.51,3.53,3.49,4970000.0,17453136.0,2020,5,6,10,15,2020-05-06 10:15
315,3.51,3.5,3.51,3.49,2633200.0,9223072.0,2020,5,6,10,30,2020-05-06 10:30
316,3.51,3.48,3.51,3.48,5061400.0,17712016.0,2020,5,6,10,45,2020-05-06 10:45
317,3.48,3.49,3.5,3.48,3322700.0,11584944.0,2020,5,6,11,0,2020-05-06 11:00
318,3.49,3.53,3.53,3.49,4581600.0,16065776.0,2020,5,6,11,15,2020-05-06 11:15
319,3.53,3.52,3.53,3.51,3222800.0,11343536.0,2020,5,6,11,30,2020-05-06 11:30
320,3.52,3.56,3.58,3.52,9035500.0,32107232.0,2020,5,6,13,15,2020-05-06 13:15
321,3.56,3.53,3.57,3.53,4325200.0,15338000.0,2020,5,6,13,30,2020-05-06 13:30
322,3.54,3.53,3.55,3.53,2736600.0,9691872.0,2020,5,6,13,45,2020-05-06 13:45
323,3.53,3.57,3.57,3.53,4929200.0,17502848.0,2020,5,6,14,0,2020-05-06 14:00
324,3.56,3.61,3.63,3.54,15641100.0,56111456.0,2020,5,6,14,15,2020-05-06 14:15
325,3.61,3.56,3.62,3.56,8530200.0,30606816.0,2020,5,6,14,30,2020-05-06 14:30
326,3.57,3.57,3.58,3.56,4496600.0,16052352.0,2020,5,6,14,45,2020-05-06 14:45
327,3.57,3.57,3.58,3.57,9591700.0,34275296.0,2020,5,6,15,0,2020-05-06 15:00
328,3.57,3.52,3.57,3.5,17187700.0,60591588.0,2020,5,7,9,45,2020-05-07 09:45
329,3.52,3.52,3.53,3.5,9923600.0,34818580.0,2020,5,7,10,0,2020-05-07 10:00
330,3.52,3.49,3.52,3.48,9073600.0,31787768.0,2020,5,7,10,15,2020-05-07 10:15
331,3.48,3.5,3.51,3.48,5322400.0,18582848.0,2020,5,7,10,30,2020-05-07 10:30
332,3.5,3.52,3.52,3.49,3880800.0,13597008.0,2020,5,7,10,45,2020-05-07 10:45
333,3.52,3.53,3.55,3.51,3754100.0,13264800.0,2020,5,7,11,0,2020-05-07 11:00
334,3.53,3.58,3.58,3.52,7706900.0,27497792.0,2020,5,7,11,15,2020-05-07 11:15
335,3.59,3.58,3.6,3.57,5074500.0,18186096.0,2020,5,7,11,30,2020-05-07 11:30
336,3.59,3.54,3.59,3.53,3828500.0,13633568.0,2020,5,7,13,15,2020-05-07 13:15
337,3.54,3.52,3.54,3.51,3066300.0,10810624.0,2020,5,7,13,30,2020-05-07 13:30
338,3.52,3.54,3.54,3.52,2058200.0,7256192.0,2020,5,7,13,45,2020-05-07 13:45
339,3.54,3.53,3.54,3.52,1723800.0,6089088.0,2020,5,7,14,0,2020-05-07 14:00
340,3.54,3.54,3.55,3.53,1902000.0,6729232.0,2020,5,7,14,15,2020-05-07 14:15
341,3.54,3.53,3.55,3.53,2097100.0,7412384.0,2020,5,7,14,30,2020-05-07 14:30
342,3.53,3.52,3.54,3.51,6334900.0,22293728.0,2020,5,7,14,45,2020-05-07 14:45
343,3.52,3.52,3.53,3.52,8219800.0,28946400.0,2020,5,7,15,0,2020-05-07 15:00
344,3.55,3.54,3.57,3.52,8108100.0,28717142.0,2020,5,8,9,45,2020-05-08 09:45
345,3.54,3.55,3.58,3.54,8451300.0,30098702.0,2020,5,8,10,0,2020-05-08 10:00
346,3.55,3.53,3.56,3.53,4628300.0,16386764.0,2020,5,8,10,15,2020-05-08 10:15
347,3.54,3.54,3.55,3.52,5916900.0,20899912.0,2020,5,8,10,30,2020-05-08 10:30
348,3.54,3.54,3.55,3.53,2186600.0,7739080.0,2020,5,8,10,45,2020-05-08 10:45
349,3.54,3.54,3.55,3.54,1695300.0,6005376.0,2020,5,8,11,0,2020-05-08 11:00
350,3.54,3.55,3.55,3.53,1815000.0,6429696.0,2020,5,8,11,15,2020-05-08 11:15
351,3.55,3.61,3.63,3.55,22706600.0,81568800.0,2020,5,8,11,30,2020-05-08 11:30
352,3.61,3.6,3.62,3.58,8201600.0,29534128.0,2020,5,8,13,15,2020-05-08 13:15
353,3.59,3.59,3.61,3.59,5289900.0,19047776.0,2020,5,8,13,30,2020-05-08 13:30
354,3.59,3.58,3.59,3.56,5110100.0,18267872.0,2020,5,8,13,45,2020-05-08 13:45
355,3.58,3.57,3.58,3.56,1997700.0,7133200.0,2020,5,8,14,0,2020-05-08 14:00
356,3.56,3.56,3.57,3.56,2707400.0,9651616.0,2020,5,8,14,15,2020-05-08 14:15
357,3.57,3.55,3.57,3.54,5519200.0,19620928.0,2020,5,8,14,30,2020-05-08 14:30
358,3.55,3.54,3.56,3.54,5582600.0,19820640.0,2020,5,8,14,45,2020-05-08 14:45
359,3.55,3.53,3.55,3.52,13847100.0,48915392.0,2020,5,8,15,0,2020-05-08 15:00
360,3.54,3.53,3.57,3.51,12367400.0,43770856.0,2020,5,11,9,45,2020-05-11 09:45
361,3.53,3.53,3.55,3.53,6013300.0,21283408.0,2020,5,11,10,0,2020-05-11 10:00
362,3.53,3.54,3.55,3.52,5982000.0,21123320.0,2020,5,11,10,15,2020-05-11 10:15
363,3.53,3.51,3.54,3.51,4168500.0,14700272.0,2020,5,11,10,30,2020-05-11 10:30
364,3.51,3.53,3.53,3.51,3217900.0,11321912.0,2020,5,11,10,45,2020-05-11 10:45
365,3.53,3.52,3.53,3.51,2165800.0,7626384.0,2020,5,11,11,0,2020-05-11 11:00
366,3.51,3.51,3.52,3.51,3187800.0,11202544.0,2020,5,11,11,15,2020-05-11 11:15
367,3.51,3.48,3.52,3.48,7114100.0,24893656.0,2020,5,11,11,30,2020-05-11 11:30
368,3.48,3.47,3.5,3.46,7868200.0,27373616.0,2020,5,11,13,15,2020-05-11 13:15
369,3.47,3.49,3.49,3.47,2938700.0,10215216.0,2020,5,11,13,30,2020-05-11 13:30
370,3.49,3.48,3.49,3.47,2449600.0,8513232.0,2020,5,11,13,45,2020-05-11 13:45
371,3.48,3.46,3.48,3.46,4098900.0,14212480.0,2020,5,11,14,0,2020-05-11 14:00
372,3.46,3.45,3.48,3.45,5277200.0,18284352.0,2020,5,11,14,15,2020-05-11 14:15
373,3.45,3.44,3.46,3.43,7610300.0,26187376.0,2020,5,11,14,30,2020-05-11 14:30
374,3.44,3.46,3.46,3.44,3368100.0,11618096.0,2020,5,11,14,45,2020-05-11 14:45
375,3.45,3.45,3.46,3.44,6745400.0,23281184.0,2020,5,11,15,0,2020-05-11 15:00
376,3.46,3.39,3.47,3.36,13616800.0,46410456.0,2020,5,12,9,45,2020-05-12 09:45
377,3.38,3.42,3.44,3.38,7900500.0,26929192.0,2020,5,12,10,0,2020-05-12 10:00
378,3.42,3.41,3.43,3.4,3963700.0,13521480.0,2020,5,12,10,15,2020-05-12 10:15
379,3.42,3.46,3.47,3.41,4792800.0,16472448.0,2020,5,12,10,30,2020-05-12 10:30
380,3.46,3.43,3.46,3.43,2735800.0,9424688.0,2020,5,12,10,45,2020-05-12 10:45
381,3.44,3.44,3.45,3.42,1850700.0,6361152.0,2020,5,12,11,0,2020-05-12 11:00
382,3.44,3.41,3.44,3.41,1418600.0,4854776.0,2020,5,12,11,15,2020-05-12 11:15
383,3.41,3.41,3.42,3.4,1570500.0,5353160.0,2020,5,12,11,30,2020-05-12 11:30
384,3.4,3.41,3.42,3.39,3131000.0,10656808.0,2020,5,12,13,15,2020-05-12 13:15
385,3.4,3.42,3.42,3.4,1573500.0,5365408.0,2020,5,12,13,30,2020-05-12 13:30
386,3.41,3.5,3.51,3.4,13195800.0,45811040.0,2020,5,12,13,45,2020-05-12 13:45
387,3.51,3.48,3.51,3.48,8618800.0,30118272.0,2020,5,12,14,0,2020-05-12 14:00
388,3.49,3.49,3.51,3.46,7023700.0,24494432.0,2020,5,12,14,15,2020-05-12 14:15
389,3.49,3.49,3.5,3.48,3187400.0,11129664.0,2020,5,12,14,30,2020-05-12 14:30
390,3.49,3.56,3.59,3.48,29661200.0,105470464.0,2020,5,12,14,45,2020-05-12 14:45
391,3.56,3.57,3.57,3.55,11430800.0,40735392.0,2020,5,12,15,0,2020-05-12 15:00
392,3.5,3.47,3.5,3.44,18840900.0,65396768.0,2020,5,13,9,45,2020-05-13 09:45
393,3.47,3.49,3.5,3.45,8059800.0,27970120.0,2020,5,13,10,0,2020-05-13 10:00
394,3.49,3.49,3.5,3.48,4795200.0,16746984.0,2020,5,13,10,15,2020-05-13 10:15
395,3.49,3.48,3.5,3.48,3686600.0,12849648.0,2020,5,13,10,30,2020-05-13 10:30
396,3.49,3.51,3.51,3.48,3158700.0,11036368.0,2020,5,13,10,45,2020-05-13 10:45
397,3.51,3.49,3.52,3.49,2160000.0,7572720.0,2020,5,13,11,0,2020-05-13 11:00
398,3.49,3.5,3.5,3.49,1261000.0,4405760.0,2020,5,13,11,15,2020-05-13 11:15
399,3.49,3.5,3.5,3.48,2045100.0,7134576.0,2020,5,13,11,30,2020-05-13 11:30
400,3.49,3.5,3.5,3.48,3336400.0,11653760.0,2020,5,13,13,15,2020-05-13 13:15
401,3.49,3.5,3.51,3.49,2532600.0,8868512.0,2020,5,13,13,30,2020-05-13 13:30
402,3.5,3.48,3.51,3.48,3321600.0,11601520.0,2020,5,13,13,45,2020-05-13 13:45
403,3.48,3.49,3.5,3.48,3096400.0,10790208.0,2020,5,13,14,0,2020-05-13 14:00
404,3.49,3.51,3.51,3.48,3326100.0,11634112.0,2020,5,13,14,15,2020-05-13 14:15
405,3.5,3.49,3.51,3.48,3329000.0,11628816.0,2020,5,13,14,30,2020-05-13 14:30
406,3.49,3.48,3.5,3.48,4739100.0,16540720.0,2020,5,13,14,45,2020-05-13 14:45
407,3.49,3.49,3.5,3.48,6425600.0,22435264.0,2020,5,13,15,0,2020-05-13 15:00
408,3.48,3.45,3.49,3.43,9321300.0,32156672.0,2020,5,14,9,45,2020-05-14 09:45
409,3.45,3.46,3.47,3.44,4401800.0,15189988.0,2020,5,14,10,0,2020-05-14 10:00
410,3.45,3.44,3.47,3.44,3404600.0,11753424.0,2020,5,14,10,15,2020-05-14 10:15
411,3.44,3.44,3.45,3.43,5214000.0,17925732.0,2020,5,14,10,30,2020-05-14 10:30
412,3.44,3.44,3.45,3.43,2469300.0,8497368.0,2020,5,14,10,45,2020-05-14 10:45
413,3.44,3.46,3.46,3.44,1500700.0,5175184.0,2020,5,14,11,0,2020-05-14 11:00
414,3.46,3.52,3.54,3.45,14342300.0,50319808.0,2020,5,14,11,15,2020-05-14 11:15
415,3.52,3.5,3.52,3.49,4219300.0,14782288.0,2020,5,14,11,30,2020-05-14 11:30
416,3.5,3.46,3.5,3.45,4622200.0,16074832.0,2020,5,14,13,15,2020-05-14 13:15
417,3.46,3.46,3.47,3.45,2235200.0,7724880.0,2020,5,14,13,30,2020-05-14 13:30
418,3.46,3.46,3.46,3.44,1576800.0,5444192.0,2020,5,14,13,45,2020-05-14 13:45
419,3.45,3.48,3.5,3.45,2754200.0,9583376.0,2020,5,14,14,0,2020-05-14 14:00
420,3.48,3.45,3.48,3.44,3640200.0,12575648.0,2020,5,14,14,15,2020-05-14 14:15
421,3.45,3.46,3.47,3.45,2455100.0,8486768.0,2020,5,14,14,30,2020-05-14 14:30
422,3.47,3.45,3.47,3.45,3567100.0,12325152.0,2020,5,14,14,45,2020-05-14 14:45
423,3.46,3.44,3.46,3.44,6608400.0,22763056.0,2020,5,14,15,0,2020-05-14 15:00
424,3.44,3.42,3.46,3.41,9810400.0,33669380.0,2020,5,15,9,45,2020-05-15 09:45
425,3.42,3.4,3.43,3.4,6573800.0,22445648.0,2020,5,15,10,0,2020-05-15 10:00
426,3.41,3.4,3.41,3.38,8125600.0,27572676.0,2020,5,15,10,15,2020-05-15 10:15
427,3.4,3.4,3.4,3.38,4508400.0,15271056.0,2020,5,15,10,30,2020-05-15 10:30
428,3.39,3.4,3.41,3.39,3095800.0,10510992.0,2020,5,15,10,45,2020-05-15 10:45
429,3.4,3.39,3.41,3.39,2586000.0,8793640.0,2020,5,15,11,0,2020-05-15 11:00
430,3.4,3.41,3.42,3.4,1901000.0,6478456.0,2020,5,15,11,15,2020-05-15 11:15
431,3.41,3.43,3.43,3.41,1338300.0,4583672.0,2020,5,15,11,30,2020-05-15 11:30
432,3.42,3.42,3.44,3.41,2617400.0,8969504.0,2020,5,15,13,15,2020-05-15 13:15
433,3.42,3.42,3.43,3.41,1897800.0,6487552.0,2020,5,15,13,30,2020-05-15 13:30
434,3.42,3.41,3.42,3.4,2511100.0,8557168.0,2020,5,15,13,45,2020-05-15 13:45
435,3.4,3.4,3.41,3.4,2369000.0,8061552.0,2020,5,15,14,0,2020-05-15 14:00
436,3.4,3.4,3.41,3.39,3843800.0,13051008.0,2020,5,15,14,15,2020-05-15 14:15
437,3.39,3.4,3.41,3.39,3739600.0,12709328.0,2020,5,15,14,30,2020-05-15 14:30
438,3.4,3.39,3.4,3.38,5608100.0,18988416.0,2020,5,15,14,45,2020-05-15 14:45
439,3.39,3.39,3.4,3.38,7727000.0,26200000.0,2020,5,15,15,0,2020-05-15 15:00
440,3.35,3.31,3.36,3.3,18608300.0,61815544.0,2020,5,18,9,45,2020-05-18 09:45
441,3.31,3.28,3.32,3.22,15866200.0,51923104.0,2020,5,18,10,0,2020-05-18 10:00
442,3.27,3.33,3.33,3.27,7223400.0,23906408.0,2020,5,18,10,15,2020-05-18 10:15
443,3.32,3.33,3.35,3.32,7167200.0,23879168.0,2020,5,18,10,30,2020-05-18 10:30
444,3.34,3.32,3.35,3.32,3175400.0,10596112.0,2020,5,18,10,45,2020-05-18 10:45
445,3.33,3.32,3.33,3.31,1670700.0,5546064.0,2020,5,18,11,0,2020-05-18 11:00
446,3.31,3.33,3.33,3.31,1997200.0,6629440.0,2020,5,18,11,15,2020-05-18 11:15
447,3.33,3.32,3.33,3.32,1754500.0,5828960.0,2020,5,18,11,30,2020-05-18 11:30
448,3.32,3.34,3.34,3.31,3518800.0,11696192.0,2020,5,18,13,15,2020-05-18 13:15
449,3.33,3.33,3.34,3.32,2002000.0,6670816.0,2020,5,18,13,30,2020-05-18 13:30
450,3.34,3.32,3.34,3.31,4218800.0,14017744.0,2020,5,18,13,45,2020-05-18 13:45
451,3.32,3.32,3.33,3.29,5953400.0,19705152.0,2020,5,18,14,0,2020-05-18 14:00
452,3.33,3.31,3.33,3.3,2334300.0,7737664.0,2020,5,18,14,15,2020-05-18 14:15
453,3.31,3.29,3.31,3.28,4103300.0,13504000.0,2020,5,18,14,30,2020-05-18 14:30
454,3.29,3.25,3.29,3.25,7897100.0,25803664.0,2020,5,18,14,45,2020-05-18 14:45
455,3.26,3.28,3.28,3.25,8292400.0,27092992.0,2020,5,18,15,0,2020-05-18 15:00
456,3.3,3.28,3.33,3.27,14191100.0,46683160.0,2020,5,19,9,45,2020-05-19 09:45
457,3.28,3.34,3.36,3.27,11494400.0,38154200.0,2020,5,19,10,0,2020-05-19 10:00
458,3.34,3.31,3.34,3.3,4795200.0,15926904.0,2020,5,19,10,15,2020-05-19 10:15
459,3.3,3.32,3.33,3.3,2845900.0,9425304.0,2020,5,19,10,30,2020-05-19 10:30
460,3.32,3.31,3.33,3.31,1361200.0,4511968.0,2020,5,19,10,45,2020-05-19 10:45
461,3.32,3.31,3.32,3.3,1485500.0,4914496.0,2020,5,19,11,0,2020-05-19 11:00
462,3.3,3.29,3.31,3.29,1809400.0,5968376.0,2020,5,19,11,15,2020-05-19 11:15
463,3.3,3.29,3.3,3.28,2531900.0,8313152.0,2020,5,19,11,30,2020-05-19 11:30
464,3.28,3.29,3.29,3.27,2913300.0,9555960.0,2020,5,19,13,15,2020-05-19 13:15
465,3.29,3.27,3.3,3.27,3351600.0,11005200.0,2020,5,19,13,30,2020-05-19 13:30
466,3.28,3.26,3.28,3.26,3088200.0,10106432.0,2020,5,19,13,45,2020-05-19 13:45
467,3.26,3.25,3.27,3.24,6337500.0,20614864.0,2020,5,19,14,0,2020-05-19 14:00
468,3.25,3.23,3.25,3.22,7047000.0,22805568.0,2020,5,19,14,15,2020-05-19 14:15
469,3.24,3.23,3.24,3.22,5402900.0,17456096.0,2020,5,19,14,30,2020-05-19 14:30
470,3.22,3.23,3.24,3.22,4965100.0,16044304.0,2020,5,19,14,45,2020-05-19 14:45
471,3.24,3.25,3.26,3.23,6439300.0,20889808.0,2020,5,19,15,0,2020-05-19 15:00
472,3.26,3.34,3.39,3.25,32750900.0,109285056.0,2020,5,20,9,45,2020-05-20 09:45
473,3.35,3.39,3.43,3.34,35916600.0,122096400.0,2020,5,20,10,0,2020-05-20 10:00
474,3.39,3.38,3.39,3.37,7198700.0,24351584.0,2020,5,20,10,15,2020-05-20 10:15
475,3.39,3.37,3.39,3.37,4725100.0,15970128.0,2020,5,20,10,30,2020-05-20 10:30
476,3.37,3.36,3.38,3.35,3340200.0,11232928.0,2020,5,20,10,45,2020-05-20 10:45
477,3.36,3.36,3.37,3.36,1803000.0,6067904.0,2020,5,20,11,0,2020-05-20 11:00
478,3.36,3.35,3.37,3.33,4513000.0,15109792.0,2020,5,20,11,15,2020-05-20 11:15
479,3.35,3.34,3.35,3.34,2271600.0,7595264.0,2020,5,20,11,30,2020-05-20 11:30
480,3.35,3.34,3.35,3.33,2282300.0,7626816.0,2020,5,20,13,15,2020-05-20 13:15
481,3.34,3.33,3.35,3.32,3821100.0,12743456.0,2020,5,20,13,30,2020-05-20 13:30
482,3.33,3.33,3.33,3.32,1515600.0,5039648.0,2020,5,20,13,45,2020-05-20 13:45
483,3.33,3.31,3.33,3.31,2858200.0,9482016.0,2020,5,20,14,0,2020-05-20 14:00
484,3.31,3.31,3.33,3.31,3177700.0,10541024.0,2020,5,20,14,15,2020-05-20 14:15
485,3.31,3.32,3.32,3.31,2201000.0,7294304.0,2020,5,20,14,30,2020-05-20 14:30
486,3.32,3.3,3.33,3.3,4962100.0,16437440.0,2020,5,20,14,45,2020-05-20 14:45
487,3.3,3.31,3.32,3.3,7000700.0,23176032.0,2020,5,20,15,0,2020-05-20 15:00
488,3.3,3.28,3.3,3.22,19306400.0,62847436.0,2020,5,21,9,45,2020-05-21 09:45
489,3.27,3.23,3.28,3.23,9158600.0,29741036.0,2020,5,21,10,0,2020-05-21 10:00
490,3.23,3.21,3.24,3.2,11568900.0,37284160.0,2020,5,21,10,15,2020-05-21 10:15
491,3.2,3.21,3.22,3.2,6409100.0,20570824.0,2020,5,21,10,30,2020-05-21 10:30
492,3.21,3.22,3.23,3.2,5083100.0,16320256.0,2020,5,21,10,45,2020-05-21 10:45
493,3.22,3.22,3.22,3.2,3268900.0,10499392.0,2020,5,21,11,0,2020-05-21 11:00
494,3.21,3.21,3.22,3.2,2000700.0,6422800.0,2020,5,21,11,15,2020-05-21 11:15
495,3.21,3.19,3.21,3.18,5958300.0,19041824.0,2020,5,21,11,30,2020-05-21 11:30
496,3.19,3.17,3.2,3.17,4393000.0,13990752.0,2020,5,21,13,15,2020-05-21 13:15
497,3.17,3.18,3.19,3.16,5686800.0,18028624.0,2020,5,21,13,30,2020-05-21 13:30
498,3.18,3.17,3.18,3.16,4768400.0,15095696.0,2020,5,21,13,45,2020-05-21 13:45
499,3.16,3.17,3.18,3.15,5563400.0,17585856.0,2020,5,21,14,0,2020-05-21 14:00
500,3.17,3.16,3.18,3.15,4151400.0,13117776.0,2020,5,21,14,15,2020-05-21 14:15
501,3.15,3.14,3.16,3.14,5061700.0,15923616.0,2020,5,21,14,30,2020-05-21 14:30
502,3.15,3.13,3.15,3.1,10799200.0,33749184.0,2020,5,21,14,45,2020-05-21 14:45
503,3.12,3.15,3.15,3.12,7071100.0,22191328.0,2020,5,21,15,0,2020-05-21 15:00
504,3.11,3.05,3.11,3.03,16058900.0,49104792.0,2020,5,22,9,45,2020-05-22 09:45
505,3.05,3.1,3.1,3.04,7150100.0,21855808.0,2020,5,22,10,0,2020-05-22 10:00
506,3.09,3.08,3.1,3.07,4192500.0,12922472.0,2020,5,22,10,15,2020-05-22 10:15
507,3.08,3.05,3.08,3.05,3032600.0,9283880.0,2020,5,22,10,30,2020-05-22 10:30
508,3.05,3.05,3.06,3.04,2409300.0,7351344.0,2020,5,22,10,45,2020-05-22 10:45
509,3.06,3.04,3.06,3.04,1793100.0,5464592.0,2020,5,22,11,0,2020-05-22 11:00
510,3.04,3.05,3.06,3.04,1485300.0,4532664.0,2020,5,22,11,15,2020-05-22 11:15
511,3.06,3.05,3.06,3.04,1576200.0,4799544.0,2020,5,22,11,30,2020-05-22 11:30
512,3.04,3.02,3.05,3.01,5226000.0,15819352.0,2020,5,22,13,15,2020-05-22 13:15
513,3.02,3.0,3.02,2.98,9597100.0,28791008.0,2020,5,22,13,30,2020-05-22 13:30
514,3.01,3.01,3.03,3.0,3322400.0,10021504.0,2020,5,22,13,45,2020-05-22 13:45
515,3.02,3.01,3.02,3.01,1971200.0,5940048.0,2020,5,22,14,0,2020-05-22 14:00
516,3.01,3.04,3.05,3.01,3394300.0,10285520.0,2020,5,22,14,15,2020-05-22 14:15
517,3.04,3.04,3.05,3.03,2928700.0,8894880.0,2020,5,22,14,30,2020-05-22 14:30
518,3.04,3.02,3.05,3.02,3247100.0,9843888.0,2020,5,22,14,45,2020-05-22 14:45
519,3.02,3.02,3.03,3.01,5240100.0,15809488.0,2020,5,22,15,0,2020-05-22 15:00
520,3.02,3.04,3.06,3.02,7555600.0,22970390.0,2020,5,25,9,45,2020-05-25 09:45
521,3.04,3.05,3.05,3.03,3114600.0,9460974.0,2020,5,25,10,0,2020-05-25 10:00
522,3.05,3.04,3.06,3.03,4660800.0,14219872.0,2020,5,25,10,15,2020-05-25 10:15
523,3.03,3.03,3.04,3.02,2822100.0,8539844.0,2020,5,25,10,30,2020-05-25 10:30
524,3.02,3.0,3.03,3.0,2386900.0,7197548.0,2020,5,25,10,45,2020-05-25 10:45
525,3.0,3.01,3.02,3.0,2101100.0,6320076.0,2020,5,25,11,0,2020-05-25 11:00
526,3.02,3.02,3.02,3.01,732900.0,2210040.0,2020,5,25,11,15,2020-05-25 11:15
527,3.02,3.03,3.03,3.01,1090800.0,3295200.0,2020,5,25,11,30,2020-05-25 11:30
528,3.03,3.02,3.03,3.02,940600.0,2848120.0,2020,5,25,13,15,2020-05-25 13:15
529,3.03,3.02,3.03,3.02,1148500.0,3472472.0,2020,5,25,13,30,2020-05-25 13:30
530,3.02,3.02,3.03,3.01,1229100.0,3709080.0,2020,5,25,13,45,2020-05-25 13:45
531,3.01,3.01,3.03,3.01,2598300.0,7848752.0,2020,5,25,14,0,2020-05-25 14:00
532,3.02,3.0,3.02,3.0,1875000.0,5644432.0,2020,5,25,14,15,2020-05-25 14:15
533,3.0,3.0,3.01,3.0,1877900.0,5638208.0,2020,5,25,14,30,2020-05-25 14:30
534,3.01,3.02,3.02,3.0,2664800.0,8011536.0,2020,5,25,14,45,2020-05-25 14:45
535,3.02,3.02,3.02,3.0,3875500.0,11662136.0,2020,5,25,15,0,2020-05-25 15:00
536,3.03,3.05,3.07,3.03,7507000.0,22889048.0,2020,5,26,9,45,2020-05-26 09:45
537,3.04,3.05,3.07,3.04,4176100.0,12764996.0,2020,5,26,10,0,2020-05-26 10:00
538,3.06,3.05,3.06,3.04,2562400.0,7815000.0,2020,5,26,10,15,2020-05-26 10:15
539,3.05,3.16,3.23,3.04,36342200.0,114117944.0,2020,5,26,10,30,2020-05-26 10:30
540,3.16,3.15,3.17,3.13,7501800.0,23622400.0,2020,5,26,10,45,2020-05-26 10:45
541,3.15,3.13,3.15,3.13,2891400.0,9076512.0,2020,5,26,11,0,2020-05-26 11:00
542,3.14,3.14,3.15,3.13,1828900.0,5748736.0,2020,5,26,11,15,2020-05-26 11:15
543,3.14,3.13,3.15,3.13,1979000.0,6205552.0,2020,5,26,11,30,2020-05-26 11:30
544,3.14,3.14,3.15,3.13,1565000.0,4918336.0,2020,5,26,13,15,2020-05-26 13:15
545,3.14,3.13,3.14,3.13,1194600.0,3746752.0,2020,5,26,13,30,2020-05-26 13:30
546,3.14,3.14,3.14,3.13,1862100.0,5836800.0,2020,5,26,13,45,2020-05-26 13:45
547,3.13,3.13,3.14,3.13,1145600.0,3591712.0,2020,5,26,14,0,2020-05-26 14:00
548,3.13,3.12,3.14,3.12,2121100.0,6642096.0,2020,5,26,14,15,2020-05-26 14:15
549,3.13,3.13,3.13,3.12,1411800.0,4409696.0,2020,5,26,14,30,2020-05-26 14:30
550,3.12,3.12,3.13,3.12,3289200.0,10270432.0,2020,5,26,14,45,2020-05-26 14:45
551,3.12,3.11,3.13,3.1,6731700.0,20938144.0,2020,5,26,15,0,2020-05-26 15:00
552,3.1,3.09,3.12,3.06,12633700.0,38971740.0,2020,5,27,9,45,2020-05-27 09:45
553,3.09,3.09,3.1,3.07,6556500.0,20194652.0,2020,5,27,10,0,2020-05-27 10:00
554,3.09,3.05,3.09,3.05,4984700.0,15274912.0,2020,5,27,10,15,2020-05-27 10:15
555,3.05,3.05,3.06,3.03,6769200.0,20622136.0,2020,5,27,10,30,2020-05-27 10:30
556,3.04,3.04,3.05,3.03,2880300.0,8748080.0,2020,5,27,10,45,2020-05-27 10:45
557,3.04,3.03,3.04,3.02,3244800.0,9836976.0,2020,5,27,11,0,2020-05-27 11:00
558,3.03,3.04,3.04,3.03,1539700.0,4670800.0,2020,5,27,11,15,2020-05-27 11:15
559,3.03,3.05,3.06,3.03,2380700.0,7238680.0,2020,5,27,11,30,2020-05-27 11:30
560,3.05,3.07,3.07,3.04,2056800.0,6282696.0,2020,5,27,13,15,2020-05-27 13:15
561,3.06,3.05,3.07,3.05,1361800.0,4164352.0,2020,5,27,13,30,2020-05-27 13:30
562,3.05,3.05,3.06,3.04,1811700.0,5519600.0,2020,5,27,13,45,2020-05-27 13:45
563,3.04,3.04,3.05,3.04,1477600.0,4496480.0,2020,5,27,14,0,2020-05-27 14:00
564,3.04,3.04,3.05,3.03,1833500.0,5571104.0,2020,5,27,14,15,2020-05-27 14:15
565,3.05,3.04,3.05,3.03,2599300.0,7894608.0,2020,5,27,14,30,2020-05-27 14:30
566,3.03,3.03,3.04,3.03,1920700.0,5826656.0,2020,5,27,14,45,2020-05-27 14:45
567,3.03,3.02,3.04,3.02,5888400.0,17815200.0,2020,5,27,15,0,2020-05-27 15:00
568,3.03,3.05,3.05,3.01,6534500.0,19760148.0,2020,5,28,9,45,2020-05-28 09:45
569,3.05,3.03,3.05,3.02,3706700.0,11255296.0,2020,5,28,10,0,2020-05-28 10:00
570,3.02,3.03,3.03,3.02,2317100.0,7003668.0,2020,5,28,10,15,2020-05-28 10:15
571,3.02,3.0,3.03,3.0,3241000.0,9752792.0,2020,5,28,10,30,2020-05-28 10:30
572,3.01,2.99,3.01,2.99,2713400.0,8139368.0,2020,5,28,10,45,2020-05-28 10:45
573,2.99,3.0,3.0,2.98,3593400.0,10734264.0,2020,5,28,11,0,2020-05-28 11:00
574,2.99,2.99,3.0,2.98,2046500.0,6110312.0,2020,5,28,11,15,2020-05-28 11:15
575,2.98,2.96,2.99,2.94,5665100.0,16784144.0,2020,5,28,11,30,2020-05-28 11:30
576,2.96,2.97,2.97,2.94,3645900.0,10765176.0,2020,5,28,13,15,2020-05-28 13:15
577,2.97,2.96,2.97,2.95,1607100.0,4752768.0,2020,5,28,13,30,2020-05-28 13:30
578,2.96,2.95,2.97,2.95,1773500.0,5252256.0,2020,5,28,13,45,2020-05-28 13:45
579,2.96,2.95,2.97,2.95,2088100.0,6173592.0,2020,5,28,14,0,2020-05-28 14:00
580,2.95,2.96,2.96,2.94,3419200.0,10089544.0,2020,5,28,14,15,2020-05-28 14:15
581,2.95,2.97,2.99,2.95,6411900.0,19054976.0,2020,5,28,14,30,2020-05-28 14:30
582,2.97,2.99,2.99,2.96,4213500.0,12538528.0,2020,5,28,14,45,2020-05-28 14:45
583,2.98,2.98,2.99,2.97,4843200.0,14432192.0,2020,5,28,15,0,2020-05-28 15:00
584,2.99,3.05,3.09,2.99,20916800.0,63802796.0,2020,5,29,9,45,2020-05-29 09:45
585,3.06,3.04,3.06,3.03,4362200.0,13275716.0,2020,5,29,10,0,2020-05-29 10:00
586,3.03,3.03,3.04,3.03,1756700.0,5331768.0,2020,5,29,10,15,2020-05-29 10:15
587,3.03,3.03,3.04,3.03,1923300.0,5837472.0,2020,5,29,10,30,2020-05-29 10:30
588,3.04,3.04,3.04,3.03,2241900.0,6798152.0,2020,5,29,10,45,2020-05-29 10:45
589,3.03,3.03,3.04,3.03,1373600.0,4168320.0,2020,5,29,11,0,2020-05-29 11:00
590,3.03,3.02,3.04,3.01,2712900.0,8202192.0,2020,5,29,11,15,2020-05-29 11:15
591,3.01,3.01,3.02,3.0,2841300.0,8555824.0,2020,5,29,11,30,2020-05-29 11:30
592,3.01,3.01,3.02,3.01,1140400.0,3435744.0,2020,5,29,13,15,2020-05-29 13:15
593,3.01,3.01,3.02,3.01,864600.0,2606024.0,2020,5,29,13,30,2020-05-29 13:30
594,3.01,3.02,3.02,3.01,1373000.0,4138232.0,2020,5,29,13,45,2020-05-29 13:45
595,3.01,3.01,3.02,3.01,880900.0,2653792.0,2020,5,29,14,0,2020-05-29 14:00
596,3.01,3.02,3.02,3.01,922300.0,2778728.0,2020,5,29,14,15,2020-05-29 14:15
597,3.01,3.01,3.02,3.0,2268700.0,6822728.0,2020,5,29,14,30,2020-05-29 14:30
598,3.0,3.01,3.02,3.0,3310500.0,9958752.0,2020,5,29,14,45,2020-05-29 14:45
599,3.01,3.01,3.02,3.0,3686800.0,11087888.0,2020,5,29,15,0,2020-05-29 15:00
600,3.03,3.05,3.06,3.02,11227000.0,34134288.0,2020,6,1,9,45,2020-06-01 09:45
601,3.05,3.06,3.08,3.04,11326100.0,34731880.0,2020,6,1,10,0,2020-06-01 10:00
602,3.06,3.07,3.07,3.05,5554600.0,17005448.0,2020,6,1,10,15,2020-06-01 10:15
603,3.06,3.07,3.07,3.05,3252500.0,9964360.0,2020,6,1,10,30,2020-06-01 10:30
604,3.06,3.12,3.16,3.06,31433100.0,98269416.0,2020,6,1,10,45,2020-06-01 10:45
605,3.13,3.12,3.13,3.11,3741200.0,11681680.0,2020,6,1,11,0,2020-06-01 11:00
606,3.12,3.12,3.13,3.11,2834900.0,8852192.0,2020,6,1,11,15,2020-06-01 11:15
607,3.11,3.12,3.13,3.11,1809900.0,5644224.0,2020,6,1,11,30,2020-06-01 11:30
608,3.13,3.2,3.21,3.12,19016700.0,60415040.0,2020,6,1,13,15,2020-06-01 13:15
609,3.2,3.31,3.31,3.2,40142700.0,132017376.0,2020,6,1,13,30,2020-06-01 13:30
610,3.31,3.31,3.31,3.31,3243600.0,10736320.0,2020,6,1,13,45,2020-06-01 13:45
611,3.31,3.31,3.31,3.31,2140400.0,7084736.0,2020,6,1,14,0,2020-06-01 14:00
612,3.31,3.31,3.31,3.31,4154700.0,13752032.0,2020,6,1,14,15,2020-06-01 14:15
613,3.31,3.31,3.31,3.31,2317900.0,7672256.0,2020,6,1,14,30,2020-06-01 14:30
614,3.31,3.31,3.31,3.31,1110100.0,3674432.0,2020,6,1,14,45,2020-06-01 14:45
615,3.31,3.31,3.31,3.31,1424100.0,4713760.0,2020,6,1,15,0,2020-06-01 15:00
616,3.36,3.25,3.36,3.23,64704000.0,212766160.0,2020,6,2,9,45,2020-06-02 09:45
617,3.25,3.24,3.25,3.2,26167800.0,84241296.0,2020,6,2,10,0,2020-06-02 10:00
618,3.24,3.22,3.25,3.22,8782800.0,28398784.0,2020,6,2,10,15,2020-06-02 10:15
619,3.22,3.23,3.23,3.2,7684600.0,24705440.0,2020,6,2,10,30,2020-06-02 10:30
620,3.23,3.23,3.25,3.22,4890600.0,15817120.0,2020,6,2,10,45,2020-06-02 10:45
621,3.24,3.22,3.25,3.22,3493100.0,11296992.0,2020,6,2,11,0,2020-06-02 11:00
622,3.23,3.22,3.23,3.22,2261400.0,7294112.0,2020,6,2,11,15,2020-06-02 11:15
623,3.22,3.23,3.23,3.21,2889500.0,9297344.0,2020,6,2,11,30,2020-06-02 11:30
624,3.23,3.23,3.23,3.22,2555400.0,8244000.0,2020,6,2,13,15,2020-06-02 13:15
625,3.23,3.22,3.25,3.21,5007900.0,16176256.0,2020,6,2,13,30,2020-06-02 13:30
626,3.22,3.21,3.23,3.21,3018800.0,9722048.0,2020,6,2,13,45,2020-06-02 13:45
627,3.22,3.24,3.24,3.21,3533800.0,11399072.0,2020,6,2,14,0,2020-06-02 14:00
628,3.24,3.22,3.24,3.22,3559200.0,11491840.0,2020,6,2,14,15,2020-06-02 14:15
629,3.23,3.21,3.23,3.2,8515800.0,27352288.0,2020,6,2,14,30,2020-06-02 14:30
630,3.2,3.19,3.21,3.18,11723400.0,37432672.0,2020,6,2,14,45,2020-06-02 14:45
631,3.19,3.19,3.2,3.18,11338000.0,36147104.0,2020,6,2,15,0,2020-06-02 15:00
632,3.23,3.21,3.25,3.17,21051300.0,67721504.0,2020,6,3,9,45,2020-06-03 09:45
633,3.21,3.2,3.22,3.19,6084500.0,19486216.0,2020,6,3,10,0,2020-06-03 10:00
634,3.19,3.2,3.21,3.19,4472400.0,14314112.0,2020,6,3,10,15,2020-06-03 10:15
635,3.21,3.2,3.21,3.19,4743600.0,15175520.0,2020,6,3,10,30,2020-06-03 10:30
636,3.19,3.19,3.2,3.18,2911800.0,9275992.0,2020,6,3,10,45,2020-06-03 10:45
637,3.19,3.19,3.19,3.18,2697200.0,8587056.0,2020,6,3,11,0,2020-06-03 11:00
638,3.18,3.2,3.21,3.18,4393800.0,14046176.0,2020,6,3,11,15,2020-06-03 11:15
639,3.2,3.2,3.21,3.19,1721000.0,5512448.0,2020,6,3,11,30,2020-06-03 11:30
640,3.21,3.2,3.21,3.2,2509100.0,8036768.0,2020,6,3,13,15,2020-06-03 13:15
641,3.21,3.21,3.22,3.2,2891100.0,9282832.0,2020,6,3,13,30,2020-06-03 13:30
642,3.21,3.29,3.34,3.2,41786400.0,137441760.0,2020,6,3,13,45,2020-06-03 13:45
643,3.29,3.28,3.31,3.27,9282000.0,30558624.0,2020,6,3,14,0,2020-06-03 14:00
644,3.29,3.28,3.3,3.28,6459500.0,21239936.0,2020,6,3,14,15,2020-06-03 14:15
645,3.28,3.24,3.28,3.24,5911500.0,19265344.0,2020,6,3,14,30,2020-06-03 14:30
646,3.24,3.24,3.26,3.23,5773800.0,18722720.0,2020,6,3,14,45,2020-06-03 14:45
647,3.24,3.25,3.25,3.23,8746000.0,28353664.0,2020,6,3,15,0,2020-06-03 15:00
648,3.23,3.21,3.25,3.21,15736100.0,50823920.0,2020,6,4,9,45,2020-06-04 09:45
649,3.23,3.24,3.24,3.21,6630900.0,21362704.0,2020,6,4,10,0,2020-06-04 10:00
650,3.23,3.23,3.24,3.22,4278500.0,13800392.0,2020,6,4,10,15,2020-06-04 10:15
651,3.23,3.22,3.23,3.21,4025100.0,12959584.0,2020,6,4,10,30,2020-06-04 10:30
652,3.22,3.21,3.23,3.21,2691400.0,8662432.0,2020,6,4,10,45,2020-06-04 10:45
653,3.21,3.2,3.22,3.2,3528400.0,11313576.0,2020,6,4,11,0,2020-06-04 11:00
654,3.2,3.19,3.21,3.19,4975800.0,15927360.0,2020,6,4,11,15,2020-06-04 11:15
655,3.19,3.22,3.22,3.19,2210400.0,7079312.0,2020,6,4,11,30,2020-06-04 11:30
656,3.22,3.31,3.31,3.21,7884600.0,25751952.0,2020,6,4,13,15,2020-06-04 13:15
657,3.31,3.29,3.33,3.28,19719100.0,65145008.0,2020,6,4,13,30,2020-06-04 13:30
658,3.3,3.26,3.3,3.26,5222500.0,17130976.0,2020,6,4,13,45,2020-06-04 13:45
659,3.26,3.26,3.28,3.26,2719500.0,8896096.0,2020,6,4,14,0,2020-06-04 14:00
660,3.26,3.27,3.28,3.26,3035300.0,9938592.0,2020,6,4,14,15,2020-06-04 14:15
661,3.27,3.27,3.28,3.27,2710900.0,8872192.0,2020,6,4,14,30,2020-06-04 14:30
662,3.27,3.26,3.28,3.26,3905200.0,12746816.0,2020,6,4,14,45,2020-06-04 14:45
663,3.26,3.27,3.27,3.25,7583700.0,24723616.0,2020,6,4,15,0,2020-06-04 15:00
664,3.24,3.21,3.26,3.2,12316500.0,39688452.0,2020,6,5,9,45,2020-06-05 09:45
665,3.21,3.2,3.21,3.18,7663500.0,24494204.0,2020,6,5,10,0,2020-06-05 10:00
666,3.21,3.22,3.22,3.2,4153100.0,13299704.0,2020,6,5,10,15,2020-06-05 10:15
667,3.22,3.21,3.23,3.21,2722700.0,8778040.0,2020,6,5,10,30,2020-06-05 10:30
668,3.21,3.22,3.23,3.2,1627100.0,5238560.0,2020,6,5,10,45,2020-06-05 10:45
669,3.22,3.21,3.23,3.21,1335400.0,4295504.0,2020,6,5,11,0,2020-06-05 11:00
670,3.21,3.21,3.22,3.2,1780300.0,5712752.0,2020,6,5,11,15,2020-06-05 11:15
671,3.21,3.2,3.22,3.2,1254500.0,4025208.0,2020,6,5,11,30,2020-06-05 11:30
672,3.2,3.2,3.22,3.2,1659800.0,5326512.0,2020,6,5,13,15,2020-06-05 13:15
673,3.2,3.22,3.22,3.2,1702500.0,5459400.0,2020,6,5,13,30,2020-06-05 13:30
674,3.21,3.2,3.23,3.2,2158700.0,6948768.0,2020,6,5,13,45,2020-06-05 13:45
675,3.2,3.22,3.22,3.2,2265000.0,7260720.0,2020,6,5,14,0,2020-06-05 14:00
676,3.22,3.2,3.22,3.2,2017300.0,6478288.0,2020,6,5,14,15,2020-06-05 14:15
677,3.21,3.21,3.22,3.2,1940600.0,6227904.0,2020,6,5,14,30,2020-06-05 14:30
678,3.21,3.21,3.22,3.2,2859600.0,9167088.0,2020,6,5,14,45,2020-06-05 14:45
679,3.2,3.2,3.21,3.19,6776100.0,21698528.0,2020,6,5,15,0,2020-06-05 15:00
680,3.22,3.18,3.23,3.18,8359500.0,26740864.0,2020,6,8,9,45,2020-06-08 09:45
681,3.19,3.19,3.2,3.16,8285700.0,26311464.0,2020,6,8,10,0,2020-06-08 10:00
682,3.19,3.19,3.21,3.18,3472400.0,11106416.0,2020,6,8,10,15,2020-06-08 10:15
683,3.19,3.19,3.2,3.18,2263800.0,7205256.0,2020,6,8,10,30,2020-06-08 10:30
684,3.19,3.19,3.2,3.17,2080500.0,6612200.0,2020,6,8,10,45,2020-06-08 10:45
685,3.2,3.19,3.2,3.19,1180200.0,3769624.0,2020,6,8,11,0,2020-06-08 11:00
686,3.19,3.2,3.21,3.19,2716500.0,8681928.0,2020,6,8,11,15,2020-06-08 11:15
687,3.19,3.21,3.22,3.19,2736800.0,8775976.0,2020,6,8,11,30,2020-06-08 11:30
688,3.21,3.2,3.21,3.19,1162300.0,3722744.0,2020,6,8,13,15,2020-06-08 13:15
689,3.19,3.19,3.2,3.18,1915800.0,6107872.0,2020,6,8,13,30,2020-06-08 13:30
690,3.2,3.19,3.2,3.18,1802700.0,5748512.0,2020,6,8,13,45,2020-06-08 13:45
691,3.2,3.18,3.2,3.17,2307800.0,7342232.0,2020,6,8,14,0,2020-06-08 14:00
692,3.18,3.18,3.19,3.17,1652300.0,5252200.0,2020,6,8,14,15,2020-06-08 14:15
693,3.17,3.18,3.19,3.17,1537800.0,4884600.0,2020,6,8,14,30,2020-06-08 14:30
694,3.19,3.17,3.19,3.17,2241800.0,7130272.0,2020,6,8,14,45,2020-06-08 14:45
695,3.17,3.17,3.18,3.17,5486000.0,17396448.0,2020,6,8,15,0,2020-06-08 15:00
696,3.25,3.34,3.45,3.25,54459600.0,181946192.0,2020,6,9,9,45,2020-06-09 09:45
697,3.33,3.32,3.34,3.31,10424100.0,34658544.0,2020,6,9,10,0,2020-06-09 10:00
698,3.31,3.29,3.33,3.27,9831200.0,32413136.0,2020,6,9,10,15,2020-06-09 10:15
699,3.29,3.29,3.32,3.28,5089100.0,16813280.0,2020,6,9,10,30,2020-06-09 10:30
700,3.3,3.28,3.3,3.27,3000500.0,9860176.0,2020,6,9,10,45,2020-06-09 10:45
701,3.28,3.28,3.28,3.26,5876000.0,19232448.0,2020,6,9,11,0,2020-06-09 11:00
702,3.28,3.25,3.29,3.25,4441600.0,14526592.0,2020,6,9,11,15,2020-06-09 11:15
703,3.25,3.28,3.28,3.24,4827000.0,15716384.0,2020,6,9,11,30,2020-06-09 11:30
704,3.27,3.29,3.3,3.27,2706100.0,8901696.0,2020,6,9,13,15,2020-06-09 13:15
705,3.29,3.27,3.29,3.26,2212600.0,7252160.0,2020,6,9,13,30,2020-06-09 13:30
706,3.27,3.27,3.28,3.26,1825500.0,5969504.0,2020,6,9,13,45,2020-06-09 13:45
707,3.27,3.28,3.29,3.27,2339400.0,7679392.0,2020,6,9,14,0,2020-06-09 14:00
708,3.27,3.26,3.28,3.26,2533800.0,8283424.0,2020,6,9,14,15,2020-06-09 14:15
709,3.26,3.27,3.28,3.26,3265000.0,10671584.0,2020,6,9,14,30,2020-06-09 14:30
710,3.27,3.27,3.28,3.26,5107200.0,16695840.0,2020,6,9,14,45,2020-06-09 14:45
711,3.27,3.27,3.28,3.26,8509000.0,27821856.0,2020,6,9,15,0,2020-06-09 15:00
712,3.23,3.21,3.29,3.2,21553600.0,69632544.0,2020,6,10,9,45,2020-06-10 09:45
713,3.2,3.22,3.24,3.2,5295600.0,17048512.0,2020,6,10,10,0,2020-06-10 10:00
714,3.22,3.21,3.23,3.2,4735800.0,15234096.0,2020,6,10,10,15,2020-06-10 10:15
715,3.21,3.22,3.23,3.2,3338900.0,10736616.0,2020,6,10,10,30,2020-06-10 10:30
716,3.23,3.21,3.23,3.21,1962700.0,6312904.0,2020,6,10,10,45,2020-06-10 10:45
717,3.21,3.22,3.23,3.21,2193300.0,7054264.0,2020,6,10,11,0,2020-06-10 11:00
718,3.22,3.23,3.23,3.22,890000.0,2867760.0,2020,6,10,11,15,2020-06-10 11:15
719,3.22,3.22,3.23,3.22,1194400.0,3850392.0,2020,6,10,11,30,2020-06-10 11:30
720,3.23,3.24,3.24,3.22,1788800.0,5779072.0,2020,6,10,13,15,2020-06-10 13:15
721,3.23,3.22,3.24,3.22,2075200.0,6692560.0,2020,6,10,13,30,2020-06-10 13:30
722,3.22,3.22,3.23,3.22,1189100.0,3833552.0,2020,6,10,13,45,2020-06-10 13:45
723,3.22,3.22,3.23,3.21,1543600.0,4971376.0,2020,6,10,14,0,2020-06-10 14:00
724,3.22,3.22,3.23,3.21,2100400.0,6759472.0,2020,6,10,14,15,2020-06-10 14:15
725,3.21,3.21,3.22,3.21,2076700.0,6677216.0,2020,6,10,14,30,2020-06-10 14:30
726,3.21,3.22,3.22,3.21,2286100.0,7347856.0,2020,6,10,14,45,2020-06-10 14:45
727,3.22,3.23,3.24,3.21,5314200.0,17149072.0,2020,6,10,15,0,2020-06-10 15:00
728,3.35,3.37,3.45,3.35,66854400.0,227209296.0,2020,6,11,9,45,2020-06-11 09:45
729,3.38,3.5,3.55,3.37,64863500.0,225302800.0,2020,6,11,10,0,2020-06-11 10:00
730,3.49,3.49,3.52,3.46,25587000.0,89464800.0,2020,6,11,10,15,2020-06-11 10:15
731,3.49,3.48,3.51,3.48,14151000.0,49425856.0,2020,6,11,10,30,2020-06-11 10:30
732,3.49,3.55,3.55,3.48,58609700.0,207463424.0,2020,6,11,10,45,2020-06-11 10:45
733,3.55,3.55,3.55,3.55,4276700.0,15182272.0,2020,6,11,11,0,2020-06-11 11:00
734,3.55,3.55,3.55,3.55,2231300.0,7921088.0,2020,6,11,11,15,2020-06-11 11:15
735,3.55,3.55,3.55,3.55,1089900.0,3869184.0,2020,6,11,11,30,2020-06-11 11:30
736,3.55,3.54,3.55,3.5,29353000.0,103908352.0,2020,6,11,13,15,2020-06-11 13:15
737,3.54,3.54,3.55,3.52,22533700.0,79708992.0,2020,6,11,13,30,2020-06-11 13:30
738,3.55,3.53,3.55,3.51,11423500.0,40270976.0,2020,6,11,13,45,2020-06-11 13:45
739,3.53,3.54,3.54,3.52,10233500.0,36168000.0,2020,6,11,14,0,2020-06-11 14:00
740,3.54,3.52,3.55,3.52,11332000.0,40057600.0,2020,6,11,14,15,2020-06-11 14:15
741,3.52,3.55,3.55,3.52,20666600.0,73273344.0,2020,6,11,14,30,2020-06-11 14:30
742,3.55,3.55,3.55,3.54,8088700.0,28712960.0,2020,6,11,14,45,2020-06-11 14:45
743,3.55,3.55,3.55,3.55,2975900.0,10564480.0,2020,6,11,15,0,2020-06-11 15:00
744,3.41,3.48,3.53,3.37,82133904.0,282330720.0,2020,6,12,9,45,2020-06-12 09:45
745,3.48,3.46,3.49,3.42,28939300.0,99477664.0,2020,6,12,10,0,2020-06-12 10:00
746,3.46,3.47,3.47,3.42,16182400.0,55631584.0,2020,6,12,10,15,2020-06-12 10:15
747,3.47,3.45,3.48,3.43,10325900.0,35672256.0,2020,6,12,10,30,2020-06-12 10:30
748,3.44,3.48,3.5,3.44,8876200.0,30796992.0,2020,6,12,10,45,2020-06-12 10:45
749,3.48,3.48,3.52,3.47,9406700.0,32862688.0,2020,6,12,11,0,2020-06-12 11:00
750,3.48,3.5,3.53,3.47,9526400.0,33377472.0,2020,6,12,11,15,2020-06-12 11:15
751,3.5,3.48,3.51,3.46,7112500.0,24749440.0,2020,6,12,11,30,2020-06-12 11:30
752,3.49,3.45,3.5,3.45,7461000.0,25941568.0,2020,6,12,13,15,2020-06-12 13:15
753,3.45,3.46,3.48,3.44,7685900.0,26526592.0,2020,6,12,13,30,2020-06-12 13:30
754,3.45,3.52,3.54,3.45,11394300.0,39967808.0,2020,6,12,13,45,2020-06-12 13:45
755,3.52,3.51,3.53,3.48,5349900.0,18723776.0,2020,6,12,14,0,2020-06-12 14:00
756,3.51,3.52,3.53,3.49,7961400.0,27945600.0,2020,6,12,14,15,2020-06-12 14:15
757,3.53,3.51,3.55,3.49,10196100.0,35934400.0,2020,6,12,14,30,2020-06-12 14:30
758,3.51,3.47,3.52,3.44,17115100.0,59577472.0,2020,6,12,14,45,2020-06-12 14:45
759,3.47,3.48,3.48,3.46,16277200.0,56539456.0,2020,6,12,15,0,2020-06-12 15:00
760,3.4,3.34,3.43,3.3,52562800.0,176774848.0,2020,6,15,9,45,2020-06-15 09:45
761,3.34,3.37,3.39,3.34,12803000.0,43122336.0,2020,6,15,10,0,2020-06-15 10:00
762,3.37,3.38,3.39,3.37,6151900.0,20790768.0,2020,6,15,10,15,2020-06-15 10:15
763,3.37,3.4,3.4,3.37,4644300.0,15722112.0,2020,6,15,10,30,2020-06-15 10:30
764,3.4,3.39,3.42,3.38,6588200.0,22408848.0,2020,6,15,10,45,2020-06-15 10:45
765,3.39,3.37,3.4,3.36,6142800.0,20755840.0,2020,6,15,11,0,2020-06-15 11:00
766,3.37,3.38,3.39,3.37,2566100.0,8671872.0,2020,6,15,11,15,2020-06-15 11:15
767,3.38,3.39,3.39,3.37,3972700.0,13418016.0,2020,6,15,11,30,2020-06-15 11:30
768,3.39,3.35,3.39,3.34,9332200.0,31351776.0,2020,6,15,13,15,2020-06-15 13:15
769,3.35,3.35,3.37,3.34,6859400.0,22990464.0,2020,6,15,13,30,2020-06-15 13:30
770,3.34,3.34,3.36,3.34,5790200.0,19376896.0,2020,6,15,13,45,2020-06-15 13:45
771,3.34,3.35,3.35,3.33,6539900.0,21841248.0,2020,6,15,14,0,2020-06-15 14:00
772,3.34,3.35,3.36,3.34,4424900.0,14809664.0,2020,6,15,14,15,2020-06-15 14:15
773,3.36,3.36,3.37,3.35,4285200.0,14401376.0,2020,6,15,14,30,2020-06-15 14:30
774,3.36,3.38,3.38,3.35,6896200.0,23203296.0,2020,6,15,14,45,2020-06-15 14:45
775,3.37,3.34,3.38,3.34,12478600.0,41867776.0,2020,6,15,15,0,2020-06-15 15:00
776,3.39,3.36,3.41,3.35,18887200.0,63731656.0,2020,6,16,9,45,2020-06-16 09:45
777,3.36,3.34,3.37,3.33,10963500.0,36674256.0,2020,6,16,10,0,2020-06-16 10:00
778,3.34,3.35,3.35,3.33,4709600.0,15742024.0,2020,6,16,10,15,2020-06-16 10:15
779,3.35,3.33,3.35,3.33,4308100.0,14377800.0,2020,6,16,10,30,2020-06-16 10:30
780,3.34,3.33,3.34,3.32,6114300.0,20357480.0,2020,6,16,10,45,2020-06-16 10:45
781,3.33,3.35,3.35,3.33,3648400.0,12168768.0,2020,6,16,11,0,2020-06-16 11:00
782,3.34,3.34,3.35,3.34,2427800.0,8116848.0,2020,6,16,11,15,2020-06-16 11:15
783,3.35,3.34,3.35,3.33,2411200.0,8047280.0,2020,6,16,11,30,2020-06-16 11:30
784,3.34,3.35,3.35,3.33,2560800.0,8554672.0,2020,6,16,13,15,2020-06-16 13:15
785,3.35,3.36,3.36,3.34,3249800.0,10895504.0,2020,6,16,13,30,2020-06-16 13:30
786,3.35,3.35,3.36,3.35,3248900.0,10894256.0,2020,6,16,13,45,2020-06-16 13:45
787,3.35,3.34,3.36,3.34,4091900.0,13696192.0,2020,6,16,14,0,2020-06-16 14:00
788,3.35,3.33,3.35,3.33,5859500.0,19563680.0,2020,6,16,14,15,2020-06-16 14:15
789,3.34,3.35,3.36,3.33,4388400.0,14682368.0,2020,6,16,14,30,2020-06-16 14:30
790,3.35,3.36,3.36,3.34,5604700.0,18766624.0,2020,6,16,14,45,2020-06-16 14:45
791,3.36,3.36,3.37,3.35,9194800.0,30912608.0,2020,6,16,15,0,2020-06-16 15:00
792,3.36,3.31,3.36,3.29,20798200.0,68937120.0,2020,6,17,9,45,2020-06-17 09:45
793,3.3,3.28,3.31,3.27,13685400.0,45000984.0,2020,6,17,10,0,2020-06-17 10:00
794,3.28,3.28,3.29,3.26,9254600.0,30259688.0,2020,6,17,10,15,2020-06-17 10:15
795,3.28,3.27,3.29,3.27,3852600.0,12640640.0,2020,6,17,10,30,2020-06-17 10:30
796,3.28,3.27,3.28,3.25,7743400.0,25277584.0,2020,6,17,10,45,2020-06-17 10:45
797,3.26,3.27,3.27,3.26,3686400.0,12026192.0,2020,6,17,11,0,2020-06-17 11:00
798,3.27,3.27,3.28,3.26,2303400.0,7539024.0,2020,6,17,11,15,2020-06-17 11:15
799,3.27,3.28,3.29,3.26,2202500.0,7219312.0,2020,6,17,13,0,2020-06-17 13:00
