,open,close,high,low,vol,amount,year,month,day,hour,minute,datetime
0,2.87,2.85,2.87,2.84,490800.0,1399092.0,2020,4,2,13,15,2020-04-02 13:15
1,2.84,2.82,2.85,2.82,460600.0,1305281.0,2020,4,2,13,30,2020-04-02 13:30
2,2.83,2.85,2.85,2.83,457200.0,1296701.0,2020,4,2,13,45,2020-04-02 13:45
3,2.85,2.85,2.86,2.84,132900.0,378726.0,2020,4,2,14,0,2020-04-02 14:00
4,2.85,2.86,2.86,2.85,245600.0,701165.0,2020,4,2,14,15,2020-04-02 14:15
5,2.85,2.87,2.87,2.85,299400.0,857542.0,2020,4,2,14,30,2020-04-02 14:30
6,2.88,2.87,2.89,2.86,350900.0,1008140.0,2020,4,2,14,45,2020-04-02 14:45
7,2.87,2.9,2.9,2.87,537400.0,1550717.0,2020,4,2,15,0,2020-04-02 15:00
8,2.88,2.88,2.89,2.87,455300.0,1311244.625,2020,4,3,9,45,2020-04-03 09:45
9,2.88,2.88,2.9,2.87,267100.0,770229.5,2020,4,3,10,0,2020-04-03 10:00
10,2.88,2.86,2.89,2.85,447100.0,1283304.625,2020,4,3,10,15,2020-04-03 10:15
11,2.86,2.87,2.88,2.86,181800.0,521812.0,2020,4,3,10,30,2020-04-03 10:30
12,2.86,2.86,2.87,2.86,173700.0,497208.25,2020,4,3,10,45,2020-04-03 10:45
13,2.86,2.86,2.87,2.86,76600.0,219598.5,2020,4,3,11,0,2020-04-03 11:00
14,2.86,2.86,2.87,2.86,202000.0,578289.5,2020,4,3,11,15,2020-04-03 11:15
15,2.86,2.86,2.86,2.85,91700.0,262021.0,2020,4,3,11,30,2020-04-03 11:30
16,2.87,2.86,2.87,2.85,308300.0,881400.5,2020,4,3,13,15,2020-04-03 13:15
17,2.86,2.87,2.87,2.86,42500.0,121642.0,2020,4,3,13,30,2020-04-03 13:30
18,2.87,2.86,2.88,2.86,168800.0,484336.0,2020,4,3,13,45,2020-04-03 13:45
19,2.86,2.87,2.87,2.86,42100.0,120519.5,2020,4,3,14,0,2020-04-03 14:00
20,2.87,2.87,2.88,2.86,297400.0,852728.5,2020,4,3,14,15,2020-04-03 14:15
21,2.87,2.86,2.88,2.86,169000.0,483596.5,2020,4,3,14,30,2020-04-03 14:30
22,2.87,2.87,2.87,2.86,236000.0,676189.0,2020,4,3,14,45,2020-04-03 14:45
23,2.86,2.87,2.88,2.86,400200.0,1148267.0,2020,4,3,15,0,2020-04-03 15:00
24,2.9,2.9,2.91,2.88,1311900.0,3800409.0,2020,4,7,9,45,2020-04-07 09:45
25,2.9,2.9,2.92,2.89,491100.0,1429315.5,2020,4,7,10,0,2020-04-07 10:00
26,2.91,2.91,2.92,2.9,346500.0,1008470.5,2020,4,7,10,15,2020-04-07 10:15
27,2.92,2.9,2.92,2.9,70000.0,203440.0,2020,4,7,10,30,2020-04-07 10:30
28,2.91,2.9,2.91,2.9,440000.0,1278748.0,2020,4,7,10,45,2020-04-07 10:45
29,2.91,2.91,2.92,2.9,281000.0,817757.0,2020,4,7,11,0,2020-04-07 11:00
30,2.92,2.93,2.93,2.9,442400.0,1291467.0,2020,4,7,11,15,2020-04-07 11:15
31,2.93,2.91,2.93,2.91,167000.0,487360.0,2020,4,7,11,30,2020-04-07 11:30
32,2.92,2.93,2.93,2.91,200900.0,586558.0,2020,4,7,13,15,2020-04-07 13:15
33,2.93,2.91,2.93,2.91,118200.0,345231.0,2020,4,7,13,30,2020-04-07 13:30
34,2.92,2.93,2.93,2.91,129200.0,377388.0,2020,4,7,13,45,2020-04-07 13:45
35,2.93,2.93,2.93,2.92,107700.0,314738.0,2020,4,7,14,0,2020-04-07 14:00
36,2.93,2.93,2.93,2.92,257800.0,755225.0,2020,4,7,14,15,2020-04-07 14:15
37,2.93,2.92,2.93,2.92,203600.0,594759.0,2020,4,7,14,30,2020-04-07 14:30
38,2.92,2.94,2.94,2.92,495700.0,1452448.0,2020,4,7,14,45,2020-04-07 14:45
39,2.94,2.94,2.94,2.93,667900.0,1960611.0,2020,4,7,15,0,2020-04-07 15:00
40,2.92,2.94,2.95,2.91,889500.0,2610003.25,2020,4,8,9,45,2020-04-08 09:45
41,2.94,2.96,2.97,2.93,711900.0,2096766.25,2020,4,8,10,0,2020-04-08 10:00
42,2.97,2.96,2.98,2.95,730100.0,2165902.0,2020,4,8,10,15,2020-04-08 10:15
43,2.95,2.97,2.97,2.95,296300.0,877327.0,2020,4,8,10,30,2020-04-08 10:30
44,2.96,2.97,2.97,2.96,271400.0,805245.5,2020,4,8,10,45,2020-04-08 10:45
45,2.97,2.97,2.98,2.96,529400.0,1574365.0,2020,4,8,11,0,2020-04-08 11:00
46,2.97,2.99,2.99,2.96,559300.0,1663930.0,2020,4,8,11,15,2020-04-08 11:15
47,2.98,3.01,3.01,2.98,833900.0,2499551.0,2020,4,8,11,30,2020-04-08 11:30
48,3.01,3.01,3.02,3.0,866100.0,2608042.0,2020,4,8,13,15,2020-04-08 13:15
49,3.02,3.01,3.02,3.0,437200.0,1315896.0,2020,4,8,13,30,2020-04-08 13:30
50,3.01,3.01,3.01,3.0,283100.0,851022.0,2020,4,8,13,45,2020-04-08 13:45
51,3.01,3.01,3.02,3.0,424500.0,1278422.0,2020,4,8,14,0,2020-04-08 14:00
52,3.01,2.99,3.02,2.99,623100.0,1871334.0,2020,4,8,14,15,2020-04-08 14:15
53,2.99,2.99,3.0,2.99,190700.0,570774.0,2020,4,8,14,30,2020-04-08 14:30
54,2.99,3.0,3.0,2.98,947300.0,2835138.0,2020,4,8,14,45,2020-04-08 14:45
55,3.0,3.0,3.01,2.99,591500.0,1777848.0,2020,4,8,15,0,2020-04-08 15:00
56,3.0,3.02,3.03,2.99,729900.0,2194828.0,2020,4,9,9,45,2020-04-09 09:45
57,3.02,3.0,3.02,3.0,414600.0,1247238.0,2020,4,9,10,0,2020-04-09 10:00
58,3.0,3.0,3.01,2.98,495500.0,1482796.5,2020,4,9,10,15,2020-04-09 10:15
59,3.0,3.0,3.01,2.99,272400.0,817675.0,2020,4,9,10,30,2020-04-09 10:30
60,3.01,3.0,3.01,3.0,425900.0,1278223.0,2020,4,9,10,45,2020-04-09 10:45
61,3.0,3.0,3.0,2.99,132500.0,397337.0,2020,4,9,11,0,2020-04-09 11:00
62,3.0,3.0,3.0,2.99,374600.0,1123310.5,2020,4,9,11,15,2020-04-09 11:15
63,3.0,2.99,3.01,2.99,213700.0,642041.0,2020,4,9,11,30,2020-04-09 11:30
64,3.0,3.0,3.01,2.99,353000.0,1058908.0,2020,4,9,13,15,2020-04-09 13:15
65,3.0,2.99,3.01,2.99,70700.0,212082.0,2020,4,9,13,30,2020-04-09 13:30
66,2.99,3.0,3.0,2.99,287800.0,863087.0,2020,4,9,13,45,2020-04-09 13:45
67,3.0,3.0,3.0,2.99,223400.0,669048.0,2020,4,9,14,0,2020-04-09 14:00
68,3.0,3.0,3.01,2.99,449000.0,1347075.0,2020,4,9,14,15,2020-04-09 14:15
69,3.0,3.0,3.01,2.99,146900.0,440657.0,2020,4,9,14,30,2020-04-09 14:30
70,3.0,3.01,3.01,3.0,140000.0,420552.0,2020,4,9,14,45,2020-04-09 14:45
71,3.01,3.01,3.02,2.99,932800.0,2805518.0,2020,4,9,15,0,2020-04-09 15:00
72,3.0,2.98,3.0,2.96,775100.0,2306304.0,2020,4,10,9,45,2020-04-10 09:45
73,2.97,2.97,2.98,2.96,337100.0,1002086.0,2020,4,10,10,0,2020-04-10 10:00
74,2.97,2.98,2.98,2.97,219400.0,651929.5,2020,4,10,10,15,2020-04-10 10:15
75,2.98,2.98,2.99,2.98,236800.0,705748.0,2020,4,10,10,30,2020-04-10 10:30
76,2.98,2.98,2.98,2.97,97800.0,290813.0,2020,4,10,10,45,2020-04-10 10:45
77,2.98,2.95,2.98,2.95,396700.0,1176265.5,2020,4,10,11,0,2020-04-10 11:00
78,2.96,2.98,2.98,2.95,446500.0,1321720.0,2020,4,10,11,15,2020-04-10 11:15
79,2.97,2.95,2.98,2.95,160000.0,474192.0,2020,4,10,11,30,2020-04-10 11:30
80,2.95,2.95,2.95,2.94,360100.0,1061644.0,2020,4,10,13,15,2020-04-10 13:15
81,2.95,2.93,2.95,2.93,248800.0,731672.0,2020,4,10,13,30,2020-04-10 13:30
82,2.94,2.94,2.94,2.93,252800.0,742428.0,2020,4,10,13,45,2020-04-10 13:45
83,2.94,2.95,2.95,2.93,115100.0,338626.0,2020,4,10,14,0,2020-04-10 14:00
84,2.94,2.94,2.95,2.93,113800.0,334778.0,2020,4,10,14,15,2020-04-10 14:15
85,2.94,2.94,2.95,2.94,55800.0,164501.0,2020,4,10,14,30,2020-04-10 14:30
86,2.94,2.94,2.95,2.94,209000.0,615749.0,2020,4,10,14,45,2020-04-10 14:45
87,2.94,2.93,2.95,2.93,382100.0,1122935.0,2020,4,10,15,0,2020-04-10 15:00
88,2.91,2.91,2.93,2.89,736000.0,2138795.0,2020,4,13,9,45,2020-04-13 09:45
89,2.91,2.9,2.92,2.9,589800.0,1715304.0,2020,4,13,10,0,2020-04-13 10:00
90,2.9,2.9,2.91,2.9,258600.0,750908.0,2020,4,13,10,15,2020-04-13 10:15
91,2.9,2.9,2.92,2.9,393000.0,1141815.0,2020,4,13,10,30,2020-04-13 10:30
92,2.91,2.91,2.91,2.9,81300.0,236103.0,2020,4,13,10,45,2020-04-13 10:45
93,2.91,2.92,2.92,2.9,198500.0,577750.0,2020,4,13,11,0,2020-04-13 11:00
94,2.92,2.91,2.93,2.91,142600.0,416368.0,2020,4,13,11,15,2020-04-13 11:15
95,2.91,2.94,2.95,2.91,441300.0,1293996.0,2020,4,13,11,30,2020-04-13 11:30
96,2.94,2.93,2.94,2.92,178500.0,523692.0,2020,4,13,13,15,2020-04-13 13:15
97,2.93,3.06,3.1,2.93,4557200.0,13804187.0,2020,4,13,13,30,2020-04-13 13:30
98,3.06,3.22,3.22,3.03,8648800.0,27343070.0,2020,4,13,13,45,2020-04-13 13:45
99,3.22,3.18,3.22,3.16,8837600.0,28411212.0,2020,4,13,14,0,2020-04-13 14:00
100,3.19,3.22,3.22,3.18,4857700.0,15605120.0,2020,4,13,14,15,2020-04-13 14:15
101,3.22,3.22,3.22,3.22,693100.0,2231552.0,2020,4,13,14,30,2020-04-13 14:30
102,3.22,3.22,3.22,3.22,603800.0,1944232.0,2020,4,13,14,45,2020-04-13 14:45
103,3.22,3.22,3.22,3.22,791500.0,2548632.0,2020,4,13,15,0,2020-04-13 15:00
104,3.3,3.17,3.36,3.14,21154000.0,68829128.0,2020,4,14,9,45,2020-04-14 09:45
105,3.17,3.19,3.19,3.16,3312000.0,10524336.0,2020,4,14,10,0,2020-04-14 10:00
106,3.18,3.36,3.43,3.18,14328100.0,47475848.0,2020,4,14,10,15,2020-04-14 10:15
107,3.37,3.33,3.38,3.3,4576700.0,15290416.0,2020,4,14,10,30,2020-04-14 10:30
108,3.32,3.28,3.32,3.28,1687100.0,5578672.0,2020,4,14,10,45,2020-04-14 10:45
109,3.28,3.25,3.28,3.24,2226500.0,7248112.0,2020,4,14,11,0,2020-04-14 11:00
110,3.25,3.23,3.27,3.23,1702200.0,5525056.0,2020,4,14,11,15,2020-04-14 11:15
111,3.23,3.26,3.27,3.22,1197100.0,3869328.0,2020,4,14,11,30,2020-04-14 11:30
112,3.27,3.28,3.29,3.25,1593600.0,5210240.0,2020,4,14,13,15,2020-04-14 13:15
113,3.28,3.25,3.29,3.24,1073300.0,3506304.0,2020,4,14,13,30,2020-04-14 13:30
114,3.24,3.25,3.26,3.24,751100.0,2438304.0,2020,4,14,13,45,2020-04-14 13:45
115,3.25,3.25,3.26,3.24,845700.0,2747632.0,2020,4,14,14,0,2020-04-14 14:00
116,3.25,3.24,3.25,3.23,1027500.0,3331200.0,2020,4,14,14,15,2020-04-14 14:15
117,3.25,3.24,3.25,3.22,1853000.0,5990400.0,2020,4,14,14,30,2020-04-14 14:30
118,3.24,3.21,3.25,3.21,2702400.0,8720640.0,2020,4,14,14,45,2020-04-14 14:45
119,3.22,3.21,3.25,3.2,4540200.0,14614656.0,2020,4,14,15,0,2020-04-14 15:00
120,3.2,3.2,3.25,3.17,8775200.0,28128032.0,2020,4,15,9,45,2020-04-15 09:45
121,3.19,3.23,3.28,3.19,6368700.0,20615108.0,2020,4,15,10,0,2020-04-15 10:00
122,3.23,3.21,3.24,3.21,2174300.0,7005068.0,2020,4,15,10,15,2020-04-15 10:15
123,3.21,3.22,3.23,3.21,1449600.0,4669324.0,2020,4,15,10,30,2020-04-15 10:30
124,3.22,3.19,3.23,3.17,3426500.0,10943620.0,2020,4,15,10,45,2020-04-15 10:45
125,3.18,3.21,3.22,3.17,1186100.0,3789512.0,2020,4,15,11,0,2020-04-15 11:00
126,3.21,3.22,3.23,3.21,1314500.0,4230448.0,2020,4,15,11,15,2020-04-15 11:15
127,3.22,3.19,3.23,3.19,999200.0,3207520.0,2020,4,15,11,30,2020-04-15 11:30
128,3.19,3.2,3.21,3.19,1215600.0,3883872.0,2020,4,15,13,15,2020-04-15 13:15
129,3.19,3.18,3.21,3.18,715100.0,2281280.0,2020,4,15,13,30,2020-04-15 13:30
130,3.18,3.17,3.19,3.17,934600.0,2972968.0,2020,4,15,13,45,2020-04-15 13:45
131,3.17,3.17,3.18,3.17,864800.0,2743536.0,2020,4,15,14,0,2020-04-15 14:00
132,3.18,3.15,3.18,3.15,1075200.0,3401248.0,2020,4,15,14,15,2020-04-15 14:15
133,3.16,3.13,3.16,3.13,1640700.0,5159528.0,2020,4,15,14,30,2020-04-15 14:30
134,3.13,3.13,3.14,3.12,1931000.0,6042824.0,2020,4,15,14,45,2020-04-15 14:45
135,3.14,3.12,3.14,3.12,2073400.0,6485520.0,2020,4,15,15,0,2020-04-15 15:00
136,3.1,3.1,3.12,3.06,4699500.0,14520057.0,2020,4,16,9,45,2020-04-16 09:45
137,3.09,3.09,3.13,3.09,1308500.0,4063445.0,2020,4,16,10,0,2020-04-16 10:00
138,3.09,3.1,3.12,3.08,1217300.0,3764366.0,2020,4,16,10,15,2020-04-16 10:15
139,3.1,3.09,3.11,3.08,769800.0,2382910.0,2020,4,16,10,30,2020-04-16 10:30
140,3.09,3.1,3.11,3.08,1217200.0,3764312.0,2020,4,16,10,45,2020-04-16 10:45
141,3.1,3.08,3.11,3.08,1653200.0,5105090.0,2020,4,16,11,0,2020-04-16 11:00
142,3.08,3.08,3.09,3.06,2212300.0,6796844.0,2020,4,16,11,15,2020-04-16 11:15
143,3.09,3.06,3.09,3.06,1347000.0,4128812.0,2020,4,16,11,30,2020-04-16 11:30
144,3.07,3.07,3.09,3.06,1220000.0,3746520.0,2020,4,16,13,15,2020-04-16 13:15
145,3.07,3.08,3.1,3.06,964600.0,2979676.0,2020,4,16,13,30,2020-04-16 13:30
146,3.09,3.07,3.1,3.07,845200.0,2602592.0,2020,4,16,13,45,2020-04-16 13:45
147,3.08,3.07,3.09,3.07,744900.0,2292908.0,2020,4,16,14,0,2020-04-16 14:00
148,3.07,3.08,3.09,3.06,1012400.0,3113736.0,2020,4,16,14,15,2020-04-16 14:15
149,3.08,3.16,3.19,3.06,7099600.0,22372580.0,2020,4,16,14,30,2020-04-16 14:30
150,3.16,3.15,3.17,3.13,1637700.0,5161080.0,2020,4,16,14,45,2020-04-16 14:45
151,3.15,3.12,3.15,3.12,2129400.0,6663176.0,2020,4,16,15,0,2020-04-16 15:00
152,3.11,3.09,3.11,3.07,3830600.0,11842342.0,2020,4,17,9,45,2020-04-17 09:45
153,3.08,3.08,3.09,3.07,1231500.0,3794221.0,2020,4,17,10,0,2020-04-17 10:00
154,3.09,3.16,3.17,3.08,6051000.0,19021044.0,2020,4,17,10,15,2020-04-17 10:15
155,3.16,3.14,3.17,3.13,1781900.0,5610988.0,2020,4,17,10,30,2020-04-17 10:30
156,3.14,3.15,3.18,3.13,2901900.0,9165880.0,2020,4,17,10,45,2020-04-17 10:45
157,3.15,3.14,3.16,3.14,393500.0,1239520.0,2020,4,17,11,0,2020-04-17 11:00
158,3.15,3.15,3.15,3.14,376200.0,1182708.0,2020,4,17,11,15,2020-04-17 11:15
159,3.15,3.14,3.15,3.14,325400.0,1024280.0,2020,4,17,11,30,2020-04-17 11:30
160,3.15,3.14,3.15,3.13,876400.0,2753956.0,2020,4,17,13,15,2020-04-17 13:15
161,3.14,3.13,3.14,3.13,364500.0,1141860.0,2020,4,17,13,30,2020-04-17 13:30
162,3.13,3.13,3.15,3.12,1006500.0,3153268.0,2020,4,17,13,45,2020-04-17 13:45
163,3.13,3.12,3.13,3.12,417200.0,1304700.0,2020,4,17,14,0,2020-04-17 14:00
164,3.12,3.11,3.14,3.1,1441800.0,4491128.0,2020,4,17,14,15,2020-04-17 14:15
165,3.11,3.09,3.11,3.09,935500.0,2895104.0,2020,4,17,14,30,2020-04-17 14:30
166,3.1,3.09,3.1,3.08,1065600.0,3292864.0,2020,4,17,14,45,2020-04-17 14:45
167,3.08,3.08,3.09,3.06,2648800.0,8148680.0,2020,4,17,15,0,2020-04-17 15:00
168,3.09,3.08,3.1,3.07,2401400.0,7399961.5,2020,4,20,9,45,2020-04-20 09:45
169,3.08,3.06,3.08,3.06,1585600.0,4863919.5,2020,4,20,10,0,2020-04-20 10:00
170,3.07,3.07,3.09,3.06,850200.0,2616391.0,2020,4,20,10,15,2020-04-20 10:15
171,3.08,3.09,3.09,3.07,683200.0,2104918.0,2020,4,20,10,30,2020-04-20 10:30
172,3.08,3.07,3.08,3.07,255400.0,784948.0,2020,4,20,10,45,2020-04-20 10:45
173,3.07,3.07,3.08,3.07,708900.0,2176492.0,2020,4,20,11,0,2020-04-20 11:00
174,3.07,3.08,3.08,3.06,527400.0,1619824.0,2020,4,20,11,15,2020-04-20 11:15
175,3.07,3.07,3.08,3.06,780500.0,2396252.0,2020,4,20,11,30,2020-04-20 11:30
176,3.08,3.07,3.08,3.07,293400.0,902182.0,2020,4,20,13,15,2020-04-20 13:15
177,3.07,3.08,3.08,3.07,228300.0,701564.0,2020,4,20,13,30,2020-04-20 13:30
178,3.08,3.07,3.08,3.07,297400.0,914106.0,2020,4,20,13,45,2020-04-20 13:45
179,3.07,3.07,3.08,3.07,404500.0,1243622.0,2020,4,20,14,0,2020-04-20 14:00
180,3.07,3.07,3.09,3.07,1372900.0,4222094.0,2020,4,20,14,15,2020-04-20 14:15
181,3.08,3.07,3.08,3.07,243000.0,747370.0,2020,4,20,14,30,2020-04-20 14:30
182,3.07,3.06,3.07,3.06,1194600.0,3663852.0,2020,4,20,14,45,2020-04-20 14:45
183,3.06,3.06,3.07,3.05,2242900.0,6863544.0,2020,4,20,15,0,2020-04-20 15:00
184,3.04,3.02,3.05,3.01,3000500.0,9088230.0,2020,4,21,9,45,2020-04-21 09:45
185,3.03,3.02,3.03,3.01,1489700.0,4498598.0,2020,4,21,10,0,2020-04-21 10:00
186,3.01,3.07,3.1,3.01,2919500.0,8952614.0,2020,4,21,10,15,2020-04-21 10:15
187,3.08,3.18,3.18,3.06,6796200.0,21253062.0,2020,4,21,10,30,2020-04-21 10:30
188,3.18,3.16,3.23,3.14,6553900.0,20826836.0,2020,4,21,10,45,2020-04-21 10:45
189,3.16,3.18,3.2,3.14,3102300.0,9858132.0,2020,4,21,11,0,2020-04-21 11:00
190,3.18,3.21,3.25,3.16,5238900.0,16819704.0,2020,4,21,11,15,2020-04-21 11:15
191,3.23,3.37,3.37,3.23,12844300.0,43113336.0,2020,4,21,11,30,2020-04-21 11:30
192,3.37,3.37,3.37,3.37,7541800.0,25416000.0,2020,4,21,13,15,2020-04-21 13:15
193,3.37,3.37,3.37,3.37,6902600.0,23261728.0,2020,4,21,13,30,2020-04-21 13:30
194,3.37,3.37,3.37,3.37,556300.0,1874736.0,2020,4,21,13,45,2020-04-21 13:45
195,3.37,3.37,3.37,3.37,329500.0,1110416.0,2020,4,21,14,0,2020-04-21 14:00
196,3.37,3.37,3.37,3.37,293100.0,987744.0,2020,4,21,14,15,2020-04-21 14:15
197,3.37,3.37,3.37,3.37,359100.0,1210160.0,2020,4,21,14,30,2020-04-21 14:30
198,3.37,3.37,3.37,3.37,278700.0,939232.0,2020,4,21,14,45,2020-04-21 14:45
199,3.37,3.37,3.37,3.37,196300.0,661520.0,2020,4,21,15,0,2020-04-21 15:00
200,3.4,3.38,3.47,3.35,32831800.0,111932472.0,2020,4,22,9,45,2020-04-22 09:45
201,3.38,3.4,3.4,3.36,6849800.0,23146824.0,2020,4,22,10,0,2020-04-22 10:00
202,3.4,3.65,3.65,3.37,13480400.0,46651280.0,2020,4,22,10,15,2020-04-22 10:15
203,3.68,3.61,3.71,3.6,34614400.0,127790896.0,2020,4,22,10,30,2020-04-22 10:30
204,3.61,3.63,3.66,3.59,4706100.0,17034848.0,2020,4,22,10,45,2020-04-22 10:45
205,3.62,3.71,3.71,3.62,14043900.0,51974688.0,2020,4,22,11,0,2020-04-22 11:00
206,3.7,3.7,3.71,3.68,5640200.0,20902176.0,2020,4,22,11,15,2020-04-22 11:15
207,3.7,3.71,3.71,3.7,4359600.0,16172000.0,2020,4,22,11,30,2020-04-22 11:30
208,3.71,3.71,3.71,3.71,1654900.0,6139552.0,2020,4,22,13,15,2020-04-22 13:15
209,3.71,3.71,3.71,3.71,431500.0,1600928.0,2020,4,22,13,30,2020-04-22 13:30
210,3.71,3.71,3.71,3.71,131700.0,488352.0,2020,4,22,13,45,2020-04-22 13:45
211,3.71,3.71,3.71,3.71,103800.0,385152.0,2020,4,22,14,0,2020-04-22 14:00
212,3.71,3.71,3.71,3.71,140600.0,521568.0,2020,4,22,14,15,2020-04-22 14:15
213,3.71,3.71,3.71,3.71,160800.0,596608.0,2020,4,22,14,30,2020-04-22 14:30
214,3.71,3.71,3.71,3.71,145900.0,541280.0,2020,4,22,14,45,2020-04-22 14:45
215,3.71,3.71,3.71,3.71,231400.0,858688.0,2020,4,22,15,0,2020-04-22 15:00
216,3.7,3.86,3.94,3.62,46951500.0,177909600.0,2020,4,23,9,45,2020-04-23 09:45
217,3.87,3.82,3.98,3.82,18420100.0,71944368.0,2020,4,23,10,0,2020-04-23 10:00
218,3.82,3.79,3.83,3.64,17243800.0,64699536.0,2020,4,23,10,15,2020-04-23 10:15
219,3.79,3.78,3.79,3.71,4626000.0,17361056.0,2020,4,23,10,30,2020-04-23 10:30
220,3.78,4.08,4.08,3.74,24100300.0,96126592.0,2020,4,23,10,45,2020-04-23 10:45
221,4.08,4.08,4.08,4.08,5881000.0,23994528.0,2020,4,23,11,0,2020-04-23 11:00
222,4.08,4.08,4.08,4.08,1861600.0,7595488.0,2020,4,23,11,15,2020-04-23 11:15
223,4.08,4.08,4.08,4.08,452100.0,1844384.0,2020,4,23,11,30,2020-04-23 11:30
224,4.08,4.08,4.08,4.08,1029900.0,4201952.0,2020,4,23,13,15,2020-04-23 13:15
225,4.08,4.08,4.08,4.08,286800.0,1170432.0,2020,4,23,13,30,2020-04-23 13:30
226,4.08,4.08,4.08,4.08,207600.0,846880.0,2020,4,23,13,45,2020-04-23 13:45
227,4.08,4.08,4.08,4.08,393700.0,1606368.0,2020,4,23,14,0,2020-04-23 14:00
228,4.08,4.08,4.08,4.08,265600.0,1083520.0,2020,4,23,14,15,2020-04-23 14:15
229,4.08,4.08,4.08,4.08,891400.0,3637088.0,2020,4,23,14,30,2020-04-23 14:30
230,4.08,4.08,4.08,4.08,524600.0,2140224.0,2020,4,23,14,45,2020-04-23 14:45
231,4.08,4.08,4.08,4.08,404800.0,1651584.0,2020,4,23,15,0,2020-04-23 15:00
232,4.1,4.36,4.49,4.09,71328304.0,306927232.0,2020,4,24,9,45,2020-04-24 09:45
233,4.36,4.33,4.38,4.22,13727900.0,58975744.0,2020,4,24,10,0,2020-04-24 10:00
234,4.33,4.24,4.35,4.24,6905800.0,29723808.0,2020,4,24,10,15,2020-04-24 10:15
235,4.24,4.23,4.29,4.15,7491800.0,31613088.0,2020,4,24,10,30,2020-04-24 10:30
236,4.25,4.27,4.29,4.19,4276600.0,18136800.0,2020,4,24,10,45,2020-04-24 10:45
237,4.27,4.27,4.3,4.22,2216000.0,9424192.0,2020,4,24,11,0,2020-04-24 11:00
238,4.27,4.16,4.27,4.1,4540800.0,18996032.0,2020,4,24,11,15,2020-04-24 11:15
239,4.16,3.98,4.22,3.92,9482200.0,38597984.0,2020,4,24,11,30,2020-04-24 11:30
240,3.99,4.13,4.13,3.9,6232300.0,24921728.0,2020,4,24,13,15,2020-04-24 13:15
241,4.14,4.0,4.16,3.96,7333300.0,29920064.0,2020,4,24,13,30,2020-04-24 13:30
242,4.01,4.02,4.1,3.95,3509100.0,14080064.0,2020,4,24,13,45,2020-04-24 13:45
243,4.03,4.35,4.44,3.99,13714200.0,58558912.0,2020,4,24,14,0,2020-04-24 14:00
244,4.38,4.49,4.49,4.3,33769000.0,150592448.0,2020,4,24,14,15,2020-04-24 14:15
245,4.49,4.49,4.49,4.49,4411300.0,19806784.0,2020,4,24,14,30,2020-04-24 14:30
246,4.49,4.49,4.49,4.49,1868900.0,8391360.0,2020,4,24,14,45,2020-04-24 14:45
247,4.49,4.49,4.49,4.49,1976700.0,8875456.0,2020,4,24,15,0,2020-04-24 15:00
248,4.2,4.29,4.39,4.04,71390000.0,297917504.0,2020,4,27,9,45,2020-04-27 09:45
249,4.29,4.31,4.35,4.21,12846700.0,54847424.0,2020,4,27,10,0,2020-04-27 10:00
250,4.3,4.25,4.31,4.11,10627300.0,44588704.0,2020,4,27,10,15,2020-04-27 10:15
251,4.25,4.67,4.67,4.23,16692900.0,73867040.0,2020,4,27,10,30,2020-04-27 10:30
252,4.68,4.53,4.75,4.44,22042200.0,102212224.0,2020,4,27,10,45,2020-04-27 10:45
253,4.55,4.57,4.6,4.48,5754200.0,26043136.0,2020,4,27,11,0,2020-04-27 11:00
254,4.58,4.6,4.66,4.55,5539800.0,25481664.0,2020,4,27,11,15,2020-04-27 11:15
255,4.6,4.56,4.63,4.45,4214300.0,19160256.0,2020,4,27,11,30,2020-04-27 11:30
256,4.56,4.55,4.64,4.51,3105400.0,14224512.0,2020,4,27,13,15,2020-04-27 13:15
257,4.55,4.57,4.58,4.53,1945500.0,8872640.0,2020,4,27,13,30,2020-04-27 13:30
258,4.58,4.66,4.79,4.58,8277600.0,38916672.0,2020,4,27,13,45,2020-04-27 13:45
259,4.66,4.6,4.66,4.57,2729400.0,12606336.0,2020,4,27,14,0,2020-04-27 14:00
260,4.61,4.54,4.67,4.4,6418700.0,29001216.0,2020,4,27,14,15,2020-04-27 14:15
261,4.55,4.43,4.55,4.4,4683200.0,20915136.0,2020,4,27,14,30,2020-04-27 14:30
262,4.43,4.38,4.5,4.23,8778800.0,38296064.0,2020,4,27,14,45,2020-04-27 14:45
263,4.39,4.32,4.44,4.25,14660700.0,63525376.0,2020,4,27,15,0,2020-04-27 15:00
264,4.01,3.89,4.09,3.89,55499800.0,219740144.0,2020,4,28,9,45,2020-04-28 09:45
265,3.9,3.89,3.9,3.89,4793200.0,18649152.0,2020,4,28,10,0,2020-04-28 10:00
266,3.89,3.89,3.89,3.89,1137400.0,4424496.0,2020,4,28,10,15,2020-04-28 10:15
267,3.89,3.89,3.89,3.89,465000.0,1808848.0,2020,4,28,10,30,2020-04-28 10:30
268,3.89,3.89,3.89,3.89,2062700.0,8023904.0,2020,4,28,10,45,2020-04-28 10:45
269,3.89,3.9,3.96,3.89,22207300.0,86577104.0,2020,4,28,11,0,2020-04-28 11:00
270,3.9,3.89,3.91,3.89,3226200.0,12561952.0,2020,4,28,11,15,2020-04-28 11:15
271,3.89,3.89,3.91,3.89,6152500.0,23948448.0,2020,4,28,11,30,2020-04-28 11:30
272,3.89,3.89,3.91,3.89,3639000.0,14168896.0,2020,4,28,13,15,2020-04-28 13:15
273,3.89,3.89,3.89,3.89,613300.0,2385760.0,2020,4,28,13,30,2020-04-28 13:30
274,3.89,3.89,3.89,3.89,893900.0,3477248.0,2020,4,28,13,45,2020-04-28 13:45
275,3.89,3.89,3.89,3.89,356300.0,1386016.0,2020,4,28,14,0,2020-04-28 14:00
276,3.89,3.89,3.89,3.89,476000.0,1851648.0,2020,4,28,14,15,2020-04-28 14:15
277,3.89,3.89,3.89,3.89,582100.0,2264352.0,2020,4,28,14,30,2020-04-28 14:30
278,3.89,3.89,3.89,3.89,369100.0,1435808.0,2020,4,28,14,45,2020-04-28 14:45
279,3.89,3.89,3.89,3.89,665600.0,2589184.0,2020,4,28,15,0,2020-04-28 15:00
280,3.6,3.78,3.8,3.6,24149200.0,89298976.0,2020,4,29,9,45,2020-04-29 09:45
281,3.78,3.7,3.79,3.68,8724700.0,32494144.0,2020,4,29,10,0,2020-04-29 10:00
282,3.71,3.9,3.92,3.65,11632200.0,43837424.0,2020,4,29,10,15,2020-04-29 10:15
283,3.89,3.91,3.98,3.84,13807000.0,54282512.0,2020,4,29,10,30,2020-04-29 10:30
284,3.9,3.89,3.94,3.84,4557200.0,17733952.0,2020,4,29,10,45,2020-04-29 10:45
285,3.89,3.9,3.92,3.83,4383200.0,17056416.0,2020,4,29,11,0,2020-04-29 11:00
286,3.9,4.04,4.04,3.89,10415300.0,41369344.0,2020,4,29,11,15,2020-04-29 11:15
287,4.04,4.05,4.07,3.99,10051800.0,40515104.0,2020,4,29,11,30,2020-04-29 11:30
288,4.05,4.0,4.06,3.98,3431500.0,13799104.0,2020,4,29,13,15,2020-04-29 13:15
289,4.0,3.91,4.01,3.9,3731600.0,14740032.0,2020,4,29,13,30,2020-04-29 13:30
290,3.91,3.91,3.97,3.9,3069800.0,12056384.0,2020,4,29,13,45,2020-04-29 13:45
291,3.91,3.92,3.93,3.87,2668000.0,10394176.0,2020,4,29,14,0,2020-04-29 14:00
292,3.92,3.9,3.97,3.89,2488200.0,9759904.0,2020,4,29,14,15,2020-04-29 14:15
293,3.9,3.89,3.94,3.88,2545600.0,9935552.0,2020,4,29,14,30,2020-04-29 14:30
294,3.89,3.83,3.93,3.81,6183100.0,23989536.0,2020,4,29,14,45,2020-04-29 14:45
295,3.84,3.83,3.86,3.75,10493400.0,40051872.0,2020,4,29,15,0,2020-04-29 15:00
296,3.81,3.76,3.93,3.75,18791800.0,71709800.0,2020,4,30,9,45,2020-04-30 09:45
297,3.76,3.74,3.77,3.69,12713200.0,47312896.0,2020,4,30,10,0,2020-04-30 10:00
298,3.74,3.7,3.75,3.62,14382400.0,52754616.0,2020,4,30,10,15,2020-04-30 10:15
299,3.69,3.77,3.8,3.67,6494600.0,24113216.0,2020,4,30,10,30,2020-04-30 10:30
300,3.76,3.83,3.86,3.75,4923500.0,18758704.0,2020,4,30,10,45,2020-04-30 10:45
301,3.83,3.78,3.85,3.76,2647300.0,10076912.0,2020,4,30,11,0,2020-04-30 11:00
302,3.79,3.78,3.82,3.77,1899100.0,7201184.0,2020,4,30,11,15,2020-04-30 11:15
303,3.78,3.74,3.79,3.72,2172400.0,8167408.0,2020,4,30,11,30,2020-04-30 11:30
304,3.75,3.75,3.81,3.75,3194900.0,12045872.0,2020,4,30,13,15,2020-04-30 13:15
305,3.76,3.71,3.76,3.71,3960400.0,14762496.0,2020,4,30,13,30,2020-04-30 13:30
306,3.72,3.75,3.8,3.71,4094900.0,15414048.0,2020,4,30,13,45,2020-04-30 13:45
307,3.76,3.76,3.78,3.74,3344600.0,12545888.0,2020,4,30,14,0,2020-04-30 14:00
308,3.76,3.77,3.77,3.74,3571700.0,13403104.0,2020,4,30,14,15,2020-04-30 14:15
309,3.77,3.83,3.85,3.77,4965400.0,18929920.0,2020,4,30,14,30,2020-04-30 14:30
310,3.82,3.98,3.98,3.81,18697900.0,73037632.0,2020,4,30,14,45,2020-04-30 14:45
311,3.98,3.94,4.02,3.93,15884800.0,62962304.0,2020,4,30,15,0,2020-04-30 15:00
312,3.85,3.91,3.95,3.85,22211200.0,86532032.0,2020,5,6,9,45,2020-05-06 09:45
313,3.91,3.92,3.94,3.83,11244900.0,43510512.0,2020,5,6,10,0,2020-05-06 10:00
314,3.93,3.93,3.94,3.9,5604800.0,21999696.0,2020,5,6,10,15,2020-05-06 10:15
315,3.92,3.9,3.93,3.9,3475400.0,13595104.0,2020,5,6,10,30,2020-05-06 10:30
316,3.91,4.01,4.05,3.9,14411300.0,57549184.0,2020,5,6,10,45,2020-05-06 10:45
317,4.01,4.03,4.1,4.01,16076400.0,65291872.0,2020,5,6,11,0,2020-05-06 11:00
318,4.03,4.0,4.04,3.98,4812700.0,19303104.0,2020,5,6,11,15,2020-05-06 11:15
319,4.0,4.0,4.02,3.99,3316200.0,13280320.0,2020,5,6,11,30,2020-05-06 11:30
320,3.99,4.04,4.05,3.99,2968800.0,11959584.0,2020,5,6,13,15,2020-05-06 13:15
321,4.05,4.01,4.06,3.99,3412100.0,13708288.0,2020,5,6,13,30,2020-05-06 13:30
322,4.0,4.0,4.01,3.96,3147200.0,12543296.0,2020,5,6,13,45,2020-05-06 13:45
323,3.99,4.0,4.0,3.97,3142300.0,12505184.0,2020,5,6,14,0,2020-05-06 14:00
324,3.99,3.99,4.0,3.98,1843700.0,7352128.0,2020,5,6,14,15,2020-05-06 14:15
325,3.99,3.99,4.0,3.97,3064200.0,12198848.0,2020,5,6,14,30,2020-05-06 14:30
326,4.0,3.99,4.02,3.98,4365500.0,17467136.0,2020,5,6,14,45,2020-05-06 14:45
327,4.0,3.96,4.0,3.94,11605600.0,45957216.0,2020,5,6,15,0,2020-05-06 15:00
328,3.92,4.02,4.05,3.85,23026000.0,90792872.0,2020,5,7,9,45,2020-05-07 09:45
329,4.02,4.09,4.14,4.02,26516800.0,108550616.0,2020,5,7,10,0,2020-05-07 10:00
330,4.09,4.27,4.36,4.09,57033300.0,245560096.0,2020,5,7,10,15,2020-05-07 10:15
331,4.28,4.3,4.32,4.25,14705800.0,63067520.0,2020,5,7,10,30,2020-05-07 10:30
332,4.3,4.22,4.31,4.22,5552600.0,23749920.0,2020,5,7,10,45,2020-05-07 10:45
333,4.22,4.2,4.27,4.2,4844900.0,20524864.0,2020,5,7,11,0,2020-05-07 11:00
334,4.22,4.25,4.25,4.2,3213600.0,13576000.0,2020,5,7,11,15,2020-05-07 11:15
335,4.25,4.26,4.28,4.22,1617200.0,6876864.0,2020,5,7,11,30,2020-05-07 11:30
336,4.26,4.24,4.27,4.22,2631200.0,11165952.0,2020,5,7,13,15,2020-05-07 13:15
337,4.24,4.27,4.3,4.18,6469300.0,27431936.0,2020,5,7,13,30,2020-05-07 13:30
338,4.27,4.24,4.27,4.22,2132500.0,9056384.0,2020,5,7,13,45,2020-05-07 13:45
339,4.24,4.26,4.26,4.24,1418000.0,6021376.0,2020,5,7,14,0,2020-05-07 14:00
340,4.25,4.3,4.31,4.25,3849100.0,16455808.0,2020,5,7,14,15,2020-05-07 14:15
341,4.31,4.27,4.36,4.27,8304600.0,35975936.0,2020,5,7,14,30,2020-05-07 14:30
342,4.27,4.26,4.29,4.21,5496400.0,23370560.0,2020,5,7,14,45,2020-05-07 14:45
343,4.25,4.22,4.27,4.21,7306700.0,30943168.0,2020,5,7,15,0,2020-05-07 15:00
344,4.14,4.29,4.33,4.14,39083900.0,166160512.0,2020,5,8,9,45,2020-05-08 09:45
345,4.29,4.23,4.35,4.19,17414200.0,74395760.0,2020,5,8,10,0,2020-05-08 10:00
346,4.22,4.27,4.31,4.21,8058500.0,34344912.0,2020,5,8,10,15,2020-05-08 10:15
347,4.27,4.21,4.28,4.2,4923000.0,20898656.0,2020,5,8,10,30,2020-05-08 10:30
348,4.22,4.18,4.23,4.16,6289400.0,26401696.0,2020,5,8,10,45,2020-05-08 10:45
349,4.18,4.22,4.22,4.15,4923300.0,20548288.0,2020,5,8,11,0,2020-05-08 11:00
350,4.22,4.19,4.23,4.16,2883000.0,12090240.0,2020,5,8,11,15,2020-05-08 11:15
351,4.19,4.15,4.22,4.14,6250000.0,25998464.0,2020,5,8,11,30,2020-05-08 11:30
352,4.15,4.14,4.17,4.11,7087900.0,29277696.0,2020,5,8,13,15,2020-05-08 13:15
353,4.13,4.15,4.15,4.1,5929200.0,24403488.0,2020,5,8,13,30,2020-05-08 13:30
354,4.15,4.15,4.16,4.12,2864400.0,11842080.0,2020,5,8,13,45,2020-05-08 13:45
355,4.16,4.17,4.2,4.15,3440500.0,14373440.0,2020,5,8,14,0,2020-05-08 14:00
356,4.17,4.14,4.18,4.13,2605900.0,10815968.0,2020,5,8,14,15,2020-05-08 14:15
357,4.14,4.14,4.16,4.13,2796800.0,11594272.0,2020,5,8,14,30,2020-05-08 14:30
358,4.14,4.09,4.14,4.09,8476500.0,34823552.0,2020,5,8,14,45,2020-05-08 14:45
359,4.1,4.12,4.13,4.07,11866900.0,48661504.0,2020,5,8,15,0,2020-05-08 15:00
360,4.06,4.08,4.16,4.02,18761100.0,76443840.0,2020,5,11,9,45,2020-05-11 09:45
361,4.08,4.0,4.09,3.97,13401500.0,53931592.0,2020,5,11,10,0,2020-05-11 10:00
362,3.99,3.96,4.03,3.94,11365900.0,45290056.0,2020,5,11,10,15,2020-05-11 10:15
363,3.96,4.02,4.02,3.95,5615700.0,22331168.0,2020,5,11,10,30,2020-05-11 10:30
364,4.02,4.11,4.15,4.01,11094500.0,45539408.0,2020,5,11,10,45,2020-05-11 10:45
365,4.11,4.07,4.11,4.05,3538600.0,14430976.0,2020,5,11,11,0,2020-05-11 11:00
366,4.07,4.06,4.08,4.06,1955400.0,7959888.0,2020,5,11,11,15,2020-05-11 11:15
367,4.07,4.1,4.1,4.02,2407800.0,9752144.0,2020,5,11,11,30,2020-05-11 11:30
368,4.11,4.06,4.11,4.05,3304400.0,13506880.0,2020,5,11,13,15,2020-05-11 13:15
369,4.06,4.08,4.09,4.05,1805300.0,7348544.0,2020,5,11,13,30,2020-05-11 13:30
370,4.08,4.09,4.11,4.05,3329600.0,13575424.0,2020,5,11,13,45,2020-05-11 13:45
371,4.09,4.17,4.21,4.09,13245600.0,55164864.0,2020,5,11,14,0,2020-05-11 14:00
372,4.16,4.16,4.19,4.14,4207300.0,17501344.0,2020,5,11,14,15,2020-05-11 14:15
373,4.16,4.1,4.16,4.09,3525100.0,14530400.0,2020,5,11,14,30,2020-05-11 14:30
374,4.1,4.12,4.12,4.08,3291100.0,13498176.0,2020,5,11,14,45,2020-05-11 14:45
375,4.12,4.19,4.19,4.11,12759100.0,53226464.0,2020,5,11,15,0,2020-05-11 15:00
376,4.15,4.08,4.17,4.07,12190500.0,50222808.0,2020,5,12,9,45,2020-05-12 09:45
377,4.09,4.1,4.11,4.06,5692800.0,23278464.0,2020,5,12,10,0,2020-05-12 10:00
378,4.1,4.1,4.14,4.09,3575000.0,14705928.0,2020,5,12,10,15,2020-05-12 10:15
379,4.1,4.08,4.12,4.07,3336700.0,13659152.0,2020,5,12,10,30,2020-05-12 10:30
380,4.08,4.12,4.12,4.05,4912600.0,19987064.0,2020,5,12,10,45,2020-05-12 10:45
381,4.1,4.12,4.15,4.09,4159300.0,17168760.0,2020,5,12,11,0,2020-05-12 11:00
382,4.12,4.11,4.18,4.11,5917200.0,24593728.0,2020,5,12,11,15,2020-05-12 11:15
383,4.11,4.11,4.13,4.07,2555700.0,10474720.0,2020,5,12,11,30,2020-05-12 11:30
384,4.1,4.11,4.13,4.08,1585700.0,6504256.0,2020,5,12,13,15,2020-05-12 13:15
385,4.11,4.08,4.11,4.08,2418300.0,9886752.0,2020,5,12,13,30,2020-05-12 13:30
386,4.08,4.05,4.1,4.05,5296900.0,21551872.0,2020,5,12,13,45,2020-05-12 13:45
387,4.05,4.08,4.1,4.05,2885300.0,11747008.0,2020,5,12,14,0,2020-05-12 14:00
388,4.07,4.08,4.09,4.06,1807000.0,7350544.0,2020,5,12,14,15,2020-05-12 14:15
389,4.08,4.06,4.08,4.06,2702200.0,10992784.0,2020,5,12,14,30,2020-05-12 14:30
390,4.06,4.03,4.06,4.02,10929500.0,44123200.0,2020,5,12,14,45,2020-05-12 14:45
391,4.02,4.03,4.04,4.01,11046800.0,44428800.0,2020,5,12,15,0,2020-05-12 15:00
392,3.95,3.97,4.02,3.93,9732800.0,38629788.0,2020,5,13,9,45,2020-05-13 09:45
393,3.97,3.98,3.98,3.95,6084500.0,24100408.0,2020,5,13,10,0,2020-05-13 10:00
394,3.98,3.96,4.01,3.95,3119800.0,12423388.0,2020,5,13,10,15,2020-05-13 10:15
395,3.96,3.97,3.97,3.95,2414100.0,9563960.0,2020,5,13,10,30,2020-05-13 10:30
396,3.96,3.96,3.97,3.94,3854500.0,15240336.0,2020,5,13,10,45,2020-05-13 10:45
397,3.96,3.95,3.97,3.94,2781500.0,10986800.0,2020,5,13,11,0,2020-05-13 11:00
398,3.94,3.95,3.95,3.93,2142900.0,8444808.0,2020,5,13,11,15,2020-05-13 11:15
399,3.94,3.91,3.95,3.89,8463600.0,33130160.0,2020,5,13,11,30,2020-05-13 11:30
400,3.91,3.94,3.95,3.9,2518500.0,9879184.0,2020,5,13,13,15,2020-05-13 13:15
401,3.94,3.94,3.96,3.93,1728400.0,6812144.0,2020,5,13,13,30,2020-05-13 13:30
402,3.94,3.93,3.94,3.92,1388000.0,5449744.0,2020,5,13,13,45,2020-05-13 13:45
403,3.92,3.91,3.93,3.9,2987500.0,11678096.0,2020,5,13,14,0,2020-05-13 14:00
404,3.91,3.93,3.93,3.9,2522900.0,9886576.0,2020,5,13,14,15,2020-05-13 14:15
405,3.93,3.92,3.93,3.91,2496800.0,9783680.0,2020,5,13,14,30,2020-05-13 14:30
406,3.91,3.94,3.94,3.91,3803100.0,14935680.0,2020,5,13,14,45,2020-05-13 14:45
407,3.94,3.98,4.0,3.93,9785600.0,38960720.0,2020,5,13,15,0,2020-05-13 15:00
408,3.95,3.99,4.0,3.95,9761100.0,38881996.0,2020,5,14,9,45,2020-05-14 09:45
409,3.99,3.94,3.99,3.94,4017400.0,15939320.0,2020,5,14,10,0,2020-05-14 10:00
410,3.94,3.94,3.95,3.92,4200000.0,16506644.0,2020,5,14,10,15,2020-05-14 10:15
411,3.93,3.94,3.96,3.93,2294400.0,9053552.0,2020,5,14,10,30,2020-05-14 10:30
412,3.95,4.13,4.14,3.93,13119800.0,53086840.0,2020,5,14,10,45,2020-05-14 10:45
413,4.13,4.09,4.17,4.08,18393100.0,75724464.0,2020,5,14,11,0,2020-05-14 11:00
414,4.09,4.34,4.38,4.09,23370100.0,98967376.0,2020,5,14,11,15,2020-05-14 11:15
415,4.34,4.25,4.34,4.23,12285900.0,52439456.0,2020,5,14,11,30,2020-05-14 11:30
416,4.25,4.34,4.34,4.2,7533300.0,32050400.0,2020,5,14,13,15,2020-05-14 13:15
417,4.35,4.38,4.38,4.3,36536200.0,159729408.0,2020,5,14,13,30,2020-05-14 13:30
418,4.38,4.38,4.38,4.35,11820400.0,51761216.0,2020,5,14,13,45,2020-05-14 13:45
419,4.38,4.38,4.38,4.36,13538300.0,59279104.0,2020,5,14,14,0,2020-05-14 14:00
420,4.38,4.38,4.38,4.37,4367300.0,19126208.0,2020,5,14,14,15,2020-05-14 14:15
421,4.38,4.38,4.38,4.37,10640000.0,46598592.0,2020,5,14,14,30,2020-05-14 14:30
422,4.38,4.38,4.38,4.37,4577100.0,20045952.0,2020,5,14,14,45,2020-05-14 14:45
423,4.37,4.38,4.38,4.37,6913800.0,30281536.0,2020,5,14,15,0,2020-05-14 15:00
424,4.36,4.48,4.58,4.35,75437696.0,335977472.0,2020,5,15,9,45,2020-05-15 09:45
425,4.49,4.38,4.52,4.38,20585900.0,91643808.0,2020,5,15,10,0,2020-05-15 10:00
426,4.39,4.42,4.48,4.36,11497500.0,50674336.0,2020,5,15,10,15,2020-05-15 10:15
427,4.43,4.58,4.63,4.41,13995000.0,63464320.0,2020,5,15,10,30,2020-05-15 10:30
428,4.57,4.64,4.74,4.55,20205600.0,93857728.0,2020,5,15,10,45,2020-05-15 10:45
429,4.64,4.68,4.75,4.63,7801500.0,36564608.0,2020,5,15,11,0,2020-05-15 11:00
430,4.68,4.68,4.71,4.63,3780500.0,17642240.0,2020,5,15,11,15,2020-05-15 11:15
431,4.68,4.69,4.71,4.66,3589500.0,16821632.0,2020,5,15,11,30,2020-05-15 11:30
432,4.69,4.58,4.71,4.53,9367300.0,43329536.0,2020,5,15,13,15,2020-05-15 13:15
433,4.58,4.59,4.65,4.57,3725700.0,17130688.0,2020,5,15,13,30,2020-05-15 13:30
434,4.59,4.64,4.74,4.58,7267300.0,33935936.0,2020,5,15,13,45,2020-05-15 13:45
435,4.68,4.82,4.82,4.6,24540600.0,117637568.0,2020,5,15,14,0,2020-05-15 14:00
436,4.82,4.82,4.82,4.82,6114600.0,29472320.0,2020,5,15,14,15,2020-05-15 14:15
437,4.82,4.82,4.82,4.82,1357000.0,6540800.0,2020,5,15,14,30,2020-05-15 14:30
438,4.82,4.82,4.82,4.82,909900.0,4385920.0,2020,5,15,14,45,2020-05-15 14:45
439,4.82,4.82,4.82,4.82,1351700.0,6514816.0,2020,5,15,15,0,2020-05-15 15:00
440,5.03,5.3,5.3,4.84,94980600.0,483642496.0,2020,5,18,9,45,2020-05-18 09:45
441,5.3,5.26,5.3,5.17,47385400.0,249948928.0,2020,5,18,10,0,2020-05-18 10:00
442,5.25,5.22,5.29,5.1,18954700.0,98510080.0,2020,5,18,10,15,2020-05-18 10:15
443,5.22,5.3,5.3,5.21,19620200.0,103725056.0,2020,5,18,10,30,2020-05-18 10:30
444,5.3,5.3,5.3,5.3,1627500.0,8625728.0,2020,5,18,10,45,2020-05-18 10:45
445,5.3,5.3,5.3,5.3,3929000.0,20823680.0,2020,5,18,11,0,2020-05-18 11:00
446,5.3,5.3,5.3,5.3,365900.0,1939264.0,2020,5,18,11,15,2020-05-18 11:15
447,5.3,5.3,5.3,5.3,395600.0,2097088.0,2020,5,18,11,30,2020-05-18 11:30
448,5.3,5.3,5.3,5.3,379500.0,2011392.0,2020,5,18,13,15,2020-05-18 13:15
449,5.3,5.3,5.3,5.3,403300.0,2137216.0,2020,5,18,13,30,2020-05-18 13:30
450,5.3,5.3,5.3,5.3,215200.0,1140608.0,2020,5,18,13,45,2020-05-18 13:45
451,5.3,5.3,5.3,5.3,230700.0,1222720.0,2020,5,18,14,0,2020-05-18 14:00
452,5.3,5.3,5.3,5.3,330400.0,1751104.0,2020,5,18,14,15,2020-05-18 14:15
453,5.3,5.3,5.3,5.3,222600.0,1179776.0,2020,5,18,14,30,2020-05-18 14:30
454,5.3,5.3,5.3,5.3,340700.0,1805696.0,2020,5,18,14,45,2020-05-18 14:45
455,5.3,5.3,5.3,5.3,440000.0,2332096.0,2020,5,18,15,0,2020-05-18 15:00
456,5.4,5.33,5.53,5.05,94872400.0,507407680.0,2020,5,19,9,45,2020-05-19 09:45
457,5.31,5.33,5.4,5.28,23699100.0,126393344.0,2020,5,19,10,0,2020-05-19 10:00
458,5.33,5.48,5.52,5.31,19264800.0,104866688.0,2020,5,19,10,15,2020-05-19 10:15
459,5.47,5.47,5.5,5.38,10714600.0,58144192.0,2020,5,19,10,30,2020-05-19 10:30
460,5.46,5.59,5.64,5.42,17439600.0,96733760.0,2020,5,19,10,45,2020-05-19 10:45
461,5.59,5.59,5.72,5.54,12171500.0,68371584.0,2020,5,19,11,0,2020-05-19 11:00
462,5.58,5.39,5.59,5.31,13675300.0,74438208.0,2020,5,19,11,15,2020-05-19 11:15
463,5.39,5.47,5.48,5.3,9141700.0,49213184.0,2020,5,19,11,30,2020-05-19 11:30
464,5.47,5.51,5.55,5.42,5833300.0,31989376.0,2020,5,19,13,15,2020-05-19 13:15
465,5.51,5.62,5.69,5.47,8043100.0,44843264.0,2020,5,19,13,30,2020-05-19 13:30
466,5.62,5.45,5.64,5.45,5639000.0,31328896.0,2020,5,19,13,45,2020-05-19 13:45
467,5.46,5.47,5.51,5.36,6737500.0,36659456.0,2020,5,19,14,0,2020-05-19 14:00
468,5.46,5.4,5.48,5.35,7276700.0,39368064.0,2020,5,19,14,15,2020-05-19 14:15
469,5.4,5.27,5.41,5.26,13648000.0,72951552.0,2020,5,19,14,30,2020-05-19 14:30
470,5.25,5.26,5.34,5.24,17888500.0,94428672.0,2020,5,19,14,45,2020-05-19 14:45
471,5.25,5.25,5.29,5.12,30579000.0,159555200.0,2020,5,19,15,0,2020-05-19 15:00
472,5.24,5.57,5.57,5.24,84190200.0,453506368.0,2020,5,20,9,45,2020-05-20 09:45
473,5.56,5.47,5.56,5.42,25440100.0,139536704.0,2020,5,20,10,0,2020-05-20 10:00
474,5.46,5.37,5.47,5.31,18238700.0,98202240.0,2020,5,20,10,15,2020-05-20 10:15
475,5.38,5.15,5.38,5.1,31234200.0,162944384.0,2020,5,20,10,30,2020-05-20 10:30
476,5.16,5.23,5.33,5.15,10407000.0,54544064.0,2020,5,20,10,45,2020-05-20 10:45
477,5.22,5.23,5.26,5.18,5775300.0,30070272.0,2020,5,20,11,0,2020-05-20 11:00
478,5.24,5.12,5.25,5.08,11106200.0,57143936.0,2020,5,20,11,15,2020-05-20 11:15
479,5.11,5.06,5.17,5.04,13961400.0,70840960.0,2020,5,20,11,30,2020-05-20 11:30
480,5.07,5.11,5.18,5.05,5509100.0,28081728.0,2020,5,20,13,15,2020-05-20 13:15
481,5.11,5.11,5.15,5.06,4172300.0,21285248.0,2020,5,20,13,30,2020-05-20 13:30
482,5.11,5.04,5.13,5.02,7300400.0,36887168.0,2020,5,20,13,45,2020-05-20 13:45
483,5.03,5.18,5.18,5.02,5664300.0,28686592.0,2020,5,20,14,0,2020-05-20 14:00
484,5.19,5.45,5.52,5.19,32627700.0,176764672.0,2020,5,20,14,15,2020-05-20 14:15
485,5.45,5.39,5.52,5.37,18725700.0,102221952.0,2020,5,20,14,30,2020-05-20 14:30
486,5.38,5.35,5.39,5.23,8430800.0,44850304.0,2020,5,20,14,45,2020-05-20 14:45
487,5.35,5.28,5.35,5.21,12834100.0,67767168.0,2020,5,20,15,0,2020-05-20 15:00
488,4.9,4.77,4.92,4.75,86032096.0,412114400.0,2020,5,21,9,45,2020-05-21 09:45
489,4.77,4.75,4.82,4.75,26081800.0,124126336.0,2020,5,21,10,0,2020-05-21 10:00
490,4.76,4.86,4.93,4.75,11743800.0,56238368.0,2020,5,21,10,15,2020-05-21 10:15
491,4.86,4.87,4.91,4.83,8460900.0,41220864.0,2020,5,21,10,30,2020-05-21 10:30
492,4.87,4.8,4.88,4.8,4298800.0,20819776.0,2020,5,21,10,45,2020-05-21 10:45
493,4.81,4.8,4.83,4.76,4482100.0,21473728.0,2020,5,21,11,0,2020-05-21 11:00
494,4.81,4.83,4.83,4.79,2589900.0,12450304.0,2020,5,21,11,15,2020-05-21 11:15
495,4.83,4.78,4.85,4.76,4217900.0,20241472.0,2020,5,21,11,30,2020-05-21 11:30
496,4.79,4.75,4.8,4.75,8026500.0,38200192.0,2020,5,21,13,15,2020-05-21 13:15
497,4.75,4.75,4.75,4.75,1529100.0,7263168.0,2020,5,21,13,30,2020-05-21 13:30
498,4.75,4.76,4.82,4.75,13869600.0,66005504.0,2020,5,21,13,45,2020-05-21 13:45
499,4.77,4.85,4.9,4.75,8425400.0,40633856.0,2020,5,21,14,0,2020-05-21 14:00
500,4.84,4.77,4.85,4.75,7806900.0,37309312.0,2020,5,21,14,15,2020-05-21 14:15
501,4.77,4.75,4.79,4.75,8454800.0,40238016.0,2020,5,21,14,30,2020-05-21 14:30
502,4.76,4.75,4.77,4.75,7389700.0,35119040.0,2020,5,21,14,45,2020-05-21 14:45
503,4.75,4.75,4.75,4.75,3617000.0,17180736.0,2020,5,21,15,0,2020-05-21 15:00
504,4.6,4.65,4.73,4.52,25324400.0,117166928.0,2020,5,22,9,45,2020-05-22 09:45
505,4.65,4.65,4.69,4.6,7240900.0,33569472.0,2020,5,22,10,0,2020-05-22 10:00
506,4.66,4.7,4.75,4.63,7067500.0,33115568.0,2020,5,22,10,15,2020-05-22 10:15
507,4.7,4.65,4.71,4.64,4665100.0,21814448.0,2020,5,22,10,30,2020-05-22 10:30
508,4.65,4.67,4.7,4.64,4122100.0,19262784.0,2020,5,22,10,45,2020-05-22 10:45
509,4.67,4.62,4.67,4.58,6726200.0,31058672.0,2020,5,22,11,0,2020-05-22 11:00
510,4.62,4.6,4.63,4.59,3687700.0,16978688.0,2020,5,22,11,15,2020-05-22 11:15
511,4.6,4.57,4.6,4.5,8913500.0,40531008.0,2020,5,22,11,30,2020-05-22 11:30
512,4.57,4.49,4.58,4.42,12649700.0,56737280.0,2020,5,22,13,15,2020-05-22 13:15
513,4.49,4.5,4.53,4.41,9200700.0,41128512.0,2020,5,22,13,30,2020-05-22 13:30
514,4.51,4.56,4.6,4.47,6445700.0,29241312.0,2020,5,22,13,45,2020-05-22 13:45
515,4.55,4.52,4.57,4.52,2266500.0,10284320.0,2020,5,22,14,0,2020-05-22 14:00
516,4.52,4.52,4.55,4.5,3702000.0,16734880.0,2020,5,22,14,15,2020-05-22 14:15
517,4.51,4.51,4.56,4.5,4801900.0,21708032.0,2020,5,22,14,30,2020-05-22 14:30
518,4.52,4.46,4.52,4.46,6537800.0,29283808.0,2020,5,22,14,45,2020-05-22 14:45
519,4.46,4.47,4.52,4.44,12842000.0,57501280.0,2020,5,22,15,0,2020-05-22 15:00
520,4.53,4.51,4.61,4.46,25948000.0,117879192.0,2020,5,25,9,45,2020-05-25 09:45
521,4.51,4.54,4.55,4.48,7820300.0,35286408.0,2020,5,25,10,0,2020-05-25 10:00
522,4.54,4.47,4.54,4.45,6996200.0,31419824.0,2020,5,25,10,15,2020-05-25 10:15
523,4.46,4.46,4.5,4.41,7234500.0,32206880.0,2020,5,25,10,30,2020-05-25 10:30
524,4.46,4.48,4.52,4.46,3702800.0,16618640.0,2020,5,25,10,45,2020-05-25 10:45
525,4.48,4.57,4.57,4.46,4622400.0,20828704.0,2020,5,25,11,0,2020-05-25 11:00
526,4.56,4.53,4.57,4.52,3979500.0,18095072.0,2020,5,25,11,15,2020-05-25 11:15
527,4.53,4.52,4.54,4.5,1734900.0,7843744.0,2020,5,25,11,30,2020-05-25 11:30
528,4.52,4.51,4.53,4.49,1658700.0,7482496.0,2020,5,25,13,15,2020-05-25 13:15
529,4.51,4.5,4.51,4.49,1541500.0,6935296.0,2020,5,25,13,30,2020-05-25 13:30
530,4.5,4.48,4.5,4.46,2776400.0,12418656.0,2020,5,25,13,45,2020-05-25 13:45
531,4.48,4.48,4.5,4.46,1977900.0,8851744.0,2020,5,25,14,0,2020-05-25 14:00
532,4.48,4.46,4.49,4.46,2939800.0,13153216.0,2020,5,25,14,15,2020-05-25 14:15
533,4.47,4.44,4.47,4.41,5073800.0,22530528.0,2020,5,25,14,30,2020-05-25 14:30
534,4.44,4.51,4.52,4.43,5525600.0,24805280.0,2020,5,25,14,45,2020-05-25 14:45
535,4.5,4.57,4.57,4.48,13235500.0,59946240.0,2020,5,25,15,0,2020-05-25 15:00
536,4.55,4.46,4.55,4.43,17097200.0,76633120.0,2020,5,26,9,45,2020-05-26 09:45
537,4.47,4.56,4.58,4.45,11272800.0,51012784.0,2020,5,26,10,0,2020-05-26 10:00
538,4.55,4.57,4.58,4.51,6795900.0,30891408.0,2020,5,26,10,15,2020-05-26 10:15
539,4.58,4.64,4.69,4.57,18233800.0,84598096.0,2020,5,26,10,30,2020-05-26 10:30
540,4.64,4.62,4.64,4.57,5748400.0,26479376.0,2020,5,26,10,45,2020-05-26 10:45
541,4.61,4.61,4.62,4.56,5072400.0,23270304.0,2020,5,26,11,0,2020-05-26 11:00
542,4.61,4.62,4.63,4.61,3311300.0,15297408.0,2020,5,26,11,15,2020-05-26 11:15
543,4.61,4.63,4.64,4.6,2746700.0,12680992.0,2020,5,26,11,30,2020-05-26 11:30
544,4.63,4.62,4.66,4.6,4866700.0,22583552.0,2020,5,26,13,15,2020-05-26 13:15
545,4.61,4.62,4.64,4.61,2637400.0,12201248.0,2020,5,26,13,30,2020-05-26 13:30
546,4.63,4.63,4.64,4.61,2400600.0,11103776.0,2020,5,26,13,45,2020-05-26 13:45
547,4.64,4.65,4.7,4.63,8268900.0,38603552.0,2020,5,26,14,0,2020-05-26 14:00
548,4.66,4.63,4.66,4.62,3565000.0,16526592.0,2020,5,26,14,15,2020-05-26 14:15
549,4.64,4.79,4.86,4.6,21078600.0,99685888.0,2020,5,26,14,30,2020-05-26 14:30
550,4.78,4.77,4.98,4.77,25071300.0,122267872.0,2020,5,26,14,45,2020-05-26 14:45
551,4.78,4.83,4.85,4.77,13580400.0,65321984.0,2020,5,26,15,0,2020-05-26 15:00
552,4.73,4.77,4.86,4.7,24388600.0,115886528.0,2020,5,27,9,45,2020-05-27 09:45
553,4.77,4.79,4.83,4.76,7857700.0,37633072.0,2020,5,27,10,0,2020-05-27 10:00
554,4.78,4.85,4.88,4.78,11995100.0,58084448.0,2020,5,27,10,15,2020-05-27 10:15
555,4.85,4.78,4.85,4.75,8806500.0,42233184.0,2020,5,27,10,30,2020-05-27 10:30
556,4.78,4.79,4.83,4.77,4135000.0,19827984.0,2020,5,27,10,45,2020-05-27 10:45
557,4.8,4.89,4.94,4.79,15389300.0,75311616.0,2020,5,27,11,0,2020-05-27 11:00
558,4.89,4.87,4.9,4.85,4230100.0,20615264.0,2020,5,27,11,15,2020-05-27 11:15
559,4.87,4.88,4.88,4.84,2864400.0,13916704.0,2020,5,27,11,30,2020-05-27 11:30
560,4.88,4.86,4.9,4.85,2594600.0,12635008.0,2020,5,27,13,15,2020-05-27 13:15
561,4.85,4.89,4.89,4.82,3544900.0,17205600.0,2020,5,27,13,30,2020-05-27 13:30
562,4.89,4.84,4.89,4.83,3777000.0,18331584.0,2020,5,27,13,45,2020-05-27 13:45
563,4.85,4.79,4.85,4.76,6556500.0,31468576.0,2020,5,27,14,0,2020-05-27 14:00
564,4.8,4.99,5.11,4.78,35914200.0,179837376.0,2020,5,27,14,15,2020-05-27 14:15
565,4.99,4.96,5.0,4.95,9168200.0,45611392.0,2020,5,27,14,30,2020-05-27 14:30
566,4.95,4.91,4.98,4.88,10751300.0,52969216.0,2020,5,27,14,45,2020-05-27 14:45
567,4.92,4.93,4.94,4.89,14582600.0,71676096.0,2020,5,27,15,0,2020-05-27 15:00
568,4.85,4.9,4.94,4.82,15219900.0,74160168.0,2020,5,28,9,45,2020-05-28 09:45
569,4.89,4.8,4.9,4.76,14718500.0,70987368.0,2020,5,28,10,0,2020-05-28 10:00
570,4.78,4.81,4.86,4.77,7264300.0,34908784.0,2020,5,28,10,15,2020-05-28 10:15
571,4.82,4.8,4.83,4.78,4744900.0,22772640.0,2020,5,28,10,30,2020-05-28 10:30
572,4.8,4.86,4.92,4.8,6905900.0,33639040.0,2020,5,28,10,45,2020-05-28 10:45
573,4.86,5.02,5.02,4.86,13188400.0,65324672.0,2020,5,28,11,0,2020-05-28 11:00
574,5.01,4.93,5.02,4.93,7325400.0,36392064.0,2020,5,28,11,15,2020-05-28 11:15
575,4.93,4.89,4.94,4.87,5946400.0,29135776.0,2020,5,28,11,30,2020-05-28 11:30
576,4.88,4.94,4.98,4.85,5182800.0,25492256.0,2020,5,28,13,15,2020-05-28 13:15
577,4.94,5.08,5.18,4.94,33114300.0,168513888.0,2020,5,28,13,30,2020-05-28 13:30
578,5.08,5.05,5.09,5.01,8538600.0,43100544.0,2020,5,28,13,45,2020-05-28 13:45
579,5.04,5.08,5.08,5.04,5012600.0,25370368.0,2020,5,28,14,0,2020-05-28 14:00
580,5.08,5.01,5.09,4.98,7963000.0,40053568.0,2020,5,28,14,15,2020-05-28 14:15
581,5.01,5.01,5.06,4.98,7289500.0,36561728.0,2020,5,28,14,30,2020-05-28 14:30
582,5.02,4.95,5.03,4.94,9923600.0,49376128.0,2020,5,28,14,45,2020-05-28 14:45
583,4.94,4.89,4.95,4.88,16085600.0,78955456.0,2020,5,28,15,0,2020-05-28 15:00
584,4.81,4.72,4.82,4.63,27529800.0,130392208.0,2020,5,29,9,45,2020-05-29 09:45
585,4.72,4.69,4.74,4.65,12499900.0,58686880.0,2020,5,29,10,0,2020-05-29 10:00
586,4.69,4.75,4.79,4.65,9528900.0,44825776.0,2020,5,29,10,15,2020-05-29 10:15
587,4.75,4.78,4.81,4.72,4979700.0,23733952.0,2020,5,29,10,30,2020-05-29 10:30
588,4.77,4.78,4.81,4.75,2975900.0,14230592.0,2020,5,29,10,45,2020-05-29 10:45
589,4.78,4.77,4.8,4.76,2381800.0,11390016.0,2020,5,29,11,0,2020-05-29 11:00
590,4.77,4.77,4.78,4.74,3015900.0,14355360.0,2020,5,29,11,15,2020-05-29 11:15
591,4.76,4.82,4.84,4.72,4500400.0,21461152.0,2020,5,29,11,30,2020-05-29 11:30
592,4.82,4.83,4.83,4.74,3033300.0,14492608.0,2020,5,29,13,15,2020-05-29 13:15
593,4.83,4.78,4.83,4.76,2463600.0,11822528.0,2020,5,29,13,30,2020-05-29 13:30
594,4.78,4.93,5.02,4.78,29699700.0,147578688.0,2020,5,29,13,45,2020-05-29 13:45
595,4.93,4.94,4.95,4.91,7577800.0,37390272.0,2020,5,29,14,0,2020-05-29 14:00
596,4.93,4.93,5.0,4.91,7661600.0,37909728.0,2020,5,29,14,15,2020-05-29 14:15
597,4.93,4.93,4.95,4.92,4262700.0,21024832.0,2020,5,29,14,30,2020-05-29 14:30
598,4.93,4.84,4.94,4.83,11696700.0,57127168.0,2020,5,29,14,45,2020-05-29 14:45
599,4.84,4.82,4.88,4.8,16028000.0,77342720.0,2020,5,29,15,0,2020-05-29 15:00
600,4.71,4.78,4.84,4.71,21330600.0,101630368.0,2020,6,1,9,45,2020-06-01 09:45
601,4.78,4.78,4.81,4.76,9162900.0,43832544.0,2020,6,1,10,0,2020-06-01 10:00
602,4.77,4.84,4.86,4.77,7575100.0,36500304.0,2020,6,1,10,15,2020-06-01 10:15
603,4.85,4.89,4.92,4.84,10952600.0,53538528.0,2020,6,1,10,30,2020-06-01 10:30
604,4.89,4.91,4.92,4.86,5986600.0,29255360.0,2020,6,1,10,45,2020-06-01 10:45
605,4.91,4.87,4.92,4.86,4170700.0,20389008.0,2020,6,1,11,0,2020-06-01 11:00
606,4.86,4.87,4.9,4.84,4576600.0,22275264.0,2020,6,1,11,15,2020-06-01 11:15
607,4.87,4.93,4.95,4.87,6988000.0,34370016.0,2020,6,1,11,30,2020-06-01 11:30
608,4.91,4.94,4.95,4.91,3498100.0,17231488.0,2020,6,1,13,15,2020-06-01 13:15
609,4.94,4.93,4.99,4.93,8167600.0,40540320.0,2020,6,1,13,30,2020-06-01 13:30
610,4.93,4.91,4.97,4.91,4793600.0,23667456.0,2020,6,1,13,45,2020-06-01 13:45
611,4.91,4.92,4.93,4.89,5265300.0,25840896.0,2020,6,1,14,0,2020-06-01 14:00
612,4.91,4.88,4.92,4.86,6706500.0,32765856.0,2020,6,1,14,15,2020-06-01 14:15
613,4.88,4.92,4.92,4.88,4939900.0,24179872.0,2020,6,1,14,30,2020-06-01 14:30
614,4.92,4.89,4.92,4.86,7204600.0,35203008.0,2020,6,1,14,45,2020-06-01 14:45
615,4.89,4.93,4.94,4.89,18847000.0,92811840.0,2020,6,1,15,0,2020-06-01 15:00
616,4.91,5.17,5.19,4.89,41566900.0,211196784.0,2020,6,2,9,45,2020-06-02 09:45
617,5.18,5.24,5.39,5.18,41684100.0,220473456.0,2020,6,2,10,0,2020-06-02 10:00
618,5.23,5.26,5.32,5.22,11891400.0,62620800.0,2020,6,2,10,15,2020-06-02 10:15
619,5.25,5.42,5.42,5.25,40261000.0,217590240.0,2020,6,2,10,30,2020-06-02 10:30
620,5.42,5.42,5.42,5.42,3051300.0,16538048.0,2020,6,2,10,45,2020-06-02 10:45
621,5.42,5.42,5.42,5.42,2127800.0,11532672.0,2020,6,2,11,0,2020-06-02 11:00
622,5.42,5.42,5.42,5.42,500800.0,2714368.0,2020,6,2,11,15,2020-06-02 11:15
623,5.42,5.42,5.42,5.42,1805400.0,9785280.0,2020,6,2,11,30,2020-06-02 11:30
624,5.42,5.42,5.42,5.42,1081200.0,5860096.0,2020,6,2,13,15,2020-06-02 13:15
625,5.42,5.42,5.42,5.42,295100.0,1599424.0,2020,6,2,13,30,2020-06-02 13:30
626,5.42,5.42,5.42,5.42,325900.0,1766720.0,2020,6,2,13,45,2020-06-02 13:45
627,5.42,5.42,5.42,5.42,321100.0,1740416.0,2020,6,2,14,0,2020-06-02 14:00
628,5.42,5.42,5.42,5.42,242800.0,1315968.0,2020,6,2,14,15,2020-06-02 14:15
629,5.42,5.42,5.42,5.42,342400.0,1855488.0,2020,6,2,14,30,2020-06-02 14:30
630,5.42,5.42,5.42,5.42,448600.0,2431360.0,2020,6,2,14,45,2020-06-02 14:45
631,5.42,5.42,5.42,5.42,862700.0,4675840.0,2020,6,2,15,0,2020-06-02 15:00
632,5.58,5.32,5.68,5.32,89146600.0,492091456.0,2020,6,3,9,45,2020-06-03 09:45
633,5.32,5.43,5.47,5.3,18831900.0,101374080.0,2020,6,3,10,0,2020-06-03 10:00
634,5.43,5.29,5.47,5.22,20684300.0,110143616.0,2020,6,3,10,15,2020-06-03 10:15
635,5.28,5.36,5.41,5.25,9625200.0,51089152.0,2020,6,3,10,30,2020-06-03 10:30
636,5.36,5.39,5.45,5.36,7894900.0,42634624.0,2020,6,3,10,45,2020-06-03 10:45
637,5.37,5.29,5.39,5.28,5643900.0,30066944.0,2020,6,3,11,0,2020-06-03 11:00
638,5.29,5.33,5.41,5.29,5049500.0,26990208.0,2020,6,3,11,15,2020-06-03 11:15
639,5.33,5.34,5.35,5.28,5395000.0,28655488.0,2020,6,3,11,30,2020-06-03 11:30
640,5.34,5.5,5.55,5.34,12073100.0,65962944.0,2020,6,3,13,15,2020-06-03 13:15
641,5.5,5.59,5.6,5.45,12205600.0,67469504.0,2020,6,3,13,30,2020-06-03 13:30
642,5.59,5.43,5.6,5.41,9248700.0,51066304.0,2020,6,3,13,45,2020-06-03 13:45
643,5.41,5.4,5.43,5.37,7378500.0,39821568.0,2020,6,3,14,0,2020-06-03 14:00
644,5.4,5.5,5.55,5.39,6645700.0,36317824.0,2020,6,3,14,15,2020-06-03 14:15
645,5.5,5.33,5.52,5.31,12294900.0,66523904.0,2020,6,3,14,30,2020-06-03 14:30
646,5.33,5.31,5.37,5.29,10747700.0,57192832.0,2020,6,3,14,45,2020-06-03 14:45
647,5.31,5.24,5.32,5.2,23417800.0,122935296.0,2020,6,3,15,0,2020-06-03 15:00
648,5.09,5.25,5.32,5.09,37242800.0,193303744.0,2020,6,4,9,45,2020-06-04 09:45
649,5.25,5.25,5.38,5.24,16076000.0,85351168.0,2020,6,4,10,0,2020-06-04 10:00
650,5.25,5.29,5.32,5.25,6186000.0,32737568.0,2020,6,4,10,15,2020-06-04 10:15
651,5.29,5.26,5.36,5.25,9473900.0,50387488.0,2020,6,4,10,30,2020-06-04 10:30
652,5.26,5.27,5.3,5.25,3920600.0,20679744.0,2020,6,4,10,45,2020-06-04 10:45
653,5.26,5.23,5.28,5.17,6724000.0,35112544.0,2020,6,4,11,0,2020-06-04 11:00
654,5.22,5.16,5.24,5.15,5950200.0,30842368.0,2020,6,4,11,15,2020-06-04 11:15
655,5.16,5.24,5.26,5.16,3084900.0,16087936.0,2020,6,4,11,30,2020-06-04 11:30
656,5.24,5.2,5.27,5.17,3083900.0,16087552.0,2020,6,4,13,15,2020-06-04 13:15
657,5.2,5.18,5.21,5.16,3999300.0,20712416.0,2020,6,4,13,30,2020-06-04 13:30
658,5.18,5.12,5.19,5.11,8772500.0,45039104.0,2020,6,4,13,45,2020-06-04 13:45
659,5.12,5.15,5.23,5.12,4442500.0,22996224.0,2020,6,4,14,0,2020-06-04 14:00
660,5.15,5.16,5.18,5.13,3859500.0,19896448.0,2020,6,4,14,15,2020-06-04 14:15
661,5.15,5.14,5.17,5.11,5488200.0,28187200.0,2020,6,4,14,30,2020-06-04 14:30
662,5.14,5.04,5.14,5.01,20088300.0,101928896.0,2020,6,4,14,45,2020-06-04 14:45
663,5.04,5.03,5.08,5.03,15817500.0,79777280.0,2020,6,4,15,0,2020-06-04 15:00
664,4.94,4.9,5.06,4.9,28218900.0,140345904.0,2020,6,5,9,45,2020-06-05 09:45
665,4.91,4.97,4.99,4.9,9719300.0,48021408.0,2020,6,5,10,0,2020-06-05 10:00
666,4.97,5.05,5.05,4.94,6004800.0,29941760.0,2020,6,5,10,15,2020-06-05 10:15
667,5.05,5.0,5.05,4.97,5149900.0,25778160.0,2020,6,5,10,30,2020-06-05 10:30
668,5.0,4.99,5.01,4.97,3257600.0,16264080.0,2020,6,5,10,45,2020-06-05 10:45
669,4.99,4.96,5.0,4.94,4703600.0,23342672.0,2020,6,5,11,0,2020-06-05 11:00
670,4.96,4.93,4.96,4.92,4566600.0,22541920.0,2020,6,5,11,15,2020-06-05 11:15
671,4.93,4.92,4.94,4.88,8679200.0,42578336.0,2020,6,5,11,30,2020-06-05 11:30
672,4.91,4.85,4.92,4.85,4937300.0,24091744.0,2020,6,5,13,15,2020-06-05 13:15
673,4.85,4.88,4.92,4.85,3642300.0,17765536.0,2020,6,5,13,30,2020-06-05 13:30
674,4.87,4.88,4.91,4.85,3894200.0,18984128.0,2020,6,5,13,45,2020-06-05 13:45
675,4.89,4.91,4.92,4.87,3171700.0,15511872.0,2020,6,5,14,0,2020-06-05 14:00
676,4.92,4.92,4.95,4.91,3965200.0,19559360.0,2020,6,5,14,15,2020-06-05 14:15
677,4.93,4.89,4.94,4.86,5750100.0,28196384.0,2020,6,5,14,30,2020-06-05 14:30
678,4.89,4.92,4.92,4.88,6131900.0,29980384.0,2020,6,5,14,45,2020-06-05 14:45
679,4.92,4.87,4.92,4.87,11424400.0,55798240.0,2020,6,5,15,0,2020-06-05 15:00
680,4.92,4.81,4.92,4.75,22062600.0,106390024.0,2020,6,8,9,45,2020-06-08 09:45
681,4.8,4.75,4.81,4.68,17195600.0,81340584.0,2020,6,8,10,0,2020-06-08 10:00
682,4.74,4.73,4.75,4.71,6944800.0,32816656.0,2020,6,8,10,15,2020-06-08 10:15
683,4.73,4.72,4.77,4.71,5871500.0,27804144.0,2020,6,8,10,30,2020-06-08 10:30
684,4.71,4.69,4.72,4.67,8966100.0,42000880.0,2020,6,8,10,45,2020-06-08 10:45
685,4.69,4.68,4.72,4.67,4720400.0,22153088.0,2020,6,8,11,0,2020-06-08 11:00
686,4.68,4.71,4.72,4.67,3311200.0,15534208.0,2020,6,8,11,15,2020-06-08 11:15
687,4.71,4.68,4.74,4.68,3084100.0,14527936.0,2020,6,8,11,30,2020-06-08 11:30
688,4.69,4.67,4.7,4.66,4004300.0,18736896.0,2020,6,8,13,15,2020-06-08 13:15
689,4.67,4.63,4.69,4.62,7898200.0,36747520.0,2020,6,8,13,30,2020-06-08 13:30
690,4.62,4.68,4.68,4.6,6456300.0,29867584.0,2020,6,8,13,45,2020-06-08 13:45
691,4.68,4.63,4.68,4.61,3273100.0,15213120.0,2020,6,8,14,0,2020-06-08 14:00
692,4.63,4.65,4.67,4.62,3521900.0,16347520.0,2020,6,8,14,15,2020-06-08 14:15
693,4.66,4.63,4.66,4.63,2998200.0,13916960.0,2020,6,8,14,30,2020-06-08 14:30
694,4.64,4.63,4.65,4.6,8231700.0,38001184.0,2020,6,8,14,45,2020-06-08 14:45
695,4.63,4.62,4.64,4.61,8642900.0,39960480.0,2020,6,8,15,0,2020-06-08 15:00
696,4.58,4.55,4.6,4.48,14164100.0,64243952.0,2020,6,9,9,45,2020-06-09 09:45
697,4.54,4.53,4.57,4.51,6077700.0,27528824.0,2020,6,9,10,0,2020-06-09 10:00
698,4.54,4.48,4.54,4.48,8088700.0,36438632.0,2020,6,9,10,15,2020-06-09 10:15
699,4.48,4.48,4.49,4.45,10611800.0,47398976.0,2020,6,9,10,30,2020-06-09 10:30
700,4.49,4.51,4.51,4.48,4146000.0,18614288.0,2020,6,9,10,45,2020-06-09 10:45
701,4.51,4.5,4.52,4.48,2609700.0,11735760.0,2020,6,9,11,0,2020-06-09 11:00
702,4.49,4.47,4.5,4.46,2833300.0,12681888.0,2020,6,9,11,15,2020-06-09 11:15
703,4.47,4.5,4.5,4.46,2427500.0,10866464.0,2020,6,9,11,30,2020-06-09 11:30
704,4.5,4.64,4.67,4.49,11917300.0,54829424.0,2020,6,9,13,15,2020-06-09 13:15
705,4.65,4.62,4.69,4.62,9034000.0,42126368.0,2020,6,9,13,30,2020-06-09 13:30
706,4.63,4.63,4.66,4.62,3115400.0,14453632.0,2020,6,9,13,45,2020-06-09 13:45
707,4.63,4.68,4.68,4.63,4837100.0,22538848.0,2020,6,9,14,0,2020-06-09 14:00
708,4.68,4.63,4.68,4.63,3989100.0,18576320.0,2020,6,9,14,15,2020-06-09 14:15
709,4.63,4.67,4.68,4.63,3417100.0,15892320.0,2020,6,9,14,30,2020-06-09 14:30
710,4.67,4.66,4.67,4.64,4682100.0,21816576.0,2020,6,9,14,45,2020-06-09 14:45
711,4.67,4.71,4.71,4.66,10002200.0,46930528.0,2020,6,9,15,0,2020-06-09 15:00
712,4.65,4.61,4.66,4.59,11161100.0,51561204.0,2020,6,10,9,45,2020-06-10 09:45
713,4.61,4.63,4.65,4.6,3743200.0,17331612.0,2020,6,10,10,0,2020-06-10 10:00
714,4.63,4.58,4.64,4.57,7144900.0,32876688.0,2020,6,10,10,15,2020-06-10 10:15
715,4.59,4.59,4.61,4.58,2626100.0,12073384.0,2020,6,10,10,30,2020-06-10 10:30
716,4.6,4.58,4.6,4.56,3852300.0,17634848.0,2020,6,10,10,45,2020-06-10 10:45
717,4.58,4.59,4.59,4.57,1599800.0,7325288.0,2020,6,10,11,0,2020-06-10 11:00
718,4.58,4.59,4.6,4.58,1154500.0,5293232.0,2020,6,10,11,15,2020-06-10 11:15
719,4.59,4.6,4.6,4.59,994800.0,4570320.0,2020,6,10,11,30,2020-06-10 11:30
720,4.6,4.59,4.61,4.57,1521300.0,6974752.0,2020,6,10,13,15,2020-06-10 13:15
721,4.6,4.61,4.63,4.59,1422800.0,6559312.0,2020,6,10,13,30,2020-06-10 13:30
722,4.6,4.58,4.61,4.57,2142300.0,9830480.0,2020,6,10,13,45,2020-06-10 13:45
723,4.57,4.57,4.58,4.56,2666500.0,12183616.0,2020,6,10,14,0,2020-06-10 14:00
724,4.58,4.52,4.58,4.51,8147700.0,36927920.0,2020,6,10,14,15,2020-06-10 14:15
725,4.53,4.51,4.53,4.51,4570200.0,20657680.0,2020,6,10,14,30,2020-06-10 14:30
726,4.51,4.53,4.54,4.5,6002500.0,27104112.0,2020,6,10,14,45,2020-06-10 14:45
727,4.53,4.49,4.55,4.49,10115300.0,45642528.0,2020,6,10,15,0,2020-06-10 15:00
728,4.48,4.49,4.55,4.48,8144400.0,36781012.0,2020,6,11,9,45,2020-06-11 09:45
729,4.49,4.5,4.53,4.46,5527000.0,24794000.0,2020,6,11,10,0,2020-06-11 10:00
730,4.5,4.5,4.52,4.48,2698500.0,12133564.0,2020,6,11,10,15,2020-06-11 10:15
731,4.5,4.47,4.51,4.47,3366200.0,15094032.0,2020,6,11,10,30,2020-06-11 10:30
732,4.47,4.48,4.49,4.47,2610100.0,11681736.0,2020,6,11,10,45,2020-06-11 10:45
733,4.48,4.48,4.5,4.47,2004500.0,8979416.0,2020,6,11,11,0,2020-06-11 11:00
734,4.49,4.5,4.5,4.48,1776400.0,7979816.0,2020,6,11,11,15,2020-06-11 11:15
735,4.49,4.51,4.51,4.48,1602400.0,7205552.0,2020,6,11,11,30,2020-06-11 11:30
736,4.5,4.48,4.51,4.48,1875100.0,8424224.0,2020,6,11,13,15,2020-06-11 13:15
737,4.48,4.6,4.66,4.48,16821100.0,77386984.0,2020,6,11,13,30,2020-06-11 13:30
738,4.6,4.58,4.6,4.56,3324400.0,15216448.0,2020,6,11,13,45,2020-06-11 13:45
739,4.58,4.58,4.59,4.56,2140400.0,9793360.0,2020,6,11,14,0,2020-06-11 14:00
740,4.59,4.54,4.59,4.52,3616200.0,16458144.0,2020,6,11,14,15,2020-06-11 14:15
741,4.54,4.55,4.57,4.54,1940000.0,8831296.0,2020,6,11,14,30,2020-06-11 14:30
742,4.56,4.51,4.56,4.51,3726800.0,16911360.0,2020,6,11,14,45,2020-06-11 14:45
743,4.51,4.56,4.56,4.5,6234800.0,28275744.0,2020,6,11,15,0,2020-06-11 15:00
744,4.43,4.39,4.43,4.33,12195200.0,53487372.0,2020,6,12,9,45,2020-06-12 09:45
745,4.39,4.45,4.46,4.38,3654100.0,16133084.0,2020,6,12,10,0,2020-06-12 10:00
746,4.46,4.45,4.47,4.41,3540600.0,15699760.0,2020,6,12,10,15,2020-06-12 10:15
747,4.45,4.46,4.47,4.43,2040700.0,9073640.0,2020,6,12,10,30,2020-06-12 10:30
748,4.45,4.45,4.47,4.44,1299500.0,5785704.0,2020,6,12,10,45,2020-06-12 10:45
749,4.44,4.45,4.47,4.44,1298500.0,5786416.0,2020,6,12,11,0,2020-06-12 11:00
750,4.44,4.46,4.46,4.44,1223300.0,5439208.0,2020,6,12,11,15,2020-06-12 11:15
751,4.46,4.47,4.47,4.45,1088500.0,4852560.0,2020,6,12,11,30,2020-06-12 11:30
752,4.46,4.45,4.48,4.44,1450100.0,6468248.0,2020,6,12,13,15,2020-06-12 13:15
753,4.45,4.45,4.46,4.42,2597800.0,11534184.0,2020,6,12,13,30,2020-06-12 13:30
754,4.45,4.45,4.46,4.44,1874700.0,8333520.0,2020,6,12,13,45,2020-06-12 13:45
755,4.45,4.46,4.47,4.44,2674600.0,11921184.0,2020,6,12,14,0,2020-06-12 14:00
756,4.46,4.46,4.48,4.46,1882300.0,8415040.0,2020,6,12,14,15,2020-06-12 14:15
757,4.47,4.45,4.47,4.45,2250400.0,10028928.0,2020,6,12,14,30,2020-06-12 14:30
758,4.45,4.43,4.46,4.42,4061200.0,18038032.0,2020,6,12,14,45,2020-06-12 14:45
759,4.43,4.44,4.46,4.43,7586600.0,33686224.0,2020,6,12,15,0,2020-06-12 15:00
760,4.4,4.33,4.42,4.29,15538600.0,67267792.0,2020,6,15,9,45,2020-06-15 09:45
761,4.31,4.29,4.34,4.28,7513300.0,32372056.0,2020,6,15,10,0,2020-06-15 10:00
762,4.28,4.31,4.32,4.27,7483800.0,32088128.0,2020,6,15,10,15,2020-06-15 10:15
763,4.31,4.32,4.32,4.28,4580300.0,19676072.0,2020,6,15,10,30,2020-06-15 10:30
764,4.32,4.29,4.32,4.29,3248000.0,13972768.0,2020,6,15,10,45,2020-06-15 10:45
765,4.29,4.29,4.3,4.27,3453700.0,14801344.0,2020,6,15,11,0,2020-06-15 11:00
766,4.28,4.32,4.35,4.28,3529700.0,15208144.0,2020,6,15,11,15,2020-06-15 11:15
767,4.32,4.32,4.33,4.31,1415900.0,6117488.0,2020,6,15,11,30,2020-06-15 11:30
768,4.33,4.38,4.38,4.31,3626800.0,15776032.0,2020,6,15,13,15,2020-06-15 13:15
769,4.37,4.33,4.38,4.33,1631100.0,7098256.0,2020,6,15,13,30,2020-06-15 13:30
770,4.33,4.31,4.34,4.3,1964700.0,8488096.0,2020,6,15,13,45,2020-06-15 13:45
771,4.31,4.29,4.32,4.27,4062400.0,17438064.0,2020,6,15,14,0,2020-06-15 14:00
772,4.29,4.3,4.31,4.28,1945200.0,8343552.0,2020,6,15,14,15,2020-06-15 14:15
773,4.29,4.28,4.31,4.27,2776300.0,11904464.0,2020,6,15,14,30,2020-06-15 14:30
774,4.27,4.22,4.28,4.21,9390000.0,39852800.0,2020,6,15,14,45,2020-06-15 14:45
775,4.22,4.18,4.23,4.18,12430400.0,52168096.0,2020,6,15,15,0,2020-06-15 15:00
776,4.23,4.22,4.24,4.18,9378300.0,39519764.0,2020,6,16,9,45,2020-06-16 09:45
777,4.22,4.21,4.22,4.19,5224800.0,21978356.0,2020,6,16,10,0,2020-06-16 10:00
778,4.21,4.28,4.32,4.21,14239100.0,61025176.0,2020,6,16,10,15,2020-06-16 10:15
779,4.28,4.26,4.29,4.24,4205000.0,17940256.0,2020,6,16,10,30,2020-06-16 10:30
780,4.26,4.27,4.28,4.25,1753000.0,7488720.0,2020,6,16,10,45,2020-06-16 10:45
781,4.27,4.28,4.28,4.26,1324900.0,5655008.0,2020,6,16,11,0,2020-06-16 11:00
782,4.27,4.27,4.27,4.26,1179400.0,5031056.0,2020,6,16,11,15,2020-06-16 11:15
783,4.27,4.25,4.27,4.25,1713700.0,7296384.0,2020,6,16,11,30,2020-06-16 11:30
784,4.26,4.26,4.27,4.25,1045200.0,4450176.0,2020,6,16,13,15,2020-06-16 13:15
785,4.26,4.25,4.26,4.24,1235300.0,5252144.0,2020,6,16,13,30,2020-06-16 13:30
786,4.25,4.23,4.25,4.22,3169400.0,13412224.0,2020,6,16,13,45,2020-06-16 13:45
787,4.23,4.26,4.29,4.21,4979500.0,21186768.0,2020,6,16,14,0,2020-06-16 14:00
788,4.27,4.26,4.27,4.25,1293200.0,5513568.0,2020,6,16,14,15,2020-06-16 14:15
789,4.26,4.27,4.3,4.25,3179700.0,13607024.0,2020,6,16,14,30,2020-06-16 14:30
790,4.27,4.29,4.29,4.25,3227800.0,13776608.0,2020,6,16,14,45,2020-06-16 14:45
791,4.29,4.39,4.39,4.29,20814200.0,90573136.0,2020,6,16,15,0,2020-06-16 15:00
792,4.55,4.54,4.63,4.47,48604800.0,221335248.0,2020,6,17,9,45,2020-06-17 09:45
793,4.54,4.68,4.69,4.51,27007000.0,125016752.0,2020,6,17,10,0,2020-06-17 10:00
794,4.68,4.69,4.69,4.63,11672900.0,54395712.0,2020,6,17,10,15,2020-06-17 10:15
795,4.69,4.73,4.82,4.69,19564600.0,93283584.0,2020,6,17,10,30,2020-06-17 10:30
796,4.74,4.69,4.75,4.67,5315900.0,25036896.0,2020,6,17,10,45,2020-06-17 10:45
797,4.69,4.7,4.7,4.67,3021100.0,14162816.0,2020,6,17,11,0,2020-06-17 11:00
798,4.69,4.68,4.72,4.67,2497400.0,11731360.0,2020,6,17,11,15,2020-06-17 11:15
799,4.68,4.68,4.69,4.67,1765800.0,8258496.0,2020,6,17,13,0,2020-06-17 13:00
