,open,close,high,low,vol,amount,year,month,day,hour,minute,datetime
0,14.21,14.1,14.23,14.06,4902400.0,69322880.0,2020,4,2,13,15,2020-04-02 13:15
1,14.1,14.04,14.11,14.03,4768800.0,67094784.0,2020,4,2,13,30,2020-04-02 13:30
2,14.04,14.13,14.17,14.02,3702400.0,52180864.0,2020,4,2,13,45,2020-04-02 13:45
3,14.12,14.2,14.22,14.1,4226600.0,59850112.0,2020,4,2,14,0,2020-04-02 14:00
4,14.2,14.29,14.3,14.19,10190300.0,145328768.0,2020,4,2,14,15,2020-04-02 14:15
5,14.29,14.59,14.59,14.26,27271100.0,394164608.0,2020,4,2,14,30,2020-04-02 14:30
6,14.6,14.57,14.63,14.53,11889600.0,173278592.0,2020,4,2,14,45,2020-04-02 14:45
7,14.57,14.6,14.61,14.54,13404900.0,195391232.0,2020,4,2,15,0,2020-04-02 15:00
8,14.43,14.19,14.45,14.19,26775200.0,382831776.0,2020,4,3,9,45,2020-04-03 09:45
9,14.18,14.29,14.29,14.1,14220900.0,201946784.0,2020,4,3,10,0,2020-04-03 10:00
10,14.3,14.25,14.34,14.21,8290300.0,118374464.0,2020,4,3,10,15,2020-04-03 10:15
11,14.25,14.22,14.26,14.16,5417600.0,76964992.0,2020,4,3,10,30,2020-04-03 10:30
12,14.23,14.22,14.24,14.19,4196800.0,59638848.0,2020,4,3,10,45,2020-04-03 10:45
13,14.23,14.21,14.27,14.18,3380000.0,48038912.0,2020,4,3,11,0,2020-04-03 11:00
14,14.22,14.18,14.22,14.14,4067100.0,57638912.0,2020,4,3,11,15,2020-04-03 11:15
15,14.18,14.13,14.18,14.06,7416600.0,104636800.0,2020,4,3,11,30,2020-04-03 11:30
16,14.13,14.1,14.13,14.06,4110600.0,57921088.0,2020,4,3,13,15,2020-04-03 13:15
17,14.1,14.08,14.16,14.08,2919700.0,41199744.0,2020,4,3,13,30,2020-04-03 13:30
18,14.09,14.11,14.16,14.08,2214200.0,31251456.0,2020,4,3,13,45,2020-04-03 13:45
19,14.11,14.09,14.12,14.07,2866200.0,40399744.0,2020,4,3,14,0,2020-04-03 14:00
20,14.1,14.09,14.1,14.04,4308500.0,60608384.0,2020,4,3,14,15,2020-04-03 14:15
21,14.09,14.2,14.22,14.05,4406700.0,62252672.0,2020,4,3,14,30,2020-04-03 14:30
22,14.21,14.14,14.25,14.13,6628900.0,94122368.0,2020,4,3,14,45,2020-04-03 14:45
23,14.14,14.12,14.18,14.1,7325300.0,103488000.0,2020,4,3,15,0,2020-04-03 15:00
24,14.48,14.5,14.64,14.45,30836300.0,448314656.0,2020,4,7,9,45,2020-04-07 09:45
25,14.5,14.54,14.6,14.48,9377200.0,136368544.0,2020,4,7,10,0,2020-04-07 10:00
26,14.54,14.49,14.58,14.45,7408200.0,107537536.0,2020,4,7,10,15,2020-04-07 10:15
27,14.48,14.46,14.49,14.4,7252600.0,104661568.0,2020,4,7,10,30,2020-04-07 10:30
28,14.45,14.45,14.47,14.37,4286000.0,61798016.0,2020,4,7,10,45,2020-04-07 10:45
29,14.44,14.46,14.47,14.39,3590500.0,51801152.0,2020,4,7,11,0,2020-04-07 11:00
30,14.45,14.48,14.52,14.41,3930600.0,56865792.0,2020,4,7,11,15,2020-04-07 11:15
31,14.48,14.44,14.49,14.42,2317200.0,33477824.0,2020,4,7,11,30,2020-04-07 11:30
32,14.44,14.45,14.48,14.42,3369500.0,48682304.0,2020,4,7,13,15,2020-04-07 13:15
33,14.45,14.48,14.54,14.44,4237200.0,61452480.0,2020,4,7,13,30,2020-04-07 13:30
34,14.49,14.43,14.49,14.43,3031500.0,43812736.0,2020,4,7,13,45,2020-04-07 13:45
35,14.45,14.52,14.55,14.42,6763100.0,98085120.0,2020,4,7,14,0,2020-04-07 14:00
36,14.53,14.61,14.61,14.52,8857900.0,129087872.0,2020,4,7,14,15,2020-04-07 14:15
37,14.6,14.6,14.65,14.59,9891200.0,144612480.0,2020,4,7,14,30,2020-04-07 14:30
38,14.6,14.69,14.74,14.56,12792300.0,187334016.0,2020,4,7,14,45,2020-04-07 14:45
39,14.68,14.66,14.7,14.64,10285500.0,150890752.0,2020,4,7,15,0,2020-04-07 15:00
40,14.5,14.93,14.93,14.47,30267400.0,446916832.0,2020,4,8,9,45,2020-04-08 09:45
41,14.93,14.9,15.04,14.85,22595100.0,337866080.0,2020,4,8,10,0,2020-04-08 10:00
42,14.9,14.73,14.9,14.67,14487000.0,213925056.0,2020,4,8,10,15,2020-04-08 10:15
43,14.74,14.76,14.79,14.72,6302200.0,92977536.0,2020,4,8,10,30,2020-04-08 10:30
44,14.75,14.63,14.75,14.58,8771200.0,128527488.0,2020,4,8,10,45,2020-04-08 10:45
45,14.63,14.63,14.73,14.59,4260000.0,62365568.0,2020,4,8,11,0,2020-04-08 11:00
46,14.64,14.64,14.65,14.57,4735900.0,69150080.0,2020,4,8,11,15,2020-04-08 11:15
47,14.63,14.61,14.63,14.57,2236600.0,32653696.0,2020,4,8,11,30,2020-04-08 11:30
48,14.62,14.7,14.74,14.6,3905700.0,57287552.0,2020,4,8,13,15,2020-04-08 13:15
49,14.71,14.67,14.74,14.63,2537700.0,37295360.0,2020,4,8,13,30,2020-04-08 13:30
50,14.67,14.81,14.85,14.63,4343600.0,63983616.0,2020,4,8,13,45,2020-04-08 13:45
51,14.81,14.85,14.95,14.78,7369300.0,109608320.0,2020,4,8,14,0,2020-04-08 14:00
52,14.84,14.72,14.84,14.71,3235300.0,47802368.0,2020,4,8,14,15,2020-04-08 14:15
53,14.72,14.68,14.78,14.67,3722800.0,54753408.0,2020,4,8,14,30,2020-04-08 14:30
54,14.69,14.73,14.74,14.66,5211800.0,76594944.0,2020,4,8,14,45,2020-04-08 14:45
55,14.73,14.86,14.86,14.73,9747000.0,144213504.0,2020,4,8,15,0,2020-04-08 15:00
56,14.97,14.79,15.01,14.73,15827900.0,235114496.0,2020,4,9,9,45,2020-04-09 09:45
57,14.79,14.64,14.8,14.64,11924600.0,175543872.0,2020,4,9,10,0,2020-04-09 10:00
58,14.64,14.69,14.72,14.56,9870700.0,144375424.0,2020,4,9,10,15,2020-04-09 10:15
59,14.69,14.7,14.75,14.65,3251000.0,47781440.0,2020,4,9,10,30,2020-04-09 10:30
60,14.7,14.62,14.74,14.62,4165700.0,61081088.0,2020,4,9,10,45,2020-04-09 10:45
61,14.63,14.61,14.67,14.6,4585600.0,67033728.0,2020,4,9,11,0,2020-04-09 11:00
62,14.61,14.53,14.63,14.48,11103400.0,161365952.0,2020,4,9,11,15,2020-04-09 11:15
63,14.53,14.56,14.57,14.52,2181300.0,31713216.0,2020,4,9,11,30,2020-04-09 11:30
64,14.57,14.6,14.63,14.55,2901100.0,42316800.0,2020,4,9,13,15,2020-04-09 13:15
65,14.6,14.59,14.6,14.54,2972200.0,43277760.0,2020,4,9,13,30,2020-04-09 13:30
66,14.58,14.62,14.62,14.58,3053800.0,44586560.0,2020,4,9,13,45,2020-04-09 13:45
67,14.62,14.66,14.66,14.58,3781600.0,55277056.0,2020,4,9,14,0,2020-04-09 14:00
68,14.66,14.7,14.81,14.64,7401900.0,109125760.0,2020,4,9,14,15,2020-04-09 14:15
69,14.71,14.71,14.73,14.67,2823300.0,41510784.0,2020,4,9,14,30,2020-04-09 14:30
70,14.69,14.67,14.71,14.64,3848500.0,56447360.0,2020,4,9,14,45,2020-04-09 14:45
71,14.66,14.68,14.73,14.63,7394200.0,108541952.0,2020,4,9,15,0,2020-04-09 15:00
72,14.6,14.34,14.63,14.34,14352500.0,207774352.0,2020,4,10,9,45,2020-04-10 09:45
73,14.33,14.35,14.4,14.31,9730300.0,139609584.0,2020,4,10,10,0,2020-04-10 10:00
74,14.35,14.33,14.39,14.32,5455100.0,78258848.0,2020,4,10,10,15,2020-04-10 10:15
75,14.34,14.36,14.44,14.3,6894000.0,98962688.0,2020,4,10,10,30,2020-04-10 10:30
76,14.36,14.17,14.37,14.17,8816800.0,125800480.0,2020,4,10,10,45,2020-04-10 10:45
77,14.17,14.15,14.26,14.09,6563200.0,93015360.0,2020,4,10,11,0,2020-04-10 11:00
78,14.15,14.19,14.21,14.09,4317800.0,61069056.0,2020,4,10,11,15,2020-04-10 11:15
79,14.19,14.07,14.2,14.02,6815600.0,95941632.0,2020,4,10,11,30,2020-04-10 11:30
80,14.07,14.05,14.1,13.98,7057700.0,98951744.0,2020,4,10,13,15,2020-04-10 13:15
81,14.05,14.04,14.07,14.0,3053900.0,42843584.0,2020,4,10,13,30,2020-04-10 13:30
82,14.04,14.03,14.05,13.97,5337400.0,74736384.0,2020,4,10,13,45,2020-04-10 13:45
83,14.03,14.02,14.08,14.02,3059000.0,42973312.0,2020,4,10,14,0,2020-04-10 14:00
84,14.02,14.01,14.04,13.98,4205500.0,58889472.0,2020,4,10,14,15,2020-04-10 14:15
85,14.01,14.0,14.05,14.0,4062300.0,56933888.0,2020,4,10,14,30,2020-04-10 14:30
86,14.0,14.0,14.05,13.99,3662700.0,51327104.0,2020,4,10,14,45,2020-04-10 14:45
87,14.0,13.97,14.0,13.97,8426300.0,117825152.0,2020,4,10,15,0,2020-04-10 15:00
88,13.55,13.52,13.69,13.36,16432600.0,221681168.0,2020,4,13,9,45,2020-04-13 09:45
89,13.53,13.54,13.6,13.48,5318400.0,71967024.0,2020,4,13,10,0,2020-04-13 10:00
90,13.54,13.55,13.58,13.43,5004100.0,67517824.0,2020,4,13,10,15,2020-04-13 10:15
91,13.56,13.6,13.63,13.53,4063900.0,55216960.0,2020,4,13,10,30,2020-04-13 10:30
92,13.6,13.57,13.63,13.56,3236700.0,44003488.0,2020,4,13,10,45,2020-04-13 10:45
93,13.56,13.6,13.63,13.54,1925900.0,26167040.0,2020,4,13,11,0,2020-04-13 11:00
94,13.6,13.55,13.61,13.53,1523600.0,20671520.0,2020,4,13,11,15,2020-04-13 11:15
95,13.55,13.51,13.56,13.48,2736600.0,36980096.0,2020,4,13,11,30,2020-04-13 11:30
96,13.5,13.49,13.52,13.46,2586700.0,34899392.0,2020,4,13,13,15,2020-04-13 13:15
97,13.49,13.39,13.52,13.39,4613300.0,62025088.0,2020,4,13,13,30,2020-04-13 13:30
98,13.39,13.39,13.45,13.37,4135500.0,55432000.0,2020,4,13,13,45,2020-04-13 13:45
99,13.4,13.42,13.44,13.38,2815000.0,37734528.0,2020,4,13,14,0,2020-04-13 14:00
100,13.41,13.41,13.44,13.4,3096400.0,41553344.0,2020,4,13,14,15,2020-04-13 14:15
101,13.41,13.38,13.44,13.36,4750800.0,63637952.0,2020,4,13,14,30,2020-04-13 14:30
102,13.37,13.29,13.38,13.27,10302600.0,137116288.0,2020,4,13,14,45,2020-04-13 14:45
103,13.29,13.49,13.52,13.27,13381000.0,178687680.0,2020,4,13,15,0,2020-04-13 15:00
104,13.58,13.55,13.61,13.49,11881600.0,161058032.0,2020,4,14,9,45,2020-04-14 09:45
105,13.55,13.62,13.64,13.48,7586900.0,102860304.0,2020,4,14,10,0,2020-04-14 10:00
106,13.62,13.6,13.62,13.56,4006300.0,54464096.0,2020,4,14,10,15,2020-04-14 10:15
107,13.6,13.58,13.62,13.56,2608700.0,35462368.0,2020,4,14,10,30,2020-04-14 10:30
108,13.57,13.67,13.71,13.57,5221900.0,71258944.0,2020,4,14,10,45,2020-04-14 10:45
109,13.67,13.65,13.67,13.61,2347400.0,32024480.0,2020,4,14,11,0,2020-04-14 11:00
110,13.65,13.61,13.66,13.59,2130000.0,29008928.0,2020,4,14,11,15,2020-04-14 11:15
111,13.61,13.56,13.63,13.53,3027100.0,41076064.0,2020,4,14,11,30,2020-04-14 11:30
112,13.56,13.5,13.59,13.49,4363200.0,59001568.0,2020,4,14,13,15,2020-04-14 13:15
113,13.5,13.57,13.59,13.5,2024700.0,27424384.0,2020,4,14,13,30,2020-04-14 13:30
114,13.57,13.63,13.67,13.56,4343000.0,59168256.0,2020,4,14,13,45,2020-04-14 13:45
115,13.63,13.72,13.72,13.6,5854900.0,79966848.0,2020,4,14,14,0,2020-04-14 14:00
116,13.72,13.71,13.77,13.7,8042600.0,110458944.0,2020,4,14,14,15,2020-04-14 14:15
117,13.71,13.77,13.77,13.68,3821300.0,52432128.0,2020,4,14,14,30,2020-04-14 14:30
118,13.77,13.84,13.9,13.75,9202300.0,127249664.0,2020,4,14,14,45,2020-04-14 14:45
119,13.84,13.91,13.94,13.84,10875700.0,151172288.0,2020,4,14,15,0,2020-04-14 15:00
120,14.12,14.3,14.36,14.08,36500600.0,518875040.0,2020,4,15,9,45,2020-04-15 09:45
121,14.28,14.33,14.4,14.28,15348400.0,220145248.0,2020,4,15,10,0,2020-04-15 10:00
122,14.33,14.65,14.65,14.33,24074600.0,349587584.0,2020,4,15,10,15,2020-04-15 10:15
123,14.65,14.81,14.91,14.62,22589800.0,333757312.0,2020,4,15,10,30,2020-04-15 10:30
124,14.79,14.99,15.05,14.78,26949800.0,403052672.0,2020,4,15,10,45,2020-04-15 10:45
125,15.0,15.2,15.2,14.95,27125800.0,409282432.0,2020,4,15,11,0,2020-04-15 11:00
126,15.2,15.3,15.3,15.19,34132200.0,521370112.0,2020,4,15,11,15,2020-04-15 11:15
127,15.3,15.3,15.3,15.3,3406900.0,52124672.0,2020,4,15,11,30,2020-04-15 11:30
128,15.3,15.3,15.3,15.3,2982600.0,45634560.0,2020,4,15,13,15,2020-04-15 13:15
129,15.3,15.3,15.3,15.3,1333800.0,20406272.0,2020,4,15,13,30,2020-04-15 13:30
130,15.3,15.3,15.3,15.3,1624100.0,24848640.0,2020,4,15,13,45,2020-04-15 13:45
131,15.3,15.3,15.3,15.3,2328700.0,35629312.0,2020,4,15,14,0,2020-04-15 14:00
132,15.3,15.04,15.3,15.04,35399900.0,537718272.0,2020,4,15,14,15,2020-04-15 14:15
133,15.03,15.11,15.19,14.95,23699900.0,356606208.0,2020,4,15,14,30,2020-04-15 14:30
134,15.11,15.09,15.18,15.06,13045100.0,197199616.0,2020,4,15,14,45,2020-04-15 14:45
135,15.09,15.09,15.17,15.04,21242100.0,320691200.0,2020,4,15,15,0,2020-04-15 15:00
136,14.9,15.03,15.07,14.8,36563400.0,545615040.0,2020,4,16,9,45,2020-04-16 09:45
137,15.01,14.93,15.09,14.9,19902600.0,298528448.0,2020,4,16,10,0,2020-04-16 10:00
138,14.92,15.02,15.13,14.88,13545100.0,203403072.0,2020,4,16,10,15,2020-04-16 10:15
139,15.02,15.03,15.1,14.99,11214700.0,168731968.0,2020,4,16,10,30,2020-04-16 10:30
140,15.03,15.09,15.16,15.02,14546500.0,219779200.0,2020,4,16,10,45,2020-04-16 10:45
141,15.09,14.9,15.11,14.9,11869800.0,177998592.0,2020,4,16,11,0,2020-04-16 11:00
142,14.92,14.98,15.05,14.91,6052000.0,90572544.0,2020,4,16,11,15,2020-04-16 11:15
143,14.98,14.89,14.98,14.85,6177100.0,92103040.0,2020,4,16,11,30,2020-04-16 11:30
144,14.9,15.0,15.03,14.89,4913600.0,73528576.0,2020,4,16,13,15,2020-04-16 13:15
145,15.0,14.99,15.03,14.93,3253600.0,48746624.0,2020,4,16,13,30,2020-04-16 13:30
146,15.0,15.01,15.04,14.95,4256500.0,63821312.0,2020,4,16,13,45,2020-04-16 13:45
147,15.02,15.04,15.08,14.97,5524900.0,83081984.0,2020,4,16,14,0,2020-04-16 14:00
148,15.05,15.0,15.06,14.96,4704200.0,70579328.0,2020,4,16,14,15,2020-04-16 14:15
149,15.0,15.13,15.2,15.0,16275600.0,246230528.0,2020,4,16,14,30,2020-04-16 14:30
150,15.13,15.16,15.2,15.1,14609000.0,221410816.0,2020,4,16,14,45,2020-04-16 14:45
151,15.17,15.11,15.17,15.06,16591200.0,250505728.0,2020,4,16,15,0,2020-04-16 15:00
152,15.42,15.24,15.43,15.12,41484900.0,634225472.0,2020,4,17,9,45,2020-04-17 09:45
153,15.23,15.4,15.47,15.19,25882500.0,396821504.0,2020,4,17,10,0,2020-04-17 10:00
154,15.4,15.29,15.45,15.27,18438600.0,282998080.0,2020,4,17,10,15,2020-04-17 10:15
155,15.29,15.25,15.36,15.14,14343700.0,218394880.0,2020,4,17,10,30,2020-04-17 10:30
156,15.25,15.16,15.27,15.14,11901800.0,180872960.0,2020,4,17,10,45,2020-04-17 10:45
157,15.15,14.99,15.16,14.98,13025800.0,196446720.0,2020,4,17,11,0,2020-04-17 11:00
158,15.0,15.09,15.12,14.97,8151000.0,122520960.0,2020,4,17,11,15,2020-04-17 11:15
159,15.09,15.22,15.26,15.08,7151700.0,108459008.0,2020,4,17,11,30,2020-04-17 11:30
160,15.24,15.15,15.26,15.11,8859500.0,134582528.0,2020,4,17,13,15,2020-04-17 13:15
161,15.17,15.1,15.18,15.09,4737200.0,71624960.0,2020,4,17,13,30,2020-04-17 13:30
162,15.1,15.03,15.13,15.0,7889500.0,118856448.0,2020,4,17,13,45,2020-04-17 13:45
163,15.03,15.11,15.15,15.02,5622100.0,84815616.0,2020,4,17,14,0,2020-04-17 14:00
164,15.12,14.97,15.12,14.95,9324500.0,139960320.0,2020,4,17,14,15,2020-04-17 14:15
165,14.96,14.87,14.99,14.86,9385300.0,140187904.0,2020,4,17,14,30,2020-04-17 14:30
166,14.87,14.84,14.94,14.8,11769500.0,174800128.0,2020,4,17,14,45,2020-04-17 14:45
167,14.85,14.88,14.92,14.8,13025600.0,193489664.0,2020,4,17,15,0,2020-04-17 15:00
168,14.96,14.91,15.08,14.82,24493700.0,366383008.0,2020,4,20,9,45,2020-04-20 09:45
169,14.92,14.75,14.92,14.66,15355400.0,226758304.0,2020,4,20,10,0,2020-04-20 10:00
170,14.75,14.87,14.91,14.74,6311800.0,93631616.0,2020,4,20,10,15,2020-04-20 10:15
171,14.85,14.84,14.97,14.83,5296300.0,78919040.0,2020,4,20,10,30,2020-04-20 10:30
172,14.82,14.88,14.91,14.76,3666900.0,54350592.0,2020,4,20,10,45,2020-04-20 10:45
173,14.89,14.83,14.92,14.81,2563400.0,38106432.0,2020,4,20,11,0,2020-04-20 11:00
174,14.83,14.93,14.94,14.8,2857400.0,42463808.0,2020,4,20,11,15,2020-04-20 11:15
175,14.93,14.88,14.98,14.86,4279200.0,63906240.0,2020,4,20,11,30,2020-04-20 11:30
176,14.88,14.88,14.92,14.85,3090500.0,46023936.0,2020,4,20,13,15,2020-04-20 13:15
177,14.89,14.77,14.89,14.76,4620200.0,68458880.0,2020,4,20,13,30,2020-04-20 13:30
178,14.78,14.83,14.85,14.78,2586300.0,38319104.0,2020,4,20,13,45,2020-04-20 13:45
179,14.83,14.86,14.92,14.82,3206400.0,47666048.0,2020,4,20,14,0,2020-04-20 14:00
180,14.87,14.89,14.96,14.84,5678600.0,84565760.0,2020,4,20,14,15,2020-04-20 14:15
181,14.89,14.9,14.92,14.88,4599100.0,68520192.0,2020,4,20,14,30,2020-04-20 14:30
182,14.89,14.94,14.94,14.85,7056500.0,105149952.0,2020,4,20,14,45,2020-04-20 14:45
183,14.94,15.0,15.0,14.92,13232600.0,197942528.0,2020,4,20,15,0,2020-04-20 15:00
184,14.81,14.64,14.83,14.59,21424300.0,314729472.0,2020,4,21,9,45,2020-04-21 09:45
185,14.64,14.63,14.7,14.59,8934800.0,130756960.0,2020,4,21,10,0,2020-04-21 10:00
186,14.63,14.72,14.73,14.63,4820100.0,70762656.0,2020,4,21,10,15,2020-04-21 10:15
187,14.72,14.62,14.73,14.62,5428300.0,79683392.0,2020,4,21,10,30,2020-04-21 10:30
188,14.62,14.66,14.69,14.6,4271400.0,62535488.0,2020,4,21,10,45,2020-04-21 10:45
189,14.67,14.69,14.78,14.67,4247100.0,62543168.0,2020,4,21,11,0,2020-04-21 11:00
190,14.69,14.63,14.7,14.61,5223600.0,76424832.0,2020,4,21,11,15,2020-04-21 11:15
191,14.62,14.59,14.65,14.57,6707600.0,97923520.0,2020,4,21,11,30,2020-04-21 11:30
192,14.59,14.56,14.59,14.52,5501000.0,80073792.0,2020,4,21,13,15,2020-04-21 13:15
193,14.55,14.58,14.63,14.55,3068800.0,44746496.0,2020,4,21,13,30,2020-04-21 13:30
194,14.59,14.64,14.65,14.58,2952500.0,43104448.0,2020,4,21,13,45,2020-04-21 13:45
195,14.65,14.56,14.65,14.55,4112000.0,59912704.0,2020,4,21,14,0,2020-04-21 14:00
196,14.56,14.6,14.62,14.55,4449700.0,64892288.0,2020,4,21,14,15,2020-04-21 14:15
197,14.59,14.66,14.68,14.58,4034900.0,59066496.0,2020,4,21,14,30,2020-04-21 14:30
198,14.66,14.72,14.79,14.65,6008700.0,88487680.0,2020,4,21,14,45,2020-04-21 14:45
199,14.72,14.7,14.76,14.68,8259600.0,121458688.0,2020,4,21,15,0,2020-04-21 15:00
200,14.55,14.65,14.69,14.48,11471000.0,167256128.0,2020,4,22,9,45,2020-04-22 09:45
201,14.66,14.68,14.7,14.57,5000700.0,73159920.0,2020,4,22,10,0,2020-04-22 10:00
202,14.68,14.75,14.82,14.68,9246100.0,136518000.0,2020,4,22,10,15,2020-04-22 10:15
203,14.76,14.7,14.78,14.68,4428900.0,65301536.0,2020,4,22,10,30,2020-04-22 10:30
204,14.7,14.65,14.71,14.62,3236700.0,47437920.0,2020,4,22,10,45,2020-04-22 10:45
205,14.65,14.72,14.72,14.62,1902500.0,27933952.0,2020,4,22,11,0,2020-04-22 11:00
206,14.73,14.62,14.73,14.6,3431000.0,50232992.0,2020,4,22,11,15,2020-04-22 11:15
207,14.62,14.62,14.64,14.56,3266600.0,47674112.0,2020,4,22,11,30,2020-04-22 11:30
208,14.63,14.67,14.69,14.59,2073300.0,30333888.0,2020,4,22,13,15,2020-04-22 13:15
209,14.66,14.69,14.72,14.64,2955200.0,43382592.0,2020,4,22,13,30,2020-04-22 13:30
210,14.69,14.73,14.74,14.66,4159400.0,61157248.0,2020,4,22,13,45,2020-04-22 13:45
211,14.72,14.69,14.73,14.66,2863200.0,42054336.0,2020,4,22,14,0,2020-04-22 14:00
212,14.69,14.73,14.74,14.67,4271800.0,62828288.0,2020,4,22,14,15,2020-04-22 14:15
213,14.73,14.73,14.78,14.72,5275000.0,77804352.0,2020,4,22,14,30,2020-04-22 14:30
214,14.73,14.75,14.76,14.71,4951200.0,72969216.0,2020,4,22,14,45,2020-04-22 14:45
215,14.74,14.84,14.84,14.74,13903800.0,205854784.0,2020,4,22,15,0,2020-04-22 15:00
216,14.8,14.64,14.8,14.55,13855500.0,203051776.0,2020,4,23,9,45,2020-04-23 09:45
217,14.65,14.54,14.66,14.52,10828200.0,157811232.0,2020,4,23,10,0,2020-04-23 10:00
218,14.54,14.57,14.57,14.46,10458900.0,151722688.0,2020,4,23,10,15,2020-04-23 10:15
219,14.57,14.63,14.64,14.5,4678500.0,68095200.0,2020,4,23,10,30,2020-04-23 10:30
220,14.63,14.53,14.63,14.52,2981400.0,43517696.0,2020,4,23,10,45,2020-04-23 10:45
221,14.53,14.52,14.56,14.49,4107600.0,59627328.0,2020,4,23,11,0,2020-04-23 11:00
222,14.53,14.51,14.55,14.48,3991000.0,57879936.0,2020,4,23,11,15,2020-04-23 11:15
223,14.51,14.51,14.52,14.47,2903900.0,42083456.0,2020,4,23,11,30,2020-04-23 11:30
224,14.49,14.53,14.55,14.49,1742200.0,25297664.0,2020,4,23,13,15,2020-04-23 13:15
225,14.54,14.55,14.56,14.51,1677600.0,24369536.0,2020,4,23,13,30,2020-04-23 13:30
226,14.55,14.5,14.56,14.48,4620900.0,67041216.0,2020,4,23,13,45,2020-04-23 13:45
227,14.5,14.49,14.52,14.46,4691600.0,67982592.0,2020,4,23,14,0,2020-04-23 14:00
228,14.48,14.41,14.49,14.39,9352600.0,134990400.0,2020,4,23,14,15,2020-04-23 14:15
229,14.41,14.35,14.42,14.33,9665300.0,138803712.0,2020,4,23,14,30,2020-04-23 14:30
230,14.35,14.32,14.39,14.28,9950000.0,142521984.0,2020,4,23,14,45,2020-04-23 14:45
231,14.32,14.26,14.32,14.25,12636600.0,180350848.0,2020,4,23,15,0,2020-04-23 15:00
232,14.18,14.21,14.4,14.12,11676100.0,166742336.0,2020,4,24,9,45,2020-04-24 09:45
233,14.22,14.2,14.3,14.18,4284300.0,60932752.0,2020,4,24,10,0,2020-04-24 10:00
234,14.2,14.12,14.2,14.11,5618100.0,79480464.0,2020,4,24,10,15,2020-04-24 10:15
235,14.12,14.02,14.15,14.0,9098300.0,127891744.0,2020,4,24,10,30,2020-04-24 10:30
236,14.03,14.1,14.1,14.01,3590300.0,50425280.0,2020,4,24,10,45,2020-04-24 10:45
237,14.1,14.09,14.12,14.06,1749200.0,24634432.0,2020,4,24,11,0,2020-04-24 11:00
238,14.09,14.03,14.09,14.02,2871700.0,40305088.0,2020,4,24,11,15,2020-04-24 11:15
239,14.02,13.98,14.03,13.97,5131200.0,71822144.0,2020,4,24,11,30,2020-04-24 11:30
240,13.98,13.94,13.99,13.91,4692800.0,65467584.0,2020,4,24,13,15,2020-04-24 13:15
241,13.95,13.84,13.96,13.84,7006600.0,97363136.0,2020,4,24,13,30,2020-04-24 13:30
242,13.84,13.73,13.86,13.73,7886500.0,108817408.0,2020,4,24,13,45,2020-04-24 13:45
243,13.73,13.77,13.81,13.65,7934200.0,108869184.0,2020,4,24,14,0,2020-04-24 14:00
244,13.77,13.8,13.81,13.73,3535800.0,48682368.0,2020,4,24,14,15,2020-04-24 14:15
245,13.8,13.76,13.86,13.76,3797700.0,52477760.0,2020,4,24,14,30,2020-04-24 14:30
246,13.76,13.81,13.82,13.72,5032000.0,69245312.0,2020,4,24,14,45,2020-04-24 14:45
247,13.81,13.85,13.87,13.78,5905500.0,81663744.0,2020,4,24,15,0,2020-04-24 15:00
248,13.88,13.56,13.96,13.55,11812100.0,161857424.0,2020,4,27,9,45,2020-04-27 09:45
249,13.56,13.85,13.85,13.56,6398500.0,87794800.0,2020,4,27,10,0,2020-04-27 10:00
250,13.82,13.77,13.9,13.76,3650600.0,50483200.0,2020,4,27,10,15,2020-04-27 10:15
251,13.77,13.76,13.8,13.72,2859000.0,39337408.0,2020,4,27,10,30,2020-04-27 10:30
252,13.75,13.81,13.85,13.72,2284500.0,31507904.0,2020,4,27,10,45,2020-04-27 10:45
253,13.8,13.77,13.82,13.74,2056400.0,28348384.0,2020,4,27,11,0,2020-04-27 11:00
254,13.77,13.82,13.83,13.76,1834600.0,25315328.0,2020,4,27,11,15,2020-04-27 11:15
255,13.81,13.84,13.88,13.81,2175400.0,30122976.0,2020,4,27,11,30,2020-04-27 11:30
256,13.86,13.79,13.89,13.78,2608000.0,36070912.0,2020,4,27,13,15,2020-04-27 13:15
257,13.79,13.94,13.94,13.77,2685300.0,37239776.0,2020,4,27,13,30,2020-04-27 13:30
258,13.93,13.99,14.0,13.88,5196900.0,72463520.0,2020,4,27,13,45,2020-04-27 13:45
259,13.99,13.99,14.07,13.98,5471200.0,76752576.0,2020,4,27,14,0,2020-04-27 14:00
260,14.0,13.91,14.01,13.88,3376200.0,47060352.0,2020,4,27,14,15,2020-04-27 14:15
261,13.9,13.89,13.95,13.89,1984500.0,27630336.0,2020,4,27,14,30,2020-04-27 14:30
262,13.89,13.89,13.94,13.87,3347200.0,46516928.0,2020,4,27,14,45,2020-04-27 14:45
263,13.89,14.0,14.0,13.89,6463200.0,90252672.0,2020,4,27,15,0,2020-04-27 15:00
264,14.0,13.97,14.12,13.88,10820600.0,151771872.0,2020,4,28,9,45,2020-04-28 09:45
265,13.98,13.48,13.98,13.45,14078200.0,192847200.0,2020,4,28,10,0,2020-04-28 10:00
266,13.48,13.8,13.89,13.48,8670100.0,118734976.0,2020,4,28,10,15,2020-04-28 10:15
267,13.8,14.21,14.28,13.8,17030300.0,241238656.0,2020,4,28,10,30,2020-04-28 10:30
268,14.22,14.25,14.34,14.22,13832500.0,197692416.0,2020,4,28,10,45,2020-04-28 10:45
269,14.24,14.38,14.45,14.21,8209100.0,117662912.0,2020,4,28,11,0,2020-04-28 11:00
270,14.4,14.39,14.45,14.27,5056000.0,72648960.0,2020,4,28,11,15,2020-04-28 11:15
271,14.39,14.45,14.48,14.33,6538600.0,94404736.0,2020,4,28,11,30,2020-04-28 11:30
272,14.47,14.37,14.48,14.3,4675600.0,67164672.0,2020,4,28,13,15,2020-04-28 13:15
273,14.37,14.29,14.41,14.29,3387600.0,48659840.0,2020,4,28,13,30,2020-04-28 13:30
274,14.29,14.32,14.39,14.28,4015700.0,57494528.0,2020,4,28,13,45,2020-04-28 13:45
275,14.32,14.37,14.41,14.29,4503400.0,64617216.0,2020,4,28,14,0,2020-04-28 14:00
276,14.38,14.38,14.42,14.37,5286200.0,76091904.0,2020,4,28,14,15,2020-04-28 14:15
277,14.38,14.35,14.48,14.34,6059600.0,87381248.0,2020,4,28,14,30,2020-04-28 14:30
278,14.35,14.29,14.39,14.23,6248200.0,89318784.0,2020,4,28,14,45,2020-04-28 14:45
279,14.29,14.35,14.35,14.29,7871400.0,112778240.0,2020,4,28,15,0,2020-04-28 15:00
280,14.2,14.36,14.37,14.15,10309600.0,147078096.0,2020,4,29,9,45,2020-04-29 09:45
281,14.36,14.48,14.55,14.31,13574000.0,195960688.0,2020,4,29,10,0,2020-04-29 10:00
282,14.49,14.69,14.69,14.45,14306900.0,208281024.0,2020,4,29,10,15,2020-04-29 10:15
283,14.69,14.58,14.69,14.54,10229000.0,149632000.0,2020,4,29,10,30,2020-04-29 10:30
284,14.58,14.53,14.58,14.49,4866700.0,70714816.0,2020,4,29,10,45,2020-04-29 10:45
285,14.53,14.56,14.56,14.51,3413400.0,49614848.0,2020,4,29,11,0,2020-04-29 11:00
286,14.57,14.54,14.6,14.53,3703200.0,53948224.0,2020,4,29,11,15,2020-04-29 11:15
287,14.54,14.55,14.59,14.51,3376500.0,49115776.0,2020,4,29,11,30,2020-04-29 11:30
288,14.55,14.45,14.56,14.45,4375400.0,63366848.0,2020,4,29,13,15,2020-04-29 13:15
289,14.45,14.4,14.52,14.37,3665400.0,52937216.0,2020,4,29,13,30,2020-04-29 13:30
290,14.38,14.38,14.43,14.33,5283600.0,75950016.0,2020,4,29,13,45,2020-04-29 13:45
291,14.38,14.54,14.55,14.38,4002400.0,57834112.0,2020,4,29,14,0,2020-04-29 14:00
292,14.54,14.45,14.56,14.43,4314700.0,62564096.0,2020,4,29,14,15,2020-04-29 14:15
293,14.43,14.53,14.55,14.43,4893700.0,71036160.0,2020,4,29,14,30,2020-04-29 14:30
294,14.53,14.47,14.55,14.45,6748800.0,98025088.0,2020,4,29,14,45,2020-04-29 14:45
295,14.48,14.48,14.52,14.47,7764700.0,112518272.0,2020,4,29,15,0,2020-04-29 15:00
296,14.65,14.85,14.87,14.57,25215800.0,371894656.0,2020,4,30,9,45,2020-04-30 09:45
297,14.85,15.06,15.08,14.81,23023500.0,344647936.0,2020,4,30,10,0,2020-04-30 10:00
298,15.06,15.0,15.07,14.91,12724300.0,190659200.0,2020,4,30,10,15,2020-04-30 10:15
299,15.0,15.05,15.05,14.97,9864000.0,148128896.0,2020,4,30,10,30,2020-04-30 10:30
300,15.06,14.96,15.11,14.96,9809700.0,147553920.0,2020,4,30,10,45,2020-04-30 10:45
301,14.96,15.05,15.09,14.95,8156000.0,122619264.0,2020,4,30,11,0,2020-04-30 11:00
302,15.06,15.13,15.2,15.04,12771800.0,193063552.0,2020,4,30,11,15,2020-04-30 11:15
303,15.13,15.15,15.15,15.05,6877200.0,103836544.0,2020,4,30,11,30,2020-04-30 11:30
304,15.18,15.28,15.33,15.18,20722700.0,316313728.0,2020,4,30,13,15,2020-04-30 13:15
305,15.28,15.2,15.28,15.16,6971500.0,106065024.0,2020,4,30,13,30,2020-04-30 13:30
306,15.21,15.21,15.24,15.16,5287900.0,80404992.0,2020,4,30,13,45,2020-04-30 13:45
307,15.22,15.27,15.3,15.21,9148800.0,139736960.0,2020,4,30,14,0,2020-04-30 14:00
308,15.28,15.22,15.28,15.17,6030700.0,91848192.0,2020,4,30,14,15,2020-04-30 14:15
309,15.22,15.25,15.25,15.2,5647300.0,85971968.0,2020,4,30,14,30,2020-04-30 14:30
310,15.24,15.13,15.25,15.12,8111700.0,123200768.0,2020,4,30,14,45,2020-04-30 14:45
311,15.12,15.2,15.2,15.1,15924700.0,241595904.0,2020,4,30,15,0,2020-04-30 15:00
312,15.02,15.17,15.37,14.98,35663800.0,542337984.0,2020,5,6,9,45,2020-05-06 09:45
313,15.17,15.16,15.2,15.01,16910200.0,255264896.0,2020,5,6,10,0,2020-05-06 10:00
314,15.16,15.19,15.26,15.15,10606500.0,161283328.0,2020,5,6,10,15,2020-05-06 10:15
315,15.18,15.17,15.2,15.1,6691600.0,101342912.0,2020,5,6,10,30,2020-05-06 10:30
316,15.16,15.22,15.27,15.15,7233100.0,110064384.0,2020,5,6,10,45,2020-05-06 10:45
317,15.21,15.25,15.28,15.18,5376600.0,81894784.0,2020,5,6,11,0,2020-05-06 11:00
318,15.24,15.33,15.34,15.22,10664800.0,163130240.0,2020,5,6,11,15,2020-05-06 11:15
319,15.33,15.45,15.45,15.32,12256700.0,188575488.0,2020,5,6,11,30,2020-05-06 11:30
320,15.47,15.74,15.74,15.47,20673600.0,322395264.0,2020,5,6,13,15,2020-05-06 13:15
321,15.74,15.67,15.83,15.58,13552900.0,212774144.0,2020,5,6,13,30,2020-05-06 13:30
322,15.66,15.71,15.73,15.62,7173900.0,112481152.0,2020,5,6,13,45,2020-05-06 13:45
323,15.72,15.82,15.84,15.66,10122000.0,159516928.0,2020,5,6,14,0,2020-05-06 14:00
324,15.82,15.77,15.84,15.71,9165200.0,144659968.0,2020,5,6,14,15,2020-05-06 14:15
325,15.78,15.83,15.85,15.75,9588700.0,151616256.0,2020,5,6,14,30,2020-05-06 14:30
326,15.83,15.81,15.84,15.78,7892200.0,124756224.0,2020,5,6,14,45,2020-05-06 14:45
327,15.82,15.8,15.83,15.78,12484400.0,197258496.0,2020,5,6,15,0,2020-05-06 15:00
328,15.8,15.78,16.0,15.72,32714800.0,519039104.0,2020,5,7,9,45,2020-05-07 09:45
329,15.79,15.76,15.84,15.66,15438000.0,243016192.0,2020,5,7,10,0,2020-05-07 10:00
330,15.77,15.62,15.8,15.58,15583600.0,244181056.0,2020,5,7,10,15,2020-05-07 10:15
331,15.62,15.64,15.68,15.6,6747700.0,105512384.0,2020,5,7,10,30,2020-05-07 10:30
332,15.64,15.72,15.77,15.61,5048400.0,79211008.0,2020,5,7,10,45,2020-05-07 10:45
333,15.71,15.66,15.79,15.66,4422700.0,69569024.0,2020,5,7,11,0,2020-05-07 11:00
334,15.66,15.7,15.71,15.63,3808600.0,59634560.0,2020,5,7,11,15,2020-05-07 11:15
335,15.7,15.67,15.74,15.65,3021600.0,47416832.0,2020,5,7,11,30,2020-05-07 11:30
336,15.67,15.6,15.7,15.6,5544900.0,86656896.0,2020,5,7,13,15,2020-05-07 13:15
337,15.6,15.55,15.63,15.52,8333300.0,129796096.0,2020,5,7,13,30,2020-05-07 13:30
338,15.55,15.59,15.62,15.55,3966600.0,61806464.0,2020,5,7,13,45,2020-05-07 13:45
339,15.59,15.61,15.63,15.58,3347700.0,52214016.0,2020,5,7,14,0,2020-05-07 14:00
340,15.61,15.65,15.66,15.58,3652800.0,57057152.0,2020,5,7,14,15,2020-05-07 14:15
341,15.64,15.6,15.65,15.58,3299000.0,51505536.0,2020,5,7,14,30,2020-05-07 14:30
342,15.59,15.49,15.6,15.47,10644300.0,165159808.0,2020,5,7,14,45,2020-05-07 14:45
343,15.5,15.45,15.5,15.41,13892600.0,214825856.0,2020,5,7,15,0,2020-05-07 15:00
344,15.67,15.86,15.89,15.63,23928200.0,377597472.0,2020,5,8,9,45,2020-05-08 09:45
345,15.87,15.86,15.98,15.81,18095300.0,287663264.0,2020,5,8,10,0,2020-05-08 10:00
346,15.84,15.72,15.85,15.65,10713200.0,168665536.0,2020,5,8,10,15,2020-05-08 10:15
347,15.73,15.7,15.74,15.63,6035900.0,94681472.0,2020,5,8,10,30,2020-05-08 10:30
348,15.69,15.65,15.71,15.56,7349300.0,114734208.0,2020,5,8,10,45,2020-05-08 10:45
349,15.64,15.73,15.73,15.64,3959800.0,62156032.0,2020,5,8,11,0,2020-05-08 11:00
350,15.74,15.71,15.76,15.66,2729100.0,42878336.0,2020,5,8,11,15,2020-05-08 11:15
351,15.72,15.67,15.73,15.66,2465000.0,38706944.0,2020,5,8,11,30,2020-05-08 11:30
352,15.67,15.81,15.81,15.67,6073300.0,95502592.0,2020,5,8,13,15,2020-05-08 13:15
353,15.82,15.76,15.87,15.75,6932800.0,109663360.0,2020,5,8,13,30,2020-05-08 13:30
354,15.76,15.95,15.98,15.72,14603200.0,232028800.0,2020,5,8,13,45,2020-05-08 13:45
355,15.95,15.92,16.07,15.88,22452700.0,358956160.0,2020,5,8,14,0,2020-05-08 14:00
356,15.93,15.92,15.98,15.87,6363900.0,101273728.0,2020,5,8,14,15,2020-05-08 14:15
357,15.92,15.91,15.95,15.88,4331900.0,68953600.0,2020,5,8,14,30,2020-05-08 14:30
358,15.92,15.86,15.96,15.85,8841900.0,140551936.0,2020,5,8,14,45,2020-05-08 14:45
359,15.87,15.79,15.89,15.78,11588400.0,183358208.0,2020,5,8,15,0,2020-05-08 15:00
360,16.02,16.08,16.1,15.8,28511000.0,455205856.0,2020,5,11,9,45,2020-05-11 09:45
361,16.08,16.05,16.16,15.97,19147700.0,308118432.0,2020,5,11,10,0,2020-05-11 10:00
362,16.04,16.28,16.36,16.03,23093900.0,375068928.0,2020,5,11,10,15,2020-05-11 10:15
363,16.29,16.2,16.32,16.16,10478500.0,170073728.0,2020,5,11,10,30,2020-05-11 10:30
364,16.2,16.24,16.28,16.14,8143300.0,131893504.0,2020,5,11,10,45,2020-05-11 10:45
365,16.24,16.21,16.3,16.19,6080600.0,98742272.0,2020,5,11,11,0,2020-05-11 11:00
366,16.22,16.28,16.31,16.21,4290400.0,69848704.0,2020,5,11,11,15,2020-05-11 11:15
367,16.27,16.1,16.29,16.07,6226900.0,100599808.0,2020,5,11,11,30,2020-05-11 11:30
368,16.1,15.95,16.1,15.95,9105800.0,145956224.0,2020,5,11,13,15,2020-05-11 13:15
369,15.95,15.99,16.05,15.94,6193500.0,99079808.0,2020,5,11,13,30,2020-05-11 13:30
370,15.99,15.98,16.04,15.95,4428800.0,70774784.0,2020,5,11,13,45,2020-05-11 13:45
371,15.99,15.94,16.0,15.9,4633300.0,73838720.0,2020,5,11,14,0,2020-05-11 14:00
372,15.95,15.92,16.02,15.91,4258800.0,68005632.0,2020,5,11,14,15,2020-05-11 14:15
373,15.93,15.93,15.94,15.83,8909600.0,141425408.0,2020,5,11,14,30,2020-05-11 14:30
374,15.93,15.92,15.96,15.89,5648200.0,89968640.0,2020,5,11,14,45,2020-05-11 14:45
375,15.92,16.13,16.13,15.91,12760500.0,204835328.0,2020,5,11,15,0,2020-05-11 15:00
376,16.0,15.75,16.0,15.69,23518300.0,372181984.0,2020,5,12,9,45,2020-05-12 09:45
377,15.72,15.88,15.96,15.63,11228900.0,177239584.0,2020,5,12,10,0,2020-05-12 10:00
378,15.87,15.85,15.91,15.81,3919000.0,62127360.0,2020,5,12,10,15,2020-05-12 10:15
379,15.85,15.78,15.91,15.78,4630200.0,73369088.0,2020,5,12,10,30,2020-05-12 10:30
380,15.77,15.75,15.81,15.72,4700400.0,74087680.0,2020,5,12,10,45,2020-05-12 10:45
381,15.74,15.68,15.76,15.68,6085600.0,95623872.0,2020,5,12,11,0,2020-05-12 11:00
382,15.7,15.66,15.72,15.62,6075900.0,95146496.0,2020,5,12,11,15,2020-05-12 11:15
383,15.67,15.58,15.68,15.56,8642800.0,134891584.0,2020,5,12,11,30,2020-05-12 11:30
384,15.58,15.64,15.64,15.5,7582200.0,117881344.0,2020,5,12,13,15,2020-05-12 13:15
385,15.64,15.78,15.78,15.61,6585600.0,103423488.0,2020,5,12,13,30,2020-05-12 13:30
386,15.78,15.84,15.88,15.77,7710700.0,122020992.0,2020,5,12,13,45,2020-05-12 13:45
387,15.84,15.92,15.92,15.81,6148100.0,97581184.0,2020,5,12,14,0,2020-05-12 14:00
388,15.92,15.82,15.93,15.8,4269400.0,67736192.0,2020,5,12,14,15,2020-05-12 14:15
389,15.82,15.81,15.9,15.81,3416300.0,54167808.0,2020,5,12,14,30,2020-05-12 14:30
390,15.82,15.9,15.95,15.81,5720400.0,90926336.0,2020,5,12,14,45,2020-05-12 14:45
391,15.89,15.94,15.99,15.88,11100200.0,177023104.0,2020,5,12,15,0,2020-05-12 15:00
392,15.83,16.02,16.1,15.78,21478800.0,343195456.0,2020,5,13,9,45,2020-05-13 09:45
393,16.02,16.0,16.02,15.9,9010800.0,143908736.0,2020,5,13,10,0,2020-05-13 10:00
394,16.0,15.92,16.05,15.9,5882200.0,93997952.0,2020,5,13,10,15,2020-05-13 10:15
395,15.92,15.93,15.95,15.84,4440300.0,70515136.0,2020,5,13,10,30,2020-05-13 10:30
396,15.92,15.97,15.99,15.9,2720400.0,43399040.0,2020,5,13,10,45,2020-05-13 10:45
397,15.97,15.88,15.98,15.88,2363900.0,37629888.0,2020,5,13,11,0,2020-05-13 11:00
398,15.88,15.88,15.93,15.86,1649800.0,26224896.0,2020,5,13,11,15,2020-05-13 11:15
399,15.88,15.88,15.89,15.82,2324900.0,36857856.0,2020,5,13,11,30,2020-05-13 11:30
400,15.89,15.9,15.92,15.85,2590200.0,41153344.0,2020,5,13,13,15,2020-05-13 13:15
401,15.9,15.9,15.95,15.89,2952600.0,47002176.0,2020,5,13,13,30,2020-05-13 13:30
402,15.89,16.05,16.12,15.88,14090500.0,226075584.0,2020,5,13,13,45,2020-05-13 13:45
403,16.06,16.03,16.08,15.98,6252600.0,100234624.0,2020,5,13,14,0,2020-05-13 14:00
404,16.04,16.25,16.33,16.04,25696700.0,417108352.0,2020,5,13,14,15,2020-05-13 14:15
405,16.26,16.38,16.47,16.2,20000900.0,326884224.0,2020,5,13,14,30,2020-05-13 14:30
406,16.39,16.36,16.47,16.35,18546600.0,304532992.0,2020,5,13,14,45,2020-05-13 14:45
407,16.36,16.37,16.42,16.34,14705500.0,240770816.0,2020,5,13,15,0,2020-05-13 15:00
408,16.15,16.15,16.27,16.1,19410800.0,313983744.0,2020,5,14,9,45,2020-05-14 09:45
409,16.15,16.3,16.37,16.09,12088300.0,196664608.0,2020,5,14,10,0,2020-05-14 10:00
410,16.29,16.25,16.35,16.23,5545700.0,90305824.0,2020,5,14,10,15,2020-05-14 10:15
411,16.25,16.2,16.32,16.15,5533000.0,89806976.0,2020,5,14,10,30,2020-05-14 10:30
412,16.21,16.25,16.25,16.12,4783700.0,77420736.0,2020,5,14,10,45,2020-05-14 10:45
413,16.25,16.26,16.33,16.22,2922700.0,47541056.0,2020,5,14,11,0,2020-05-14 11:00
414,16.26,16.34,16.4,16.26,5641900.0,92193024.0,2020,5,14,11,15,2020-05-14 11:15
415,16.33,16.38,16.41,16.28,4909500.0,80332096.0,2020,5,14,11,30,2020-05-14 11:30
416,16.4,16.23,16.4,16.22,5261700.0,85687936.0,2020,5,14,13,15,2020-05-14 13:15
417,16.23,16.13,16.28,16.12,6848300.0,110867200.0,2020,5,14,13,30,2020-05-14 13:30
418,16.13,16.23,16.24,16.1,7590100.0,122603008.0,2020,5,14,13,45,2020-05-14 13:45
419,16.23,16.27,16.31,16.15,4594800.0,74602880.0,2020,5,14,14,0,2020-05-14 14:00
420,16.26,16.16,16.28,16.13,4763600.0,77091584.0,2020,5,14,14,15,2020-05-14 14:15
421,16.16,16.17,16.25,16.16,2906500.0,47081088.0,2020,5,14,14,30,2020-05-14 14:30
422,16.16,16.14,16.22,16.14,5750300.0,92984832.0,2020,5,14,14,45,2020-05-14 14:45
423,16.14,16.08,16.14,16.07,15212500.0,244902784.0,2020,5,14,15,0,2020-05-14 15:00
424,16.13,15.96,16.21,15.92,17375600.0,278881056.0,2020,5,15,9,45,2020-05-15 09:45
425,15.96,15.97,16.03,15.95,6315300.0,100936832.0,2020,5,15,10,0,2020-05-15 10:00
426,15.97,16.0,16.01,15.91,7618900.0,121618656.0,2020,5,15,10,15,2020-05-15 10:15
427,16.0,16.16,16.16,16.0,7212000.0,116043584.0,2020,5,15,10,30,2020-05-15 10:30
428,16.17,16.2,16.23,16.12,8156900.0,132033024.0,2020,5,15,10,45,2020-05-15 10:45
429,16.2,16.18,16.24,16.12,5230900.0,84670464.0,2020,5,15,11,0,2020-05-15 11:00
430,16.18,16.22,16.26,16.17,6050300.0,98137856.0,2020,5,15,11,15,2020-05-15 11:15
431,16.23,16.36,16.43,16.22,13160200.0,215088576.0,2020,5,15,11,30,2020-05-15 11:30
432,16.35,16.38,16.43,16.31,7990800.0,130836736.0,2020,5,15,13,15,2020-05-15 13:15
433,16.37,16.27,16.42,16.25,8600500.0,140695296.0,2020,5,15,13,30,2020-05-15 13:30
434,16.28,16.27,16.3,16.23,5538500.0,90123776.0,2020,5,15,13,45,2020-05-15 13:45
435,16.27,16.2,16.27,16.15,6146000.0,99586944.0,2020,5,15,14,0,2020-05-15 14:00
436,16.21,16.14,16.22,16.1,7573700.0,122311424.0,2020,5,15,14,15,2020-05-15 14:15
437,16.14,16.15,16.2,16.13,4092500.0,66132352.0,2020,5,15,14,30,2020-05-15 14:30
438,16.15,16.06,16.16,16.04,9533900.0,153404032.0,2020,5,15,14,45,2020-05-15 14:45
439,16.06,16.06,16.09,16.02,11190500.0,179650816.0,2020,5,15,15,0,2020-05-15 15:00
440,15.66,15.28,15.66,15.22,51027700.0,786703232.0,2020,5,18,9,45,2020-05-18 09:45
441,15.27,15.2,15.27,14.91,30241700.0,456175488.0,2020,5,18,10,0,2020-05-18 10:00
442,15.2,15.3,15.33,15.17,9497500.0,144939776.0,2020,5,18,10,15,2020-05-18 10:15
443,15.3,15.28,15.4,15.28,7594600.0,116488960.0,2020,5,18,10,30,2020-05-18 10:30
444,15.29,15.22,15.35,15.15,7147200.0,108954368.0,2020,5,18,10,45,2020-05-18 10:45
445,15.2,15.22,15.26,15.17,4889100.0,74330112.0,2020,5,18,11,0,2020-05-18 11:00
446,15.21,15.28,15.31,15.2,3041600.0,46395776.0,2020,5,18,11,15,2020-05-18 11:15
447,15.28,15.25,15.28,15.18,3160600.0,48115584.0,2020,5,18,11,30,2020-05-18 11:30
448,15.22,15.1,15.23,15.01,9896900.0,149366144.0,2020,5,18,13,15,2020-05-18 13:15
449,15.1,15.24,15.25,15.03,4882000.0,73831168.0,2020,5,18,13,30,2020-05-18 13:30
450,15.24,15.17,15.25,15.16,3273300.0,49762432.0,2020,5,18,13,45,2020-05-18 13:45
451,15.18,15.11,15.18,15.05,5447700.0,82281856.0,2020,5,18,14,0,2020-05-18 14:00
452,15.12,15.1,15.12,15.0,8791700.0,132243840.0,2020,5,18,14,15,2020-05-18 14:15
453,15.09,14.96,15.1,14.95,9697800.0,145483264.0,2020,5,18,14,30,2020-05-18 14:30
454,14.95,14.89,14.99,14.88,14687300.0,219099392.0,2020,5,18,14,45,2020-05-18 14:45
455,14.89,14.91,14.98,14.88,12729900.0,190001408.0,2020,5,18,15,0,2020-05-18 15:00
456,15.11,15.14,15.19,14.93,17807000.0,268829984.0,2020,5,19,9,45,2020-05-19 09:45
457,15.14,15.15,15.18,15.1,7077700.0,107203200.0,2020,5,19,10,0,2020-05-19 10:00
458,15.15,15.18,15.27,15.15,9619300.0,146328992.0,2020,5,19,10,15,2020-05-19 10:15
459,15.19,15.22,15.24,15.15,4755300.0,72236800.0,2020,5,19,10,30,2020-05-19 10:30
460,15.23,15.19,15.3,15.18,6230600.0,95057024.0,2020,5,19,10,45,2020-05-19 10:45
461,15.18,15.1,15.19,15.06,6034900.0,91306304.0,2020,5,19,11,0,2020-05-19 11:00
462,15.1,15.1,15.12,15.06,3325000.0,50184128.0,2020,5,19,11,15,2020-05-19 11:15
463,15.11,15.09,15.12,15.05,2127500.0,32090432.0,2020,5,19,11,30,2020-05-19 11:30
464,15.09,15.18,15.21,15.08,3652900.0,55337728.0,2020,5,19,13,15,2020-05-19 13:15
465,15.17,15.26,15.28,15.13,6781700.0,103230720.0,2020,5,19,13,30,2020-05-19 13:30
466,15.26,15.35,15.44,15.25,16179300.0,248180480.0,2020,5,19,13,45,2020-05-19 13:45
467,15.34,15.5,15.54,15.33,17103500.0,264267008.0,2020,5,19,14,0,2020-05-19 14:00
468,15.5,15.54,15.59,15.46,12980200.0,201690496.0,2020,5,19,14,15,2020-05-19 14:15
469,15.53,15.59,15.63,15.51,12412600.0,193443456.0,2020,5,19,14,30,2020-05-19 14:30
470,15.59,15.62,15.62,15.55,9728600.0,151640576.0,2020,5,19,14,45,2020-05-19 14:45
471,15.63,15.59,15.63,15.58,10085800.0,157305344.0,2020,5,19,15,0,2020-05-19 15:00
472,15.53,15.54,15.65,15.41,16027300.0,248813760.0,2020,5,20,9,45,2020-05-20 09:45
473,15.55,15.55,15.64,15.51,7743800.0,120608032.0,2020,5,20,10,0,2020-05-20 10:00
474,15.54,15.63,15.79,15.54,11892000.0,186574880.0,2020,5,20,10,15,2020-05-20 10:15
475,15.62,15.51,15.64,15.48,7358600.0,114428544.0,2020,5,20,10,30,2020-05-20 10:30
476,15.52,15.58,15.6,15.42,4999400.0,77508480.0,2020,5,20,10,45,2020-05-20 10:45
477,15.57,15.55,15.6,15.55,2488100.0,38742592.0,2020,5,20,11,0,2020-05-20 11:00
478,15.56,15.47,15.56,15.42,4637000.0,71748288.0,2020,5,20,11,15,2020-05-20 11:15
479,15.47,15.44,15.47,15.41,3737500.0,57688320.0,2020,5,20,11,30,2020-05-20 11:30
480,15.43,15.38,15.47,15.37,4624600.0,71291136.0,2020,5,20,13,15,2020-05-20 13:15
481,15.38,15.62,15.63,15.37,4918100.0,76272512.0,2020,5,20,13,30,2020-05-20 13:30
482,15.6,15.51,15.61,15.5,3308300.0,51456640.0,2020,5,20,13,45,2020-05-20 13:45
483,15.52,15.44,15.52,15.42,2767600.0,42790016.0,2020,5,20,14,0,2020-05-20 14:00
484,15.45,15.36,15.51,15.35,5524300.0,85092608.0,2020,5,20,14,15,2020-05-20 14:15
485,15.38,15.36,15.42,15.36,3127300.0,48128640.0,2020,5,20,14,30,2020-05-20 14:30
486,15.37,15.31,15.38,15.3,5498100.0,84302976.0,2020,5,20,14,45,2020-05-20 14:45
487,15.32,15.39,15.39,15.31,6361000.0,97603968.0,2020,5,20,15,0,2020-05-20 15:00
488,15.49,15.4,15.51,15.29,9107100.0,140312704.0,2020,5,21,9,45,2020-05-21 09:45
489,15.39,15.3,15.47,15.3,7025900.0,108004752.0,2020,5,21,10,0,2020-05-21 10:00
490,15.3,15.53,15.56,15.28,9348100.0,144220848.0,2020,5,21,10,15,2020-05-21 10:15
491,15.53,15.51,15.62,15.46,8998300.0,139902944.0,2020,5,21,10,30,2020-05-21 10:30
492,15.51,15.48,15.52,15.43,3561800.0,55147360.0,2020,5,21,10,45,2020-05-21 10:45
493,15.47,15.39,15.49,15.36,3690500.0,56875968.0,2020,5,21,11,0,2020-05-21 11:00
494,15.38,15.31,15.39,15.24,7003900.0,107156160.0,2020,5,21,11,15,2020-05-21 11:15
495,15.31,15.09,15.31,15.07,8627700.0,130775552.0,2020,5,21,11,30,2020-05-21 11:30
496,15.08,14.84,15.09,14.83,14662700.0,219483008.0,2020,5,21,13,15,2020-05-21 13:15
497,14.85,14.81,14.97,14.81,9402000.0,139956992.0,2020,5,21,13,30,2020-05-21 13:30
498,14.81,14.84,14.91,14.75,9109300.0,135019136.0,2020,5,21,13,45,2020-05-21 13:45
499,14.84,14.84,14.87,14.77,6899400.0,102254848.0,2020,5,21,14,0,2020-05-21 14:00
500,14.84,14.71,14.84,14.63,10441300.0,153801088.0,2020,5,21,14,15,2020-05-21 14:15
501,14.71,14.75,14.8,14.65,5647700.0,83116800.0,2020,5,21,14,30,2020-05-21 14:30
502,14.75,14.81,14.82,14.71,4777100.0,70524672.0,2020,5,21,14,45,2020-05-21 14:45
503,14.81,14.76,14.81,14.75,7128900.0,105319168.0,2020,5,21,15,0,2020-05-21 15:00
504,14.76,14.67,14.9,14.6,12050600.0,177796432.0,2020,5,22,9,45,2020-05-22 09:45
505,14.7,14.9,14.95,14.67,9301700.0,137898000.0,2020,5,22,10,0,2020-05-22 10:00
506,14.9,14.69,14.91,14.69,5446300.0,80638208.0,2020,5,22,10,15,2020-05-22 10:15
507,14.68,14.53,14.69,14.53,8696000.0,127077088.0,2020,5,22,10,30,2020-05-22 10:30
508,14.54,14.61,14.71,14.51,4718900.0,68946240.0,2020,5,22,10,45,2020-05-22 10:45
509,14.61,14.54,14.64,14.49,4889800.0,71112256.0,2020,5,22,11,0,2020-05-22 11:00
510,14.54,14.54,14.63,14.52,2149500.0,31326336.0,2020,5,22,11,15,2020-05-22 11:15
511,14.54,14.54,14.55,14.48,3562700.0,51672640.0,2020,5,22,11,30,2020-05-22 11:30
512,14.53,14.42,14.53,14.35,6317100.0,91173184.0,2020,5,22,13,15,2020-05-22 13:15
513,14.42,14.39,14.44,14.3,5641300.0,81013952.0,2020,5,22,13,30,2020-05-22 13:30
514,14.4,14.43,14.5,14.38,3279200.0,47350848.0,2020,5,22,13,45,2020-05-22 13:45
515,14.43,14.44,14.46,14.39,2677700.0,38633024.0,2020,5,22,14,0,2020-05-22 14:00
516,14.44,14.65,14.65,14.43,3753000.0,54562048.0,2020,5,22,14,15,2020-05-22 14:15
517,14.64,14.66,14.74,14.62,4246900.0,62321792.0,2020,5,22,14,30,2020-05-22 14:30
518,14.66,14.54,14.67,14.54,3164600.0,46174592.0,2020,5,22,14,45,2020-05-22 14:45
519,14.55,14.55,14.61,14.54,4820400.0,70241664.0,2020,5,22,15,0,2020-05-22 15:00
520,14.48,14.51,14.66,14.42,9411200.0,136912784.0,2020,5,25,9,45,2020-05-25 09:45
521,14.51,14.54,14.58,14.4,5011400.0,72611008.0,2020,5,25,10,0,2020-05-25 10:00
522,14.54,14.41,14.62,14.41,3160800.0,45901792.0,2020,5,25,10,15,2020-05-25 10:15
523,14.41,14.37,14.44,14.3,6092600.0,87559472.0,2020,5,25,10,30,2020-05-25 10:30
524,14.37,14.3,14.38,14.26,4937800.0,70669504.0,2020,5,25,10,45,2020-05-25 10:45
525,14.3,14.31,14.34,14.26,3761800.0,53770080.0,2020,5,25,11,0,2020-05-25 11:00
526,14.31,14.38,14.41,14.3,1707600.0,24542368.0,2020,5,25,11,15,2020-05-25 11:15
527,14.38,14.28,14.4,14.27,1638700.0,23462976.0,2020,5,25,11,30,2020-05-25 11:30
528,14.3,14.4,14.43,14.29,1892900.0,27144160.0,2020,5,25,13,15,2020-05-25 13:15
529,14.41,14.32,14.42,14.3,1438400.0,20648320.0,2020,5,25,13,30,2020-05-25 13:30
530,14.31,14.29,14.35,14.27,1948500.0,27874176.0,2020,5,25,13,45,2020-05-25 13:45
531,14.28,14.3,14.3,14.25,1838100.0,26249600.0,2020,5,25,14,0,2020-05-25 14:00
532,14.29,14.27,14.33,14.22,3181700.0,45394240.0,2020,5,25,14,15,2020-05-25 14:15
533,14.27,14.28,14.3,14.19,3554600.0,50570944.0,2020,5,25,14,30,2020-05-25 14:30
534,14.28,14.29,14.32,14.27,2485300.0,35534144.0,2020,5,25,14,45,2020-05-25 14:45
535,14.29,14.31,14.32,14.26,3652100.0,52216192.0,2020,5,25,15,0,2020-05-25 15:00
536,14.29,14.53,14.54,14.29,12955500.0,186898224.0,2020,5,26,9,45,2020-05-26 09:45
537,14.53,14.52,14.55,14.47,6840000.0,99296336.0,2020,5,26,10,0,2020-05-26 10:00
538,14.53,14.52,14.58,14.49,4745800.0,68968416.0,2020,5,26,10,15,2020-05-26 10:15
539,14.52,14.61,14.61,14.51,4520600.0,65889952.0,2020,5,26,10,30,2020-05-26 10:30
540,14.6,14.62,14.62,14.58,3959000.0,57816992.0,2020,5,26,10,45,2020-05-26 10:45
541,14.62,14.62,14.62,14.51,4491500.0,65456288.0,2020,5,26,11,0,2020-05-26 11:00
542,14.61,14.65,14.72,14.6,6614200.0,97101312.0,2020,5,26,11,15,2020-05-26 11:15
543,14.67,14.65,14.68,14.62,2037700.0,29851712.0,2020,5,26,11,30,2020-05-26 11:30
544,14.64,14.64,14.71,14.63,4106600.0,60237824.0,2020,5,26,13,15,2020-05-26 13:15
545,14.63,14.68,14.69,14.6,2704100.0,39591488.0,2020,5,26,13,30,2020-05-26 13:30
546,14.67,14.75,14.77,14.66,4924200.0,72475200.0,2020,5,26,13,45,2020-05-26 13:45
547,14.75,14.83,14.84,14.71,4266200.0,63002368.0,2020,5,26,14,0,2020-05-26 14:00
548,14.82,14.78,14.87,14.75,5052800.0,74828352.0,2020,5,26,14,15,2020-05-26 14:15
549,14.79,14.82,14.83,14.77,2909500.0,43073472.0,2020,5,26,14,30,2020-05-26 14:30
550,14.83,14.9,14.91,14.81,7598300.0,113045632.0,2020,5,26,14,45,2020-05-26 14:45
551,14.89,14.85,14.9,14.81,7444500.0,110484224.0,2020,5,26,15,0,2020-05-26 15:00
552,14.75,14.62,14.78,14.57,13598200.0,199501248.0,2020,5,27,9,45,2020-05-27 09:45
553,14.62,14.54,14.67,14.52,7919500.0,115462848.0,2020,5,27,10,0,2020-05-27 10:00
554,14.54,14.43,14.54,14.36,11528700.0,166340224.0,2020,5,27,10,15,2020-05-27 10:15
555,14.43,14.32,14.45,14.31,7937500.0,114027136.0,2020,5,27,10,30,2020-05-27 10:30
556,14.32,14.37,14.39,14.23,7394200.0,105696512.0,2020,5,27,10,45,2020-05-27 10:45
557,14.38,14.44,14.46,14.35,3165200.0,45573568.0,2020,5,27,11,0,2020-05-27 11:00
558,14.44,14.35,14.52,14.35,2582000.0,37296640.0,2020,5,27,11,15,2020-05-27 11:15
559,14.37,14.46,14.5,14.36,1998100.0,28884352.0,2020,5,27,11,30,2020-05-27 11:30
560,14.48,14.48,14.49,14.39,1803700.0,26046848.0,2020,5,27,13,15,2020-05-27 13:15
561,14.48,14.45,14.48,14.42,1567400.0,22656128.0,2020,5,27,13,30,2020-05-27 13:30
562,14.46,14.51,14.52,14.41,2670700.0,38657088.0,2020,5,27,13,45,2020-05-27 13:45
563,14.51,14.41,14.52,14.38,2325200.0,33623040.0,2020,5,27,14,0,2020-05-27 14:00
564,14.41,14.35,14.45,14.34,2914600.0,41917824.0,2020,5,27,14,15,2020-05-27 14:15
565,14.35,14.33,14.38,14.3,3362800.0,48200064.0,2020,5,27,14,30,2020-05-27 14:30
566,14.34,14.37,14.37,14.32,3830200.0,54935296.0,2020,5,27,14,45,2020-05-27 14:45
567,14.37,14.4,14.43,14.37,5304700.0,76418432.0,2020,5,27,15,0,2020-05-27 15:00
568,14.4,14.47,14.5,14.22,10208300.0,146285152.0,2020,5,28,9,45,2020-05-28 09:45
569,14.47,14.37,14.52,14.33,5743000.0,82839104.0,2020,5,28,10,0,2020-05-28 10:00
570,14.36,14.32,14.42,14.32,2635600.0,37889488.0,2020,5,28,10,15,2020-05-28 10:15
571,14.32,14.31,14.36,14.28,3424200.0,49006480.0,2020,5,28,10,30,2020-05-28 10:30
572,14.3,14.24,14.31,14.2,6377300.0,90812576.0,2020,5,28,10,45,2020-05-28 10:45
573,14.23,14.22,14.26,14.19,2879700.0,40948640.0,2020,5,28,11,0,2020-05-28 11:00
574,14.22,14.08,14.22,14.08,5880900.0,83160736.0,2020,5,28,11,15,2020-05-28 11:15
575,14.07,14.01,14.1,13.98,7229700.0,101422688.0,2020,5,28,11,30,2020-05-28 11:30
576,14.01,14.1,14.14,13.96,3953200.0,55439552.0,2020,5,28,13,15,2020-05-28 13:15
577,14.1,14.12,14.12,14.05,2214000.0,31185856.0,2020,5,28,13,30,2020-05-28 13:30
578,14.12,14.1,14.15,14.07,2013500.0,28419776.0,2020,5,28,13,45,2020-05-28 13:45
579,14.09,14.04,14.1,14.01,2194500.0,30803200.0,2020,5,28,14,0,2020-05-28 14:00
580,14.04,14.15,14.15,14.03,2472200.0,34845376.0,2020,5,28,14,15,2020-05-28 14:15
581,14.14,14.19,14.24,14.14,3868000.0,54889280.0,2020,5,28,14,30,2020-05-28 14:30
582,14.19,14.23,14.31,14.19,3614400.0,51538240.0,2020,5,28,14,45,2020-05-28 14:45
583,14.23,14.34,14.34,14.22,5796700.0,82854080.0,2020,5,28,15,0,2020-05-28 15:00
584,14.2,14.31,14.35,14.16,6127200.0,87413960.0,2020,5,29,9,45,2020-05-29 09:45
585,14.3,14.35,14.4,14.28,5012700.0,71948312.0,2020,5,29,10,0,2020-05-29 10:00
586,14.36,14.32,14.41,14.32,3087900.0,44371040.0,2020,5,29,10,15,2020-05-29 10:15
587,14.32,14.39,14.42,14.3,3394300.0,48763488.0,2020,5,29,10,30,2020-05-29 10:30
588,14.39,14.39,14.45,14.38,4111000.0,59294464.0,2020,5,29,10,45,2020-05-29 10:45
589,14.39,14.42,14.43,14.38,1987600.0,28621344.0,2020,5,29,11,0,2020-05-29 11:00
590,14.41,14.32,14.43,14.32,2335700.0,33571040.0,2020,5,29,11,15,2020-05-29 11:15
591,14.32,14.32,14.35,14.27,2035200.0,29107168.0,2020,5,29,11,30,2020-05-29 11:30
592,14.33,14.3,14.34,14.28,1221100.0,17464544.0,2020,5,29,13,15,2020-05-29 13:15
593,14.3,14.27,14.33,14.27,1556600.0,22255968.0,2020,5,29,13,30,2020-05-29 13:30
594,14.28,14.29,14.3,14.24,1906600.0,27198208.0,2020,5,29,13,45,2020-05-29 13:45
595,14.28,14.28,14.33,14.27,1434300.0,20502880.0,2020,5,29,14,0,2020-05-29 14:00
596,14.29,14.23,14.3,14.2,3486300.0,49653728.0,2020,5,29,14,15,2020-05-29 14:15
597,14.22,14.25,14.26,14.2,2373600.0,33772032.0,2020,5,29,14,30,2020-05-29 14:30
598,14.25,14.21,14.26,14.19,5461200.0,77654784.0,2020,5,29,14,45,2020-05-29 14:45
599,14.21,14.18,14.23,14.18,6832800.0,96974400.0,2020,5,29,15,0,2020-05-29 15:00
600,14.36,14.59,14.74,14.35,23230100.0,337993184.0,2020,6,1,9,45,2020-06-01 09:45
601,14.6,14.84,14.85,14.57,22116300.0,326491040.0,2020,6,1,10,0,2020-06-01 10:00
602,14.84,14.9,14.93,14.82,13328500.0,198431808.0,2020,6,1,10,15,2020-06-01 10:15
603,14.91,15.0,15.06,14.85,14241300.0,212953408.0,2020,6,1,10,30,2020-06-01 10:30
604,15.01,15.06,15.1,14.98,9325900.0,140328064.0,2020,6,1,10,45,2020-06-01 10:45
605,15.07,15.1,15.14,15.02,7610400.0,114800896.0,2020,6,1,11,0,2020-06-01 11:00
606,15.1,15.1,15.16,15.06,4977100.0,75213952.0,2020,6,1,11,15,2020-06-01 11:15
607,15.09,15.12,15.17,15.07,4291600.0,64922240.0,2020,6,1,11,30,2020-06-01 11:30
608,15.12,15.23,15.31,15.12,12972900.0,197392128.0,2020,6,1,13,15,2020-06-01 13:15
609,15.23,15.25,15.28,15.18,4384800.0,66737024.0,2020,6,1,13,30,2020-06-01 13:30
610,15.25,15.31,15.31,15.23,8496500.0,129874432.0,2020,6,1,13,45,2020-06-01 13:45
611,15.32,15.34,15.46,15.32,9254800.0,142279168.0,2020,6,1,14,0,2020-06-01 14:00
612,15.34,15.24,15.38,15.21,6304800.0,96314112.0,2020,6,1,14,15,2020-06-01 14:15
613,15.24,15.35,15.35,15.18,7446700.0,113604352.0,2020,6,1,14,30,2020-06-01 14:30
614,15.35,15.35,15.4,15.31,8788200.0,134998016.0,2020,6,1,14,45,2020-06-01 14:45
615,15.35,15.33,15.35,15.28,12003500.0,183891200.0,2020,6,1,15,0,2020-06-01 15:00
616,15.45,15.45,15.64,15.38,34136300.0,529259168.0,2020,6,2,9,45,2020-06-02 09:45
617,15.45,15.5,15.53,15.36,13106600.0,202216224.0,2020,6,2,10,0,2020-06-02 10:00
618,15.49,15.71,15.75,15.47,21586000.0,338131840.0,2020,6,2,10,15,2020-06-02 10:15
619,15.71,15.64,15.8,15.6,12966000.0,203444032.0,2020,6,2,10,30,2020-06-02 10:30
620,15.64,15.73,15.75,15.6,5433000.0,85184512.0,2020,6,2,10,45,2020-06-02 10:45
621,15.72,15.68,15.8,15.65,7268800.0,114379648.0,2020,6,2,11,0,2020-06-02 11:00
622,15.68,15.63,15.74,15.63,4822100.0,75581952.0,2020,6,2,11,15,2020-06-02 11:15
623,15.63,15.59,15.65,15.57,5665600.0,88375808.0,2020,6,2,11,30,2020-06-02 11:30
624,15.59,15.78,15.78,15.56,7371800.0,115641728.0,2020,6,2,13,15,2020-06-02 13:15
625,15.79,15.8,15.84,15.75,11302700.0,178585344.0,2020,6,2,13,30,2020-06-02 13:30
626,15.8,15.78,15.85,15.78,8640200.0,136637056.0,2020,6,2,13,45,2020-06-02 13:45
627,15.79,15.88,15.88,15.77,7829000.0,123846912.0,2020,6,2,14,0,2020-06-02 14:00
628,15.88,15.94,16.06,15.85,21278000.0,339423488.0,2020,6,2,14,15,2020-06-02 14:15
629,15.95,15.88,15.97,15.82,7638900.0,121351424.0,2020,6,2,14,30,2020-06-02 14:30
630,15.88,15.81,15.89,15.78,8703100.0,137785856.0,2020,6,2,14,45,2020-06-02 14:45
631,15.82,15.85,15.9,15.81,13257500.0,210295552.0,2020,6,2,15,0,2020-06-02 15:00
632,16.03,16.2,16.28,15.93,38185200.0,614620608.0,2020,6,3,9,45,2020-06-03 09:45
633,16.2,16.18,16.3,16.09,22043600.0,357419200.0,2020,6,3,10,0,2020-06-03 10:00
634,16.18,16.44,16.44,16.15,25955300.0,422821120.0,2020,6,3,10,15,2020-06-03 10:15
635,16.44,16.51,16.77,16.38,35891500.0,595073664.0,2020,6,3,10,30,2020-06-03 10:30
636,16.52,16.65,16.83,16.47,21014300.0,349438208.0,2020,6,3,10,45,2020-06-03 10:45
637,16.65,17.02,17.14,16.63,30773100.0,520524032.0,2020,6,3,11,0,2020-06-03 11:00
638,17.03,17.08,17.2,16.94,22032900.0,375647744.0,2020,6,3,11,15,2020-06-03 11:15
639,17.07,17.44,17.44,17.07,46008400.0,798676992.0,2020,6,3,11,30,2020-06-03 11:30
640,17.44,17.44,17.44,17.44,9562200.0,166764800.0,2020,6,3,13,15,2020-06-03 13:15
641,17.44,17.44,17.44,17.44,4333700.0,75579904.0,2020,6,3,13,30,2020-06-03 13:30
642,17.44,17.44,17.44,17.44,4297700.0,74951936.0,2020,6,3,13,45,2020-06-03 13:45
643,17.44,17.44,17.44,17.44,1314300.0,22922240.0,2020,6,3,14,0,2020-06-03 14:00
644,17.44,17.44,17.44,17.44,915600.0,15967232.0,2020,6,3,14,15,2020-06-03 14:15
645,17.44,17.1,17.44,17.02,51278000.0,885364224.0,2020,6,3,14,30,2020-06-03 14:30
646,17.1,16.96,17.11,16.82,38465700.0,652453376.0,2020,6,3,14,45,2020-06-03 14:45
647,16.94,16.84,16.97,16.82,38077400.0,643230208.0,2020,6,3,15,0,2020-06-03 15:00
648,16.3,16.7,16.73,16.3,91849104.0,1516360960.0,2020,6,4,9,45,2020-06-04 09:45
649,16.71,16.82,17.05,16.71,44355100.0,750115328.0,2020,6,4,10,0,2020-06-04 10:00
650,16.82,16.78,16.82,16.62,13721200.0,229407744.0,2020,6,4,10,15,2020-06-04 10:15
651,16.78,16.91,16.98,16.77,18784100.0,317464832.0,2020,6,4,10,30,2020-06-04 10:30
652,16.91,16.74,16.91,16.71,9852100.0,165484288.0,2020,6,4,10,45,2020-06-04 10:45
653,16.75,16.77,16.86,16.61,10178700.0,170011904.0,2020,6,4,11,0,2020-06-04 11:00
654,16.78,16.67,16.82,16.65,6237300.0,104309504.0,2020,6,4,11,15,2020-06-04 11:15
655,16.68,16.91,16.96,16.67,10361700.0,174510336.0,2020,6,4,11,30,2020-06-04 11:30
656,16.92,16.87,16.98,16.82,10203600.0,172477696.0,2020,6,4,13,15,2020-06-04 13:15
657,16.88,16.78,16.89,16.75,4948900.0,83172864.0,2020,6,4,13,30,2020-06-04 13:30
658,16.78,16.72,16.78,16.63,8214200.0,137210368.0,2020,6,4,13,45,2020-06-04 13:45
659,16.74,16.74,16.87,16.7,3690400.0,61938176.0,2020,6,4,14,0,2020-06-04 14:00
660,16.73,16.8,16.87,16.73,5684600.0,95545600.0,2020,6,4,14,15,2020-06-04 14:15
661,16.81,16.76,16.82,16.68,6378500.0,106780160.0,2020,6,4,14,30,2020-06-04 14:30
662,16.76,16.71,16.78,16.64,9105800.0,152047616.0,2020,6,4,14,45,2020-06-04 14:45
663,16.7,16.79,16.81,16.68,14452800.0,242233344.0,2020,6,4,15,0,2020-06-04 15:00
664,16.84,16.71,17.02,16.68,25545700.0,430379232.0,2020,6,5,9,45,2020-06-05 09:45
665,16.71,16.83,16.94,16.63,14132800.0,237537120.0,2020,6,5,10,0,2020-06-05 10:00
666,16.82,16.92,16.97,16.77,14094300.0,238005056.0,2020,6,5,10,15,2020-06-05 10:15
667,16.92,16.93,17.04,16.92,24316900.0,413179904.0,2020,6,5,10,30,2020-06-05 10:30
668,16.93,16.88,16.97,16.85,6729100.0,113825152.0,2020,6,5,10,45,2020-06-05 10:45
669,16.88,16.76,16.9,16.7,10006400.0,168026880.0,2020,6,5,11,0,2020-06-05 11:00
670,16.76,16.8,16.84,16.71,4567400.0,76660096.0,2020,6,5,11,15,2020-06-05 11:15
671,16.8,16.58,16.8,16.5,13380300.0,222508544.0,2020,6,5,11,30,2020-06-05 11:30
672,16.58,16.6,16.72,16.55,6604300.0,109801856.0,2020,6,5,13,15,2020-06-05 13:15
673,16.61,16.7,16.71,16.58,5445100.0,90670720.0,2020,6,5,13,30,2020-06-05 13:30
674,16.7,16.64,16.74,16.58,6599100.0,109819520.0,2020,6,5,13,45,2020-06-05 13:45
675,16.64,16.67,16.69,16.55,8104200.0,134618880.0,2020,6,5,14,0,2020-06-05 14:00
676,16.68,16.74,16.8,16.66,7591600.0,127107584.0,2020,6,5,14,15,2020-06-05 14:15
677,16.74,16.8,16.87,16.73,8913100.0,149793536.0,2020,6,5,14,30,2020-06-05 14:30
678,16.79,16.75,16.79,16.7,9288600.0,155536384.0,2020,6,5,14,45,2020-06-05 14:45
679,16.74,16.71,16.78,16.68,14569100.0,243539200.0,2020,6,5,15,0,2020-06-05 15:00
680,17.01,16.97,17.1,16.87,45117200.0,766610048.0,2020,6,8,9,45,2020-06-08 09:45
681,16.98,17.08,17.13,16.87,25008800.0,425721472.0,2020,6,8,10,0,2020-06-08 10:00
682,17.08,16.79,17.08,16.73,17276800.0,291985664.0,2020,6,8,10,15,2020-06-08 10:15
683,16.77,16.78,16.84,16.71,9359900.0,156920064.0,2020,6,8,10,30,2020-06-08 10:30
684,16.77,16.81,16.85,16.72,6734300.0,113023744.0,2020,6,8,10,45,2020-06-08 10:45
685,16.81,16.81,16.89,16.77,4543700.0,76543616.0,2020,6,8,11,0,2020-06-08 11:00
686,16.81,16.77,16.82,16.76,3339700.0,56076928.0,2020,6,8,11,15,2020-06-08 11:15
687,16.77,16.67,16.78,16.63,8880400.0,148194176.0,2020,6,8,11,30,2020-06-08 11:30
688,16.68,16.66,16.74,16.62,4652800.0,77553920.0,2020,6,8,13,15,2020-06-08 13:15
689,16.65,16.64,16.68,16.57,6340800.0,105338240.0,2020,6,8,13,30,2020-06-08 13:30
690,16.65,16.71,16.84,16.65,6096500.0,102185984.0,2020,6,8,13,45,2020-06-08 13:45
691,16.71,16.72,16.73,16.66,3131800.0,52296960.0,2020,6,8,14,0,2020-06-08 14:00
692,16.72,16.71,16.79,16.66,4218200.0,70535936.0,2020,6,8,14,15,2020-06-08 14:15
693,16.71,16.71,16.74,16.63,5323100.0,88823296.0,2020,6,8,14,30,2020-06-08 14:30
694,16.71,16.67,16.72,16.65,5645300.0,94136320.0,2020,6,8,14,45,2020-06-08 14:45
695,16.67,16.82,16.82,16.57,14535200.0,242822656.0,2020,6,8,15,0,2020-06-08 15:00
696,16.85,16.77,16.88,16.5,22979700.0,383709664.0,2020,6,9,9,45,2020-06-09 09:45
697,16.77,16.7,16.77,16.54,11559700.0,192559328.0,2020,6,9,10,0,2020-06-09 10:00
698,16.7,16.59,16.76,16.59,7856700.0,131239616.0,2020,6,9,10,15,2020-06-09 10:15
699,16.61,16.48,16.65,16.46,15115500.0,249655424.0,2020,6,9,10,30,2020-06-09 10:30
700,16.47,16.53,16.57,16.47,5028800.0,83097856.0,2020,6,9,10,45,2020-06-09 10:45
701,16.52,16.53,16.6,16.46,8020800.0,132427008.0,2020,6,9,11,0,2020-06-09 11:00
702,16.53,16.43,16.55,16.38,10378900.0,170769536.0,2020,6,9,11,15,2020-06-09 11:15
703,16.42,16.51,16.55,16.41,5039400.0,82948096.0,2020,6,9,11,30,2020-06-09 11:30
704,16.5,16.59,16.6,16.49,6342500.0,104851200.0,2020,6,9,13,15,2020-06-09 13:15
705,16.59,16.56,16.63,16.56,5114600.0,84893440.0,2020,6,9,13,30,2020-06-09 13:30
706,16.56,16.59,16.63,16.55,4405800.0,73094144.0,2020,6,9,13,45,2020-06-09 13:45
707,16.59,16.65,16.68,16.59,5263000.0,87567232.0,2020,6,9,14,0,2020-06-09 14:00
708,16.65,16.51,16.65,16.49,5759000.0,95359616.0,2020,6,9,14,15,2020-06-09 14:15
709,16.52,16.5,16.53,16.49,3177100.0,52435840.0,2020,6,9,14,30,2020-06-09 14:30
710,16.49,16.54,16.55,16.46,4616900.0,76196096.0,2020,6,9,14,45,2020-06-09 14:45
711,16.53,16.6,16.6,16.5,9597500.0,159010560.0,2020,6,9,15,0,2020-06-09 15:00
712,16.6,16.75,16.75,16.49,18778500.0,312517216.0,2020,6,10,9,45,2020-06-10 09:45
713,16.75,16.87,16.93,16.71,30021600.0,504964448.0,2020,6,10,10,0,2020-06-10 10:00
714,16.88,16.76,16.93,16.66,18574000.0,312398400.0,2020,6,10,10,15,2020-06-10 10:15
715,16.74,16.68,16.76,16.62,7341800.0,122537856.0,2020,6,10,10,30,2020-06-10 10:30
716,16.68,16.57,16.69,16.46,11862600.0,196307456.0,2020,6,10,10,45,2020-06-10 10:45
717,16.58,16.58,16.61,16.51,3504600.0,58045824.0,2020,6,10,11,0,2020-06-10 11:00
718,16.58,16.61,16.67,16.57,2986900.0,49642624.0,2020,6,10,11,15,2020-06-10 11:15
719,16.62,16.63,16.72,16.6,4150900.0,69170560.0,2020,6,10,11,30,2020-06-10 11:30
720,16.63,16.67,16.71,16.57,5113100.0,85101312.0,2020,6,10,13,15,2020-06-10 13:15
721,16.66,16.72,16.73,16.58,5967400.0,99446144.0,2020,6,10,13,30,2020-06-10 13:30
722,16.75,16.85,16.87,16.74,12408700.0,208355328.0,2020,6,10,13,45,2020-06-10 13:45
723,16.84,16.83,16.86,16.77,8771400.0,147528576.0,2020,6,10,14,0,2020-06-10 14:00
724,16.82,16.67,16.82,16.64,5350900.0,89528064.0,2020,6,10,14,15,2020-06-10 14:15
725,16.68,16.71,16.77,16.66,3885500.0,64985344.0,2020,6,10,14,30,2020-06-10 14:30
726,16.7,16.67,16.71,16.62,6310600.0,105174016.0,2020,6,10,14,45,2020-06-10 14:45
727,16.66,16.71,16.71,16.66,9730100.0,162414848.0,2020,6,10,15,0,2020-06-10 15:00
728,16.61,16.59,16.77,16.53,14775900.0,245699680.0,2020,6,11,9,45,2020-06-11 09:45
729,16.58,16.71,16.76,16.49,13310900.0,220873664.0,2020,6,11,10,0,2020-06-11 10:00
730,16.71,16.76,16.8,16.69,9784000.0,163932512.0,2020,6,11,10,15,2020-06-11 10:15
731,16.76,16.73,16.86,16.7,10433700.0,175193984.0,2020,6,11,10,30,2020-06-11 10:30
732,16.73,17.03,17.03,16.71,22580900.0,381945216.0,2020,6,11,10,45,2020-06-11 10:45
733,17.03,17.08,17.13,16.95,19823100.0,337963264.0,2020,6,11,11,0,2020-06-11 11:00
734,17.09,16.99,17.1,16.95,9309300.0,158493824.0,2020,6,11,11,15,2020-06-11 11:15
735,16.99,16.95,17.07,16.89,8772300.0,149133312.0,2020,6,11,11,30,2020-06-11 11:30
736,16.94,16.68,16.95,16.61,16295300.0,273009536.0,2020,6,11,13,15,2020-06-11 13:15
737,16.68,16.61,16.68,16.58,8918200.0,148224128.0,2020,6,11,13,30,2020-06-11 13:30
738,16.6,16.61,16.64,16.51,8995400.0,149019904.0,2020,6,11,13,45,2020-06-11 13:45
739,16.62,16.51,16.62,16.47,9241900.0,152697088.0,2020,6,11,14,0,2020-06-11 14:00
740,16.5,16.41,16.51,16.35,13385900.0,219834624.0,2020,6,11,14,15,2020-06-11 14:15
741,16.41,16.47,16.48,16.38,6388900.0,104961536.0,2020,6,11,14,30,2020-06-11 14:30
742,16.47,16.39,16.51,16.39,7456300.0,122545920.0,2020,6,11,14,45,2020-06-11 14:45
743,16.38,16.5,16.5,16.38,10267500.0,168861696.0,2020,6,11,15,0,2020-06-11 15:00
744,15.9,15.96,16.07,15.8,39364700.0,627291136.0,2020,6,12,9,45,2020-06-12 09:45
745,15.95,16.1,16.14,15.9,14599800.0,233781760.0,2020,6,12,10,0,2020-06-12 10:00
746,16.1,16.09,16.13,16.04,6899100.0,110974528.0,2020,6,12,10,15,2020-06-12 10:15
747,16.09,15.95,16.12,15.91,9843700.0,157481920.0,2020,6,12,10,30,2020-06-12 10:30
748,15.95,15.99,16.06,15.93,5928000.0,94879872.0,2020,6,12,10,45,2020-06-12 10:45
749,15.99,16.02,16.15,15.99,6052300.0,97299584.0,2020,6,12,11,0,2020-06-12 11:00
750,16.02,16.1,16.13,16.02,4233600.0,68078080.0,2020,6,12,11,15,2020-06-12 11:15
751,16.1,15.98,16.1,15.97,5310600.0,85052416.0,2020,6,12,11,30,2020-06-12 11:30
752,15.98,15.95,16.04,15.93,5869900.0,93685760.0,2020,6,12,13,15,2020-06-12 13:15
753,15.95,15.96,16.01,15.93,5091300.0,81284736.0,2020,6,12,13,30,2020-06-12 13:30
754,15.95,15.96,16.01,15.94,5254700.0,83874432.0,2020,6,12,13,45,2020-06-12 13:45
755,15.96,16.1,16.11,15.96,9751000.0,156383744.0,2020,6,12,14,0,2020-06-12 14:00
756,16.09,16.16,16.21,16.08,10201400.0,164752640.0,2020,6,12,14,15,2020-06-12 14:15
757,16.15,16.16,16.17,16.1,4935600.0,79627520.0,2020,6,12,14,30,2020-06-12 14:30
758,16.16,16.12,16.21,16.11,7243900.0,117129472.0,2020,6,12,14,45,2020-06-12 14:45
759,16.12,16.09,16.16,16.08,10578900.0,170435072.0,2020,6,12,15,0,2020-06-12 15:00
760,15.82,15.86,15.9,15.72,19802500.0,312810272.0,2020,6,15,9,45,2020-06-15 09:45
761,15.86,15.98,16.05,15.86,9639900.0,153522848.0,2020,6,15,10,0,2020-06-15 10:00
762,15.98,15.96,16.0,15.88,4360200.0,69552704.0,2020,6,15,10,15,2020-06-15 10:15
763,15.96,16.07,16.09,15.94,4943100.0,79127744.0,2020,6,15,10,30,2020-06-15 10:30
764,16.07,16.16,16.19,16.02,9553600.0,153983872.0,2020,6,15,10,45,2020-06-15 10:45
765,16.16,16.11,16.25,16.08,8401200.0,135816960.0,2020,6,15,11,0,2020-06-15 11:00
766,16.13,16.07,16.17,16.05,3084300.0,49739200.0,2020,6,15,11,15,2020-06-15 11:15
767,16.07,16.09,16.13,16.0,4010300.0,64379520.0,2020,6,15,11,30,2020-06-15 11:30
768,16.1,15.92,16.1,15.87,6537500.0,104290048.0,2020,6,15,13,15,2020-06-15 13:15
769,15.92,15.88,15.96,15.88,3970800.0,63174656.0,2020,6,15,13,30,2020-06-15 13:30
770,15.88,15.82,15.93,15.81,5792200.0,91820160.0,2020,6,15,13,45,2020-06-15 13:45
771,15.82,15.78,15.86,15.75,7475900.0,118117632.0,2020,6,15,14,0,2020-06-15 14:00
772,15.77,15.87,15.87,15.75,4513300.0,71358848.0,2020,6,15,14,15,2020-06-15 14:15
773,15.87,15.81,15.88,15.8,3686100.0,58385024.0,2020,6,15,14,30,2020-06-15 14:30
774,15.81,15.74,15.83,15.74,7945500.0,125347712.0,2020,6,15,14,45,2020-06-15 14:45
775,15.74,15.7,15.77,15.7,12074800.0,189868160.0,2020,6,15,15,0,2020-06-15 15:00
776,15.98,16.18,16.26,15.97,26943100.0,433348832.0,2020,6,16,9,45,2020-06-16 09:45
777,16.17,16.15,16.25,16.08,14576900.0,235695136.0,2020,6,16,10,0,2020-06-16 10:00
778,16.15,16.08,16.18,16.04,8417400.0,135563968.0,2020,6,16,10,15,2020-06-16 10:15
779,16.08,16.13,16.19,16.03,7107600.0,114559424.0,2020,6,16,10,30,2020-06-16 10:30
780,16.14,16.16,16.21,16.1,6786800.0,109714048.0,2020,6,16,10,45,2020-06-16 10:45
781,16.17,16.16,16.24,16.15,6846600.0,110929024.0,2020,6,16,11,0,2020-06-16 11:00
782,16.16,16.07,16.21,16.02,4911600.0,79134080.0,2020,6,16,11,15,2020-06-16 11:15
783,16.07,15.99,16.1,15.94,5353500.0,85783808.0,2020,6,16,11,30,2020-06-16 11:30
784,16.0,16.05,16.09,15.98,4682100.0,75069184.0,2020,6,16,13,15,2020-06-16 13:15
785,16.05,16.13,16.14,16.02,3593100.0,57826688.0,2020,6,16,13,30,2020-06-16 13:30
786,16.12,16.09,16.15,16.03,4228000.0,68024576.0,2020,6,16,13,45,2020-06-16 13:45
787,16.1,16.08,16.11,16.03,3875300.0,62272640.0,2020,6,16,14,0,2020-06-16 14:00
788,16.07,16.34,16.36,16.04,25925800.0,421407232.0,2020,6,16,14,15,2020-06-16 14:15
789,16.34,16.48,16.53,16.32,20527600.0,337343232.0,2020,6,16,14,30,2020-06-16 14:30
790,16.5,16.63,16.72,16.41,19169600.0,317623808.0,2020,6,16,14,45,2020-06-16 14:45
791,16.62,16.67,16.69,16.56,17670200.0,294114304.0,2020,6,16,15,0,2020-06-16 15:00
792,16.64,16.44,16.64,16.31,27137700.0,446945376.0,2020,6,17,9,45,2020-06-17 09:45
793,16.44,16.56,16.64,16.43,13531500.0,223993440.0,2020,6,17,10,0,2020-06-17 10:00
794,16.56,16.64,16.71,16.51,15394800.0,256378496.0,2020,6,17,10,15,2020-06-17 10:15
795,16.65,16.7,16.85,16.64,18314000.0,306915264.0,2020,6,17,10,30,2020-06-17 10:30
796,16.7,16.54,16.71,16.52,7905900.0,131226112.0,2020,6,17,10,45,2020-06-17 10:45
797,16.54,16.7,16.73,16.49,6072400.0,100801024.0,2020,6,17,11,0,2020-06-17 11:00
798,16.72,16.9,16.95,16.72,18900400.0,318879104.0,2020,6,17,11,15,2020-06-17 11:15
799,16.9,16.93,16.95,16.8,9695900.0,163753472.0,2020,6,17,13,0,2020-06-17 13:00
