,open,close,high,low,vol,amount,year,month,day,hour,minute,datetime
0,5.05,5.05,5.06,5.03,468400.0,2362348.0,2020,4,2,13,15,2020-04-02 13:15
1,5.05,5.04,5.05,5.02,321600.0,1621284.0,2020,4,2,13,30,2020-04-02 13:30
2,5.04,5.06,5.07,5.03,802700.0,4057184.0,2020,4,2,13,45,2020-04-02 13:45
3,5.06,5.07,5.07,5.04,1066100.0,5389204.0,2020,4,2,14,0,2020-04-02 14:00
4,5.07,5.08,5.09,5.06,1083200.0,5498100.0,2020,4,2,14,15,2020-04-02 14:15
5,5.08,5.12,5.13,5.06,2158600.0,11023236.0,2020,4,2,14,30,2020-04-02 14:30
6,5.13,5.11,5.13,5.09,933000.0,4769164.0,2020,4,2,14,45,2020-04-02 14:45
7,5.11,5.13,5.13,5.1,1780800.0,9116224.0,2020,4,2,15,0,2020-04-02 15:00
8,5.13,5.12,5.15,5.11,964600.0,4948628.0,2020,4,3,9,45,2020-04-03 09:45
9,5.12,5.12,5.14,5.11,571900.0,2930624.5,2020,4,3,10,0,2020-04-03 10:00
10,5.12,5.1,5.13,5.1,548100.0,2803947.5,2020,4,3,10,15,2020-04-03 10:15
11,5.11,5.12,5.12,5.1,333000.0,1700415.0,2020,4,3,10,30,2020-04-03 10:30
12,5.12,5.14,5.15,5.12,611100.0,3136255.0,2020,4,3,10,45,2020-04-03 10:45
13,5.15,5.15,5.15,5.13,618900.0,3183954.0,2020,4,3,11,0,2020-04-03 11:00
14,5.15,5.16,5.16,5.14,680600.0,3508360.0,2020,4,3,11,15,2020-04-03 11:15
15,5.17,5.15,5.17,5.14,516500.0,2662258.0,2020,4,3,11,30,2020-04-03 11:30
16,5.15,5.15,5.16,5.13,661600.0,3404682.0,2020,4,3,13,15,2020-04-03 13:15
17,5.14,5.16,5.17,5.14,859200.0,4431364.0,2020,4,3,13,30,2020-04-03 13:30
18,5.16,5.17,5.18,5.15,821300.0,4244796.0,2020,4,3,13,45,2020-04-03 13:45
19,5.17,5.15,5.18,5.14,510100.0,2630820.0,2020,4,3,14,0,2020-04-03 14:00
20,5.15,5.12,5.15,5.11,710600.0,3641896.0,2020,4,3,14,15,2020-04-03 14:15
21,5.12,5.12,5.13,5.11,390500.0,1998980.0,2020,4,3,14,30,2020-04-03 14:30
22,5.13,5.12,5.14,5.11,358300.0,1836416.0,2020,4,3,14,45,2020-04-03 14:45
23,5.11,5.12,5.13,5.1,875400.0,4476144.0,2020,4,3,15,0,2020-04-03 15:00
24,5.24,5.27,5.38,5.22,4922400.0,26033296.0,2020,4,7,9,45,2020-04-07 09:45
25,5.27,5.27,5.31,5.27,1195000.0,6321498.0,2020,4,7,10,0,2020-04-07 10:00
26,5.27,5.27,5.3,5.26,837200.0,4419986.0,2020,4,7,10,15,2020-04-07 10:15
27,5.27,5.28,5.28,5.25,613500.0,3228572.0,2020,4,7,10,30,2020-04-07 10:30
28,5.28,5.3,5.3,5.26,567700.0,2998240.0,2020,4,7,10,45,2020-04-07 10:45
29,5.3,5.3,5.3,5.28,589000.0,3115464.0,2020,4,7,11,0,2020-04-07 11:00
30,5.29,5.3,5.3,5.29,352100.0,1865624.0,2020,4,7,11,15,2020-04-07 11:15
31,5.29,5.3,5.3,5.28,397300.0,2102416.0,2020,4,7,11,30,2020-04-07 11:30
32,5.3,5.31,5.31,5.29,266300.0,1411864.0,2020,4,7,13,15,2020-04-07 13:15
33,5.3,5.29,5.31,5.28,296700.0,1571416.0,2020,4,7,13,30,2020-04-07 13:30
34,5.28,5.3,5.3,5.26,592600.0,3130476.0,2020,4,7,13,45,2020-04-07 13:45
35,5.3,5.34,5.34,5.28,1199000.0,6374576.0,2020,4,7,14,0,2020-04-07 14:00
36,5.34,5.31,5.34,5.3,726200.0,3862984.0,2020,4,7,14,15,2020-04-07 14:15
37,5.31,5.31,5.32,5.3,256700.0,1362180.0,2020,4,7,14,30,2020-04-07 14:30
38,5.31,5.29,5.31,5.29,551700.0,2926616.0,2020,4,7,14,45,2020-04-07 14:45
39,5.3,5.28,5.3,5.22,2828200.0,14898352.0,2020,4,7,15,0,2020-04-07 15:00
40,5.3,5.29,5.3,5.26,922000.0,4871966.0,2020,4,8,9,45,2020-04-08 09:45
41,5.29,5.26,5.3,5.26,645200.0,3407914.0,2020,4,8,10,0,2020-04-08 10:00
42,5.26,5.25,5.28,5.25,591900.0,3114660.0,2020,4,8,10,15,2020-04-08 10:15
43,5.26,5.28,5.28,5.24,309200.0,1626679.0,2020,4,8,10,30,2020-04-08 10:30
44,5.28,5.26,5.28,5.26,242300.0,1277952.0,2020,4,8,10,45,2020-04-08 10:45
45,5.27,5.28,5.28,5.25,432700.0,2279454.0,2020,4,8,11,0,2020-04-08 11:00
46,5.27,5.28,5.28,5.25,215700.0,1135675.0,2020,4,8,11,15,2020-04-08 11:15
47,5.27,5.27,5.28,5.26,114900.0,604956.0,2020,4,8,11,30,2020-04-08 11:30
48,5.27,5.28,5.28,5.26,594800.0,3131512.0,2020,4,8,13,15,2020-04-08 13:15
49,5.28,5.27,5.29,5.27,344400.0,1817320.0,2020,4,8,13,30,2020-04-08 13:30
50,5.27,5.29,5.29,5.25,264000.0,1392732.0,2020,4,8,13,45,2020-04-08 13:45
51,5.29,5.29,5.3,5.28,241500.0,1277834.0,2020,4,8,14,0,2020-04-08 14:00
52,5.29,5.29,5.29,5.27,281600.0,1487408.0,2020,4,8,14,15,2020-04-08 14:15
53,5.29,5.27,5.29,5.26,580200.0,3060520.0,2020,4,8,14,30,2020-04-08 14:30
54,5.27,5.27,5.28,5.26,301700.0,1590796.0,2020,4,8,14,45,2020-04-08 14:45
55,5.26,5.28,5.28,5.25,847600.0,4460570.0,2020,4,8,15,0,2020-04-08 15:00
56,5.29,5.31,5.34,5.29,1271400.0,6737757.0,2020,4,9,9,45,2020-04-09 09:45
57,5.31,5.29,5.32,5.29,735000.0,3896642.0,2020,4,9,10,0,2020-04-09 10:00
58,5.3,5.34,5.35,5.28,1014400.0,5403959.0,2020,4,9,10,15,2020-04-09 10:15
59,5.35,5.37,5.39,5.34,1293000.0,6944656.0,2020,4,9,10,30,2020-04-09 10:30
60,5.37,5.35,5.38,5.35,440800.0,2364536.0,2020,4,9,10,45,2020-04-09 10:45
61,5.35,5.34,5.36,5.34,387000.0,2071260.0,2020,4,9,11,0,2020-04-09 11:00
62,5.34,5.36,5.36,5.34,240900.0,1289886.0,2020,4,9,11,15,2020-04-09 11:15
63,5.35,5.35,5.35,5.34,263200.0,1407276.0,2020,4,9,11,30,2020-04-09 11:30
64,5.34,5.35,5.36,5.34,414900.0,2220776.0,2020,4,9,13,15,2020-04-09 13:15
65,5.35,5.35,5.37,5.34,378900.0,2028152.0,2020,4,9,13,30,2020-04-09 13:30
66,5.35,5.35,5.37,5.35,351300.0,1883060.0,2020,4,9,13,45,2020-04-09 13:45
67,5.36,5.35,5.37,5.35,211500.0,1133824.0,2020,4,9,14,0,2020-04-09 14:00
68,5.35,5.34,5.36,5.34,323300.0,1729784.0,2020,4,9,14,15,2020-04-09 14:15
69,5.34,5.34,5.35,5.33,232700.0,1242472.0,2020,4,9,14,30,2020-04-09 14:30
70,5.33,5.32,5.34,5.31,512300.0,2726516.0,2020,4,9,14,45,2020-04-09 14:45
71,5.32,5.32,5.33,5.29,1122500.0,5960128.0,2020,4,9,15,0,2020-04-09 15:00
72,5.31,5.3,5.34,5.29,796800.0,4229405.0,2020,4,10,9,45,2020-04-10 09:45
73,5.29,5.32,5.32,5.28,474400.0,2512958.5,2020,4,10,10,0,2020-04-10 10:00
74,5.32,5.33,5.35,5.3,1029600.0,5489118.5,2020,4,10,10,15,2020-04-10 10:15
75,5.33,5.35,5.36,5.32,711400.0,3803557.0,2020,4,10,10,30,2020-04-10 10:30
76,5.34,5.35,5.37,5.34,781600.0,4188337.0,2020,4,10,10,45,2020-04-10 10:45
77,5.35,5.37,5.42,5.35,1752800.0,9455324.0,2020,4,10,11,0,2020-04-10 11:00
78,5.37,5.37,5.38,5.36,331500.0,1779136.0,2020,4,10,11,15,2020-04-10 11:15
79,5.37,5.32,5.37,5.31,606200.0,3231680.0,2020,4,10,11,30,2020-04-10 11:30
80,5.32,5.36,5.37,5.32,993300.0,5302988.0,2020,4,10,13,15,2020-04-10 13:15
81,5.36,5.36,5.37,5.34,768000.0,4115092.0,2020,4,10,13,30,2020-04-10 13:30
82,5.37,5.37,5.38,5.34,1147100.0,6151136.0,2020,4,10,13,45,2020-04-10 13:45
83,5.38,5.39,5.41,5.37,1516500.0,8176788.0,2020,4,10,14,0,2020-04-10 14:00
84,5.4,5.42,5.43,5.38,1501200.0,8114784.0,2020,4,10,14,15,2020-04-10 14:15
85,5.41,5.42,5.43,5.4,930400.0,5038984.0,2020,4,10,14,30,2020-04-10 14:30
86,5.42,5.42,5.43,5.41,780700.0,4230648.0,2020,4,10,14,45,2020-04-10 14:45
87,5.42,5.37,5.42,5.36,1616300.0,8712256.0,2020,4,10,15,0,2020-04-10 15:00
88,5.33,5.33,5.38,5.29,1157800.0,6165082.0,2020,4,13,9,45,2020-04-13 09:45
89,5.34,5.34,5.34,5.32,340300.0,1813637.0,2020,4,13,10,0,2020-04-13 10:00
90,5.33,5.33,5.34,5.32,243900.0,1299943.0,2020,4,13,10,15,2020-04-13 10:15
91,5.32,5.32,5.34,5.32,279000.0,1487087.0,2020,4,13,10,30,2020-04-13 10:30
92,5.33,5.32,5.34,5.32,291100.0,1549847.0,2020,4,13,10,45,2020-04-13 10:45
93,5.32,5.33,5.33,5.31,277600.0,1476338.0,2020,4,13,11,0,2020-04-13 11:00
94,5.33,5.3,5.33,5.3,254800.0,1353522.0,2020,4,13,11,15,2020-04-13 11:15
95,5.31,5.3,5.32,5.3,208200.0,1104183.0,2020,4,13,11,30,2020-04-13 11:30
96,5.3,5.31,5.32,5.3,281900.0,1496717.0,2020,4,13,13,15,2020-04-13 13:15
97,5.32,5.32,5.33,5.3,171200.0,910236.0,2020,4,13,13,30,2020-04-13 13:30
98,5.32,5.29,5.32,5.29,619800.0,3285764.0,2020,4,13,13,45,2020-04-13 13:45
99,5.3,5.31,5.31,5.29,294800.0,1562428.0,2020,4,13,14,0,2020-04-13 14:00
100,5.3,5.31,5.32,5.3,332000.0,1763136.0,2020,4,13,14,15,2020-04-13 14:15
101,5.31,5.35,5.35,5.31,415800.0,2218388.0,2020,4,13,14,30,2020-04-13 14:30
102,5.35,5.36,5.37,5.33,641900.0,3436096.0,2020,4,13,14,45,2020-04-13 14:45
103,5.36,5.33,5.37,5.33,715400.0,3825804.0,2020,4,13,15,0,2020-04-13 15:00
104,5.42,5.42,5.48,5.36,2854300.0,15472137.0,2020,4,14,9,45,2020-04-14 09:45
105,5.42,5.45,5.46,5.41,1001800.0,5437885.0,2020,4,14,10,0,2020-04-14 10:00
106,5.44,5.43,5.45,5.42,579500.0,3148570.0,2020,4,14,10,15,2020-04-14 10:15
107,5.43,5.43,5.44,5.41,494800.0,2684994.0,2020,4,14,10,30,2020-04-14 10:30
108,5.43,5.43,5.44,5.43,208800.0,1134562.0,2020,4,14,10,45,2020-04-14 10:45
109,5.43,5.43,5.44,5.42,194300.0,1055326.0,2020,4,14,11,0,2020-04-14 11:00
110,5.43,5.4,5.43,5.39,468100.0,2530480.0,2020,4,14,11,15,2020-04-14 11:15
111,5.4,5.42,5.43,5.4,398400.0,2158230.0,2020,4,14,11,30,2020-04-14 11:30
112,5.42,5.44,5.45,5.42,513600.0,2793708.0,2020,4,14,13,15,2020-04-14 13:15
113,5.45,5.46,5.47,5.44,1487000.0,8109880.0,2020,4,14,13,30,2020-04-14 13:30
114,5.46,5.47,5.48,5.46,526300.0,2877368.0,2020,4,14,13,45,2020-04-14 13:45
115,5.47,5.46,5.48,5.45,291000.0,1589528.0,2020,4,14,14,0,2020-04-14 14:00
116,5.47,5.46,5.47,5.45,432400.0,2359864.0,2020,4,14,14,15,2020-04-14 14:15
117,5.46,5.45,5.46,5.45,233300.0,1272124.0,2020,4,14,14,30,2020-04-14 14:30
118,5.45,5.46,5.48,5.44,1618100.0,8831840.0,2020,4,14,14,45,2020-04-14 14:45
119,5.47,5.47,5.47,5.46,780900.0,4269996.0,2020,4,14,15,0,2020-04-14 15:00
120,5.47,5.53,5.55,5.46,1598700.0,8804674.0,2020,4,15,9,45,2020-04-15 09:45
121,5.54,5.6,5.65,5.52,2311800.0,12929316.0,2020,4,15,10,0,2020-04-15 10:00
122,5.61,5.61,5.62,5.6,1041300.0,5841698.0,2020,4,15,10,15,2020-04-15 10:15
123,5.61,5.64,5.68,5.6,1257800.0,7096896.0,2020,4,15,10,30,2020-04-15 10:30
124,5.63,5.63,5.67,5.63,953900.0,5393144.0,2020,4,15,10,45,2020-04-15 10:45
125,5.63,5.62,5.64,5.6,501800.0,2816444.0,2020,4,15,11,0,2020-04-15 11:00
126,5.62,5.63,5.65,5.61,335100.0,1887072.0,2020,4,15,11,15,2020-04-15 11:15
127,5.63,5.64,5.65,5.62,194500.0,1095968.0,2020,4,15,11,30,2020-04-15 11:30
128,5.64,5.66,5.66,5.63,787800.0,4450964.0,2020,4,15,13,15,2020-04-15 13:15
129,5.66,5.65,5.67,5.63,492500.0,2782964.0,2020,4,15,13,30,2020-04-15 13:30
130,5.64,5.63,5.65,5.63,386000.0,2176496.0,2020,4,15,13,45,2020-04-15 13:45
131,5.63,5.64,5.65,5.63,406700.0,2292712.0,2020,4,15,14,0,2020-04-15 14:00
132,5.64,5.63,5.64,5.6,842200.0,4731732.0,2020,4,15,14,15,2020-04-15 14:15
133,5.63,5.61,5.63,5.6,545300.0,3060444.0,2020,4,15,14,30,2020-04-15 14:30
134,5.61,5.62,5.63,5.61,634200.0,3562748.0,2020,4,15,14,45,2020-04-15 14:45
135,5.61,5.61,5.62,5.6,965400.0,5417208.0,2020,4,15,15,0,2020-04-15 15:00
136,5.6,5.6,5.63,5.57,1362800.0,7631163.0,2020,4,16,9,45,2020-04-16 09:45
137,5.61,5.62,5.66,5.6,879600.0,4950227.0,2020,4,16,10,0,2020-04-16 10:00
138,5.62,5.61,5.63,5.6,385400.0,2164927.0,2020,4,16,10,15,2020-04-16 10:15
139,5.61,5.61,5.62,5.61,289000.0,1622849.0,2020,4,16,10,30,2020-04-16 10:30
140,5.62,5.61,5.63,5.61,333600.0,1875922.0,2020,4,16,10,45,2020-04-16 10:45
141,5.61,5.58,5.62,5.58,849600.0,4753658.0,2020,4,16,11,0,2020-04-16 11:00
142,5.58,5.59,5.61,5.58,361800.0,2023694.0,2020,4,16,11,15,2020-04-16 11:15
143,5.59,5.59,5.61,5.58,458500.0,2566788.0,2020,4,16,11,30,2020-04-16 11:30
144,5.59,5.61,5.62,5.59,2061300.0,11547408.0,2020,4,16,13,15,2020-04-16 13:15
145,5.6,5.61,5.63,5.6,770200.0,4325168.0,2020,4,16,13,30,2020-04-16 13:30
146,5.61,5.64,5.64,5.61,1108500.0,6239276.0,2020,4,16,13,45,2020-04-16 13:45
147,5.64,5.63,5.65,5.63,650500.0,3667508.0,2020,4,16,14,0,2020-04-16 14:00
148,5.63,5.64,5.64,5.61,649000.0,3649032.0,2020,4,16,14,15,2020-04-16 14:15
149,5.64,5.63,5.64,5.62,961600.0,5417528.0,2020,4,16,14,30,2020-04-16 14:30
150,5.63,5.65,5.66,5.63,715100.0,4038724.0,2020,4,16,14,45,2020-04-16 14:45
151,5.65,5.65,5.66,5.62,991300.0,5593064.0,2020,4,16,15,0,2020-04-16 15:00
152,5.66,5.63,5.7,5.63,1572400.0,8908428.0,2020,4,17,9,45,2020-04-17 09:45
153,5.63,5.63,5.67,5.63,1001400.0,5657252.0,2020,4,17,10,0,2020-04-17 10:00
154,5.64,5.63,5.64,5.61,770600.0,4336352.0,2020,4,17,10,15,2020-04-17 10:15
155,5.63,5.62,5.64,5.61,422900.0,2377452.0,2020,4,17,10,30,2020-04-17 10:30
156,5.61,5.62,5.63,5.6,603200.0,3388986.0,2020,4,17,10,45,2020-04-17 10:45
157,5.62,5.64,5.64,5.61,581400.0,3268960.0,2020,4,17,11,0,2020-04-17 11:00
158,5.63,5.65,5.65,5.63,419400.0,2365786.0,2020,4,17,11,15,2020-04-17 11:15
159,5.65,5.65,5.65,5.62,397600.0,2241654.0,2020,4,17,11,30,2020-04-17 11:30
160,5.65,5.64,5.65,5.63,793700.0,4475674.0,2020,4,17,13,15,2020-04-17 13:15
161,5.65,5.63,5.65,5.62,394700.0,2224724.0,2020,4,17,13,30,2020-04-17 13:30
162,5.64,5.65,5.65,5.62,418400.0,2358700.0,2020,4,17,13,45,2020-04-17 13:45
163,5.65,5.64,5.65,5.63,453200.0,2556512.0,2020,4,17,14,0,2020-04-17 14:00
164,5.65,5.63,5.65,5.63,776100.0,4375656.0,2020,4,17,14,15,2020-04-17 14:15
165,5.64,5.64,5.65,5.63,517800.0,2920016.0,2020,4,17,14,30,2020-04-17 14:30
166,5.65,5.65,5.67,5.63,2071100.0,11696360.0,2020,4,17,14,45,2020-04-17 14:45
167,5.65,5.64,5.65,5.63,1042900.0,5884192.0,2020,4,17,15,0,2020-04-17 15:00
168,5.65,5.64,5.68,5.64,895100.0,5068001.0,2020,4,20,9,45,2020-04-20 09:45
169,5.65,5.64,5.65,5.63,393500.0,2220222.0,2020,4,20,10,0,2020-04-20 10:00
170,5.64,5.63,5.65,5.62,457600.0,2578998.0,2020,4,20,10,15,2020-04-20 10:15
171,5.64,5.62,5.64,5.6,1515300.0,8502581.0,2020,4,20,10,30,2020-04-20 10:30
172,5.62,5.63,5.63,5.6,1154900.0,6479242.0,2020,4,20,10,45,2020-04-20 10:45
173,5.61,5.62,5.63,5.6,313500.0,1760034.0,2020,4,20,11,0,2020-04-20 11:00
174,5.62,5.63,5.64,5.61,467200.0,2626916.0,2020,4,20,11,15,2020-04-20 11:15
175,5.63,5.63,5.64,5.61,384300.0,2162038.0,2020,4,20,11,30,2020-04-20 11:30
176,5.63,5.63,5.65,5.62,362600.0,2045272.0,2020,4,20,13,15,2020-04-20 13:15
177,5.63,5.64,5.64,5.63,402200.0,2265040.0,2020,4,20,13,30,2020-04-20 13:30
178,5.64,5.64,5.65,5.63,405500.0,2287392.0,2020,4,20,13,45,2020-04-20 13:45
179,5.64,5.64,5.65,5.62,328500.0,1850980.0,2020,4,20,14,0,2020-04-20 14:00
180,5.64,5.64,5.65,5.63,254800.0,1437324.0,2020,4,20,14,15,2020-04-20 14:15
181,5.64,5.64,5.65,5.63,392500.0,2214044.0,2020,4,20,14,30,2020-04-20 14:30
182,5.65,5.65,5.65,5.63,628300.0,3545292.0,2020,4,20,14,45,2020-04-20 14:45
183,5.64,5.66,5.66,5.64,719900.0,4066480.0,2020,4,20,15,0,2020-04-20 15:00
184,5.62,5.62,5.66,5.6,1360600.0,7660072.5,2020,4,21,9,45,2020-04-21 09:45
185,5.6,5.58,5.62,5.57,1134800.0,6350022.5,2020,4,21,10,0,2020-04-21 10:00
186,5.58,5.61,5.61,5.56,966600.0,5394903.0,2020,4,21,10,15,2020-04-21 10:15
187,5.6,5.61,5.64,5.6,557100.0,3124564.0,2020,4,21,10,30,2020-04-21 10:30
188,5.61,5.6,5.61,5.58,585100.0,3270876.0,2020,4,21,10,45,2020-04-21 10:45
189,5.6,5.61,5.62,5.59,552800.0,3097454.0,2020,4,21,11,0,2020-04-21 11:00
190,5.6,5.6,5.61,5.59,460600.0,2578350.0,2020,4,21,11,15,2020-04-21 11:15
191,5.6,5.58,5.61,5.58,439800.0,2462282.0,2020,4,21,11,30,2020-04-21 11:30
192,5.59,5.56,5.59,5.55,732000.0,4073716.0,2020,4,21,13,15,2020-04-21 13:15
193,5.57,5.57,5.59,5.56,464500.0,2589728.0,2020,4,21,13,30,2020-04-21 13:30
194,5.57,5.59,5.6,5.57,592800.0,3311400.0,2020,4,21,13,45,2020-04-21 13:45
195,5.59,5.58,5.59,5.57,321200.0,1792012.0,2020,4,21,14,0,2020-04-21 14:00
196,5.59,5.57,5.6,5.57,1150900.0,6427696.0,2020,4,21,14,15,2020-04-21 14:15
197,5.57,5.59,5.6,5.56,597300.0,3334160.0,2020,4,21,14,30,2020-04-21 14:30
198,5.58,5.6,5.61,5.57,973500.0,5447604.0,2020,4,21,14,45,2020-04-21 14:45
199,5.59,5.61,5.62,5.59,817700.0,4588060.0,2020,4,21,15,0,2020-04-21 15:00
200,5.6,5.69,5.7,5.58,2218200.0,12542015.0,2020,4,22,9,45,2020-04-22 09:45
201,5.7,5.76,5.78,5.68,2628700.0,15083907.0,2020,4,22,10,0,2020-04-22 10:00
202,5.76,5.8,5.83,5.75,1921600.0,11142170.0,2020,4,22,10,15,2020-04-22 10:15
203,5.8,5.78,5.82,5.77,460000.0,2665856.0,2020,4,22,10,30,2020-04-22 10:30
204,5.79,5.78,5.79,5.76,385400.0,2224848.0,2020,4,22,10,45,2020-04-22 10:45
205,5.78,5.78,5.79,5.76,248600.0,1435784.0,2020,4,22,11,0,2020-04-22 11:00
206,5.78,5.74,5.78,5.73,469100.0,2697216.0,2020,4,22,11,15,2020-04-22 11:15
207,5.75,5.75,5.75,5.71,342300.0,1963376.0,2020,4,22,11,30,2020-04-22 11:30
208,5.74,5.74,5.76,5.74,359200.0,2065840.0,2020,4,22,13,15,2020-04-22 13:15
209,5.75,5.75,5.75,5.74,234800.0,1349280.0,2020,4,22,13,30,2020-04-22 13:30
210,5.76,5.74,5.76,5.73,389800.0,2239620.0,2020,4,22,13,45,2020-04-22 13:45
211,5.75,5.75,5.76,5.74,188700.0,1084800.0,2020,4,22,14,0,2020-04-22 14:00
212,5.76,5.78,5.79,5.75,479300.0,2767060.0,2020,4,22,14,15,2020-04-22 14:15
213,5.79,5.78,5.79,5.76,785300.0,4540904.0,2020,4,22,14,30,2020-04-22 14:30
214,5.78,5.8,5.8,5.76,1092500.0,6322564.0,2020,4,22,14,45,2020-04-22 14:45
215,5.79,5.76,5.8,5.74,836600.0,4824280.0,2020,4,22,15,0,2020-04-22 15:00
216,5.79,5.75,5.8,5.71,1328000.0,7638042.0,2020,4,23,9,45,2020-04-23 09:45
217,5.75,5.72,5.76,5.69,1115800.0,6371076.0,2020,4,23,10,0,2020-04-23 10:00
218,5.71,5.69,5.71,5.67,635400.0,3611210.0,2020,4,23,10,15,2020-04-23 10:15
219,5.7,5.69,5.7,5.66,527000.0,2992036.0,2020,4,23,10,30,2020-04-23 10:30
220,5.69,5.69,5.69,5.67,255100.0,1448420.0,2020,4,23,10,45,2020-04-23 10:45
221,5.69,5.67,5.69,5.66,368400.0,2089744.0,2020,4,23,11,0,2020-04-23 11:00
222,5.68,5.68,5.68,5.65,544200.0,3083258.0,2020,4,23,11,15,2020-04-23 11:15
223,5.67,5.67,5.68,5.65,358700.0,2031356.0,2020,4,23,11,30,2020-04-23 11:30
224,5.67,5.7,5.7,5.67,408300.0,2319418.0,2020,4,23,13,15,2020-04-23 13:15
225,5.69,5.67,5.7,5.66,221300.0,1256430.0,2020,4,23,13,30,2020-04-23 13:30
226,5.66,5.68,5.7,5.66,396800.0,2252062.0,2020,4,23,13,45,2020-04-23 13:45
227,5.68,5.68,5.69,5.66,546400.0,3100316.0,2020,4,23,14,0,2020-04-23 14:00
228,5.67,5.67,5.68,5.66,550400.0,3118232.0,2020,4,23,14,15,2020-04-23 14:15
229,5.66,5.64,5.67,5.63,818800.0,4621404.0,2020,4,23,14,30,2020-04-23 14:30
230,5.63,5.63,5.65,5.62,864100.0,4862720.0,2020,4,23,14,45,2020-04-23 14:45
231,5.63,5.62,5.68,5.61,1529300.0,8615500.0,2020,4,23,15,0,2020-04-23 15:00
232,5.67,5.71,5.78,5.66,2095700.0,11965960.0,2020,4,24,9,45,2020-04-24 09:45
233,5.71,5.73,5.74,5.68,1083400.0,6181848.0,2020,4,24,10,0,2020-04-24 10:00
234,5.74,5.82,5.86,5.72,3644800.0,21121772.0,2020,4,24,10,15,2020-04-24 10:15
235,5.83,5.76,5.84,5.75,1197200.0,6936828.0,2020,4,24,10,30,2020-04-24 10:30
236,5.78,5.8,5.8,5.75,1084800.0,6266768.0,2020,4,24,10,45,2020-04-24 10:45
237,5.8,5.77,5.82,5.77,756600.0,4384112.0,2020,4,24,11,0,2020-04-24 11:00
238,5.77,5.79,5.79,5.77,328100.0,1897104.0,2020,4,24,11,15,2020-04-24 11:15
239,5.79,5.79,5.8,5.77,597800.0,3462856.0,2020,4,24,11,30,2020-04-24 11:30
240,5.79,5.73,5.79,5.71,796700.0,4576760.0,2020,4,24,13,15,2020-04-24 13:15
241,5.73,5.75,5.76,5.72,390700.0,2241952.0,2020,4,24,13,30,2020-04-24 13:30
242,5.74,5.69,5.75,5.69,556100.0,3172968.0,2020,4,24,13,45,2020-04-24 13:45
243,5.69,5.69,5.71,5.66,512300.0,2914568.0,2020,4,24,14,0,2020-04-24 14:00
244,5.69,5.7,5.7,5.67,490900.0,2792872.0,2020,4,24,14,15,2020-04-24 14:15
245,5.7,5.69,5.72,5.68,421500.0,2403200.0,2020,4,24,14,30,2020-04-24 14:30
246,5.69,5.67,5.69,5.65,712500.0,4038448.0,2020,4,24,14,45,2020-04-24 14:45
247,5.67,5.64,5.68,5.61,1614000.0,9107400.0,2020,4,24,15,0,2020-04-24 15:00
248,5.67,5.76,5.79,5.67,2287200.0,13158064.0,2020,4,27,9,45,2020-04-27 09:45
249,5.76,5.79,5.83,5.76,1297600.0,7522366.0,2020,4,27,10,0,2020-04-27 10:00
250,5.77,5.82,5.88,5.77,2402300.0,14000662.0,2020,4,27,10,15,2020-04-27 10:15
251,5.82,5.86,5.89,5.82,2348500.0,13766808.0,2020,4,27,10,30,2020-04-27 10:30
252,5.86,5.86,5.9,5.84,1340400.0,7874604.0,2020,4,27,10,45,2020-04-27 10:45
253,5.86,5.84,5.87,5.84,370300.0,2168332.0,2020,4,27,11,0,2020-04-27 11:00
254,5.85,5.85,5.85,5.83,418100.0,2442988.0,2020,4,27,11,15,2020-04-27 11:15
255,5.85,5.82,5.86,5.81,568500.0,3315664.0,2020,4,27,11,30,2020-04-27 11:30
256,5.82,5.79,5.84,5.79,609700.0,3539544.0,2020,4,27,13,15,2020-04-27 13:15
257,5.8,5.78,5.8,5.77,551300.0,3189256.0,2020,4,27,13,30,2020-04-27 13:30
258,5.79,5.77,5.79,5.75,922200.0,5313568.0,2020,4,27,13,45,2020-04-27 13:45
259,5.76,5.79,5.8,5.76,303800.0,1756688.0,2020,4,27,14,0,2020-04-27 14:00
260,5.78,5.78,5.79,5.75,415600.0,2397520.0,2020,4,27,14,15,2020-04-27 14:15
261,5.77,5.77,5.78,5.75,694500.0,4001736.0,2020,4,27,14,30,2020-04-27 14:30
262,5.77,5.78,5.78,5.74,527100.0,3035480.0,2020,4,27,14,45,2020-04-27 14:45
263,5.78,5.78,5.78,5.74,1075900.0,6201264.0,2020,4,27,15,0,2020-04-27 15:00
264,5.76,5.74,5.83,5.74,1657600.0,9588136.0,2020,4,28,9,45,2020-04-28 09:45
265,5.73,5.62,5.74,5.6,2266400.0,12853506.0,2020,4,28,10,0,2020-04-28 10:00
266,5.61,5.7,5.72,5.61,1137600.0,6443208.0,2020,4,28,10,15,2020-04-28 10:15
267,5.69,5.74,5.76,5.69,906400.0,5199626.0,2020,4,28,10,30,2020-04-28 10:30
268,5.74,5.84,5.85,5.74,966400.0,5613272.0,2020,4,28,10,45,2020-04-28 10:45
269,5.84,5.84,5.85,5.81,643300.0,3749996.0,2020,4,28,11,0,2020-04-28 11:00
270,5.85,5.85,5.85,5.83,673000.0,3932168.0,2020,4,28,11,15,2020-04-28 11:15
271,5.85,5.88,5.89,5.84,1032700.0,6065420.0,2020,4,28,11,30,2020-04-28 11:30
272,5.89,5.88,5.89,5.85,1048000.0,6158780.0,2020,4,28,13,15,2020-04-28 13:15
273,5.87,5.88,5.91,5.86,1487000.0,8759120.0,2020,4,28,13,30,2020-04-28 13:30
274,5.88,5.88,5.89,5.86,669700.0,3936616.0,2020,4,28,13,45,2020-04-28 13:45
275,5.88,5.86,5.88,5.84,1093900.0,6404792.0,2020,4,28,14,0,2020-04-28 14:00
276,5.85,5.86,5.87,5.83,751900.0,4402952.0,2020,4,28,14,15,2020-04-28 14:15
277,5.85,5.87,5.89,5.85,610500.0,3586792.0,2020,4,28,14,30,2020-04-28 14:30
278,5.87,5.85,5.88,5.83,855100.0,5003632.0,2020,4,28,14,45,2020-04-28 14:45
279,5.84,5.85,5.85,5.83,703000.0,4106960.0,2020,4,28,15,0,2020-04-28 15:00
280,5.81,5.79,5.83,5.76,1226700.0,7106337.5,2020,4,29,9,45,2020-04-29 09:45
281,5.79,5.83,5.83,5.77,791100.0,4585672.5,2020,4,29,10,0,2020-04-29 10:00
282,5.83,5.8,5.84,5.79,685500.0,3980773.0,2020,4,29,10,15,2020-04-29 10:15
283,5.81,5.81,5.82,5.8,407600.0,2367047.0,2020,4,29,10,30,2020-04-29 10:30
284,5.82,5.81,5.82,5.79,509700.0,2959660.0,2020,4,29,10,45,2020-04-29 10:45
285,5.81,5.83,5.83,5.8,318000.0,1848968.0,2020,4,29,11,0,2020-04-29 11:00
286,5.82,5.86,5.86,5.82,542400.0,3167614.0,2020,4,29,11,15,2020-04-29 11:15
287,5.86,5.9,5.92,5.84,976600.0,5741734.0,2020,4,29,11,30,2020-04-29 11:30
288,5.9,5.9,5.91,5.85,1057300.0,6224010.0,2020,4,29,13,15,2020-04-29 13:15
289,5.9,5.9,5.91,5.89,836800.0,4938088.0,2020,4,29,13,30,2020-04-29 13:30
290,5.89,5.86,5.9,5.82,950800.0,5556672.0,2020,4,29,13,45,2020-04-29 13:45
291,5.86,5.86,5.87,5.83,541200.0,3166400.0,2020,4,29,14,0,2020-04-29 14:00
292,5.85,5.84,5.86,5.83,411600.0,2404740.0,2020,4,29,14,15,2020-04-29 14:15
293,5.83,5.84,5.86,5.81,602600.0,3514568.0,2020,4,29,14,30,2020-04-29 14:30
294,5.86,5.88,5.89,5.83,977200.0,5734312.0,2020,4,29,14,45,2020-04-29 14:45
295,5.88,5.87,5.89,5.85,956100.0,5618084.0,2020,4,29,15,0,2020-04-29 15:00
296,6.18,6.05,6.18,5.99,7619400.0,46421676.0,2020,4,30,9,45,2020-04-30 09:45
297,6.04,6.03,6.05,6.0,1845300.0,11119804.0,2020,4,30,10,0,2020-04-30 10:00
298,6.02,6.02,6.03,5.96,2133000.0,12794376.0,2020,4,30,10,15,2020-04-30 10:15
299,6.03,6.03,6.04,6.03,673500.0,4065368.0,2020,4,30,10,30,2020-04-30 10:30
300,6.03,6.03,6.04,6.02,661800.0,3993984.0,2020,4,30,10,45,2020-04-30 10:45
301,6.04,6.05,6.06,6.02,838100.0,5064920.0,2020,4,30,11,0,2020-04-30 11:00
302,6.04,6.05,6.06,6.03,531000.0,3213160.0,2020,4,30,11,15,2020-04-30 11:15
303,6.05,6.05,6.06,6.03,698300.0,4221696.0,2020,4,30,11,30,2020-04-30 11:30
304,6.05,6.04,6.06,6.02,686100.0,4148384.0,2020,4,30,13,15,2020-04-30 13:15
305,6.04,6.03,6.04,5.99,814200.0,4897328.0,2020,4,30,13,30,2020-04-30 13:30
306,6.03,6.02,6.04,6.0,647400.0,3895128.0,2020,4,30,13,45,2020-04-30 13:45
307,6.01,6.01,6.03,6.01,581400.0,3500176.0,2020,4,30,14,0,2020-04-30 14:00
308,6.01,6.02,6.02,6.0,660100.0,3969920.0,2020,4,30,14,15,2020-04-30 14:15
309,6.02,5.98,6.03,5.95,1664700.0,9957336.0,2020,4,30,14,30,2020-04-30 14:30
310,5.97,5.96,5.99,5.94,1215100.0,7244568.0,2020,4,30,14,45,2020-04-30 14:45
311,5.96,5.92,5.97,5.92,1414300.0,8395392.0,2020,4,30,15,0,2020-04-30 15:00
312,5.87,6.1,6.11,5.87,5246900.0,31692078.0,2020,5,6,9,45,2020-05-06 09:45
313,6.1,6.13,6.15,6.07,2928100.0,17888218.0,2020,5,6,10,0,2020-05-06 10:00
314,6.12,6.15,6.17,6.09,3274000.0,20096152.0,2020,5,6,10,15,2020-05-06 10:15
315,6.15,6.1,6.15,6.09,1533200.0,9382016.0,2020,5,6,10,30,2020-05-06 10:30
316,6.11,6.06,6.13,6.05,1213500.0,7393304.0,2020,5,6,10,45,2020-05-06 10:45
317,6.05,6.06,6.08,6.05,1273400.0,7718712.0,2020,5,6,11,0,2020-05-06 11:00
318,6.05,6.03,6.06,6.03,1359800.0,8217952.0,2020,5,6,11,15,2020-05-06 11:15
319,6.04,6.09,6.09,6.03,697900.0,4231640.0,2020,5,6,11,30,2020-05-06 11:30
320,6.09,6.12,6.12,6.07,1069000.0,6520088.0,2020,5,6,13,15,2020-05-06 13:15
321,6.12,6.08,6.13,6.07,1043200.0,6363168.0,2020,5,6,13,30,2020-05-06 13:30
322,6.08,6.08,6.09,6.06,673000.0,4090760.0,2020,5,6,13,45,2020-05-06 13:45
323,6.08,6.09,6.09,6.05,1109800.0,6735744.0,2020,5,6,14,0,2020-05-06 14:00
324,6.08,6.09,6.09,6.06,560700.0,3408888.0,2020,5,6,14,15,2020-05-06 14:15
325,6.08,6.11,6.11,6.07,1032800.0,6289600.0,2020,5,6,14,30,2020-05-06 14:30
326,6.11,6.11,6.13,6.07,1497000.0,9141824.0,2020,5,6,14,45,2020-05-06 14:45
327,6.12,6.13,6.13,6.1,1635200.0,10011296.0,2020,5,6,15,0,2020-05-06 15:00
328,6.13,6.05,6.13,6.05,1964100.0,11924600.0,2020,5,7,9,45,2020-05-07 09:45
329,6.06,6.06,6.07,6.04,1076300.0,6513142.0,2020,5,7,10,0,2020-05-07 10:00
330,6.06,6.05,6.07,6.04,1199800.0,7262104.0,2020,5,7,10,15,2020-05-07 10:15
331,6.04,6.03,6.05,6.02,1967400.0,11869294.0,2020,5,7,10,30,2020-05-07 10:30
332,6.02,6.05,6.06,6.02,1778300.0,10732468.0,2020,5,7,10,45,2020-05-07 10:45
333,6.05,6.07,6.07,6.03,1105000.0,6688204.0,2020,5,7,11,0,2020-05-07 11:00
334,6.07,6.08,6.09,6.05,1043700.0,6338764.0,2020,5,7,11,15,2020-05-07 11:15
335,6.07,6.07,6.1,6.06,805500.0,4897316.0,2020,5,7,11,30,2020-05-07 11:30
336,6.07,6.08,6.11,6.07,1338600.0,8155180.0,2020,5,7,13,15,2020-05-07 13:15
337,6.08,6.09,6.09,6.06,1223400.0,7435744.0,2020,5,7,13,30,2020-05-07 13:30
338,6.08,6.12,6.14,6.08,1313300.0,8013424.0,2020,5,7,13,45,2020-05-07 13:45
339,6.13,6.12,6.16,6.12,1990900.0,12229944.0,2020,5,7,14,0,2020-05-07 14:00
340,6.13,6.1,6.13,6.09,969100.0,5915288.0,2020,5,7,14,15,2020-05-07 14:15
341,6.09,6.08,6.1,6.08,822700.0,5009040.0,2020,5,7,14,30,2020-05-07 14:30
342,6.08,6.09,6.1,6.08,1548900.0,9432688.0,2020,5,7,14,45,2020-05-07 14:45
343,6.08,6.06,6.09,6.06,1396200.0,8475912.0,2020,5,7,15,0,2020-05-07 15:00
344,6.09,6.09,6.11,6.06,1443600.0,8779682.0,2020,5,8,9,45,2020-05-08 09:45
345,6.09,6.14,6.17,6.08,2258700.0,13850278.0,2020,5,8,10,0,2020-05-08 10:00
346,6.13,6.11,6.14,6.07,1358300.0,8298268.0,2020,5,8,10,15,2020-05-08 10:15
347,6.11,6.1,6.14,6.1,912000.0,5583784.0,2020,5,8,10,30,2020-05-08 10:30
348,6.11,6.11,6.11,6.09,744600.0,4541564.0,2020,5,8,10,45,2020-05-08 10:45
349,6.11,6.12,6.12,6.09,593500.0,3620684.0,2020,5,8,11,0,2020-05-08 11:00
350,6.12,6.12,6.13,6.1,441900.0,2702808.0,2020,5,8,11,15,2020-05-08 11:15
351,6.12,6.12,6.13,6.1,508100.0,3107004.0,2020,5,8,11,30,2020-05-08 11:30
352,6.11,6.12,6.12,6.09,637400.0,3894152.0,2020,5,8,13,15,2020-05-08 13:15
353,6.12,6.11,6.13,6.1,770200.0,4710356.0,2020,5,8,13,30,2020-05-08 13:30
354,6.1,6.11,6.11,6.09,807400.0,4926288.0,2020,5,8,13,45,2020-05-08 13:45
355,6.11,6.08,6.11,6.08,809300.0,4932188.0,2020,5,8,14,0,2020-05-08 14:00
356,6.09,6.09,6.09,6.08,658400.0,4006272.0,2020,5,8,14,15,2020-05-08 14:15
357,6.09,6.1,6.1,6.08,740600.0,4510528.0,2020,5,8,14,30,2020-05-08 14:30
358,6.1,6.09,6.11,6.08,1048600.0,6391096.0,2020,5,8,14,45,2020-05-08 14:45
359,6.09,6.1,6.11,6.08,1715400.0,10451216.0,2020,5,8,15,0,2020-05-08 15:00
360,6.14,6.1,6.14,6.08,1244100.0,7597203.5,2020,5,11,9,45,2020-05-11 09:45
361,6.1,6.1,6.12,6.08,882800.0,5384296.5,2020,5,11,10,0,2020-05-11 10:00
362,6.1,6.1,6.11,6.09,663100.0,4042922.0,2020,5,11,10,15,2020-05-11 10:15
363,6.09,6.08,6.13,6.08,1282400.0,7830012.0,2020,5,11,10,30,2020-05-11 10:30
364,6.08,6.08,6.09,6.07,648500.0,3943040.0,2020,5,11,10,45,2020-05-11 10:45
365,6.09,6.06,6.1,6.06,787900.0,4787050.0,2020,5,11,11,0,2020-05-11 11:00
366,6.08,6.08,6.09,6.06,565500.0,3437412.0,2020,5,11,11,15,2020-05-11 11:15
367,6.08,6.07,6.09,6.06,445900.0,2707448.0,2020,5,11,11,30,2020-05-11 11:30
368,6.06,6.1,6.11,6.04,2166900.0,13172392.0,2020,5,11,13,15,2020-05-11 13:15
369,6.1,6.09,6.11,6.08,846800.0,5160960.0,2020,5,11,13,30,2020-05-11 13:30
370,6.08,6.05,6.09,6.04,868800.0,5262444.0,2020,5,11,13,45,2020-05-11 13:45
371,6.05,6.06,6.06,6.04,539100.0,3262816.0,2020,5,11,14,0,2020-05-11 14:00
372,6.05,6.05,6.07,6.04,514500.0,3113740.0,2020,5,11,14,15,2020-05-11 14:15
373,6.05,6.05,6.06,6.04,739400.0,4469200.0,2020,5,11,14,30,2020-05-11 14:30
374,6.05,6.05,6.07,6.04,643800.0,3896656.0,2020,5,11,14,45,2020-05-11 14:45
375,6.06,6.06,6.07,6.04,1121400.0,6786792.0,2020,5,11,15,0,2020-05-11 15:00
376,6.04,5.99,6.08,5.98,1610200.0,9687633.0,2020,5,12,9,45,2020-05-12 09:45
377,5.98,6.03,6.04,5.96,1437600.0,8628363.0,2020,5,12,10,0,2020-05-12 10:00
378,6.04,6.0,6.04,5.99,646700.0,3889308.0,2020,5,12,10,15,2020-05-12 10:15
379,6.01,5.98,6.01,5.98,715100.0,4287198.0,2020,5,12,10,30,2020-05-12 10:30
380,5.98,5.97,5.99,5.96,1005200.0,6007722.0,2020,5,12,10,45,2020-05-12 10:45
381,5.96,5.96,5.98,5.96,656900.0,3918696.0,2020,5,12,11,0,2020-05-12 11:00
382,5.96,5.94,5.96,5.94,1302200.0,7750468.0,2020,5,12,11,15,2020-05-12 11:15
383,5.94,5.91,5.95,5.91,1165900.0,6913844.0,2020,5,12,11,30,2020-05-12 11:30
384,5.93,5.96,5.98,5.91,1160400.0,6892008.0,2020,5,12,13,15,2020-05-12 13:15
385,5.97,5.96,5.98,5.95,399300.0,2380684.0,2020,5,12,13,30,2020-05-12 13:30
386,5.96,5.99,5.99,5.96,664700.0,3969660.0,2020,5,12,13,45,2020-05-12 13:45
387,5.98,5.99,6.0,5.97,693100.0,4147624.0,2020,5,12,14,0,2020-05-12 14:00
388,5.99,5.97,6.0,5.97,428500.0,2563400.0,2020,5,12,14,15,2020-05-12 14:15
389,5.98,5.97,5.99,5.96,506200.0,3024144.0,2020,5,12,14,30,2020-05-12 14:30
390,5.96,5.98,5.99,5.96,366400.0,2188816.0,2020,5,12,14,45,2020-05-12 14:45
391,5.97,5.99,6.01,5.97,1140200.0,6832112.0,2020,5,12,15,0,2020-05-12 15:00
392,5.99,6.08,6.11,5.94,4180600.0,25275420.0,2020,5,13,9,45,2020-05-13 09:45
393,6.09,6.1,6.14,6.07,2782100.0,16995004.0,2020,5,13,10,0,2020-05-13 10:00
394,6.11,6.1,6.12,6.08,939100.0,5728840.0,2020,5,13,10,15,2020-05-13 10:15
395,6.09,6.07,6.1,6.05,827800.0,5024720.0,2020,5,13,10,30,2020-05-13 10:30
396,6.08,6.07,6.08,6.05,654700.0,3973152.0,2020,5,13,10,45,2020-05-13 10:45
397,6.07,6.02,6.07,6.02,1031200.0,6228452.0,2020,5,13,11,0,2020-05-13 11:00
398,6.02,6.04,6.04,6.01,764200.0,4604748.0,2020,5,13,11,15,2020-05-13 11:15
399,6.02,6.03,6.04,6.02,805600.0,4860200.0,2020,5,13,11,30,2020-05-13 11:30
400,6.04,6.04,6.04,6.02,872200.0,5257768.0,2020,5,13,13,15,2020-05-13 13:15
401,6.04,6.04,6.05,6.03,390000.0,2353520.0,2020,5,13,13,30,2020-05-13 13:30
402,6.04,6.02,6.05,6.02,704000.0,4251232.0,2020,5,13,13,45,2020-05-13 13:45
403,6.03,6.03,6.04,6.02,540800.0,3262176.0,2020,5,13,14,0,2020-05-13 14:00
404,6.04,6.03,6.05,6.03,471900.0,2848400.0,2020,5,13,14,15,2020-05-13 14:15
405,6.03,6.03,6.04,6.02,573500.0,3457624.0,2020,5,13,14,30,2020-05-13 14:30
406,6.02,6.03,6.04,6.02,569300.0,3432616.0,2020,5,13,14,45,2020-05-13 14:45
407,6.02,6.03,6.03,6.01,1031600.0,6211496.0,2020,5,13,15,0,2020-05-13 15:00
408,6.01,5.99,6.02,5.97,1124200.0,6738411.0,2020,5,14,9,45,2020-05-14 09:45
409,6.0,5.97,6.0,5.97,1172200.0,7010858.0,2020,5,14,10,0,2020-05-14 10:00
410,5.97,5.95,5.98,5.94,1031700.0,6145523.0,2020,5,14,10,15,2020-05-14 10:15
411,5.95,5.95,5.97,5.94,698900.0,4159544.0,2020,5,14,10,30,2020-05-14 10:30
412,5.95,5.94,5.97,5.93,682200.0,4056722.0,2020,5,14,10,45,2020-05-14 10:45
413,5.94,5.95,5.96,5.93,580900.0,3451814.0,2020,5,14,11,0,2020-05-14 11:00
414,5.95,5.99,5.99,5.95,390900.0,2330948.0,2020,5,14,11,15,2020-05-14 11:15
415,5.99,5.98,6.0,5.95,466300.0,2784096.0,2020,5,14,11,30,2020-05-14 11:30
416,5.98,5.97,5.99,5.96,363400.0,2171140.0,2020,5,14,13,15,2020-05-14 13:15
417,5.97,5.96,5.98,5.95,464300.0,2767904.0,2020,5,14,13,30,2020-05-14 13:30
418,5.96,5.97,5.98,5.95,385400.0,2299492.0,2020,5,14,13,45,2020-05-14 13:45
419,5.97,5.96,5.98,5.96,323500.0,1930108.0,2020,5,14,14,0,2020-05-14 14:00
420,5.96,5.93,5.97,5.93,1054900.0,6275364.0,2020,5,14,14,15,2020-05-14 14:15
421,5.93,5.92,5.95,5.92,733100.0,4352248.0,2020,5,14,14,30,2020-05-14 14:30
422,5.92,5.92,5.94,5.91,1205300.0,7136440.0,2020,5,14,14,45,2020-05-14 14:45
423,5.92,5.91,5.92,5.9,1198700.0,7082588.0,2020,5,14,15,0,2020-05-14 15:00
424,5.91,5.92,5.96,5.91,944000.0,5601079.0,2020,5,15,9,45,2020-05-15 09:45
425,5.92,5.92,5.95,5.91,470700.0,2792889.0,2020,5,15,10,0,2020-05-15 10:00
426,5.92,5.91,5.93,5.9,458500.0,2711236.0,2020,5,15,10,15,2020-05-15 10:15
427,5.92,5.91,5.92,5.9,499500.0,2951181.0,2020,5,15,10,30,2020-05-15 10:30
428,5.9,5.92,5.92,5.9,397100.0,2347387.0,2020,5,15,10,45,2020-05-15 10:45
429,5.91,5.92,5.92,5.9,369500.0,2183096.0,2020,5,15,11,0,2020-05-15 11:00
430,5.92,5.92,5.92,5.9,261600.0,1546908.0,2020,5,15,11,15,2020-05-15 11:15
431,5.92,5.94,5.94,5.9,327100.0,1937926.0,2020,5,15,11,30,2020-05-15 11:30
432,5.93,5.92,5.95,5.92,416100.0,2468144.0,2020,5,15,13,15,2020-05-15 13:15
433,5.93,5.92,5.94,5.91,318900.0,1888282.0,2020,5,15,13,30,2020-05-15 13:30
434,5.92,5.91,5.93,5.9,212900.0,1258878.0,2020,5,15,13,45,2020-05-15 13:45
435,5.9,5.89,5.91,5.89,464800.0,2740784.0,2020,5,15,14,0,2020-05-15 14:00
436,5.9,5.88,5.9,5.88,583800.0,3437782.0,2020,5,15,14,15,2020-05-15 14:15
437,5.88,5.88,5.89,5.87,839500.0,4933776.0,2020,5,15,14,30,2020-05-15 14:30
438,5.87,5.85,5.88,5.85,792100.0,4647072.0,2020,5,15,14,45,2020-05-15 14:45
439,5.85,5.86,5.89,5.85,1060400.0,6214432.0,2020,5,15,15,0,2020-05-15 15:00
440,5.88,5.87,5.91,5.82,1505400.0,8816197.0,2020,5,18,9,45,2020-05-18 09:45
441,5.87,5.89,5.89,5.84,628500.0,3688934.0,2020,5,18,10,0,2020-05-18 10:00
442,5.88,5.9,5.91,5.88,396300.0,2337736.0,2020,5,18,10,15,2020-05-18 10:15
443,5.91,5.91,5.93,5.9,436900.0,2584117.0,2020,5,18,10,30,2020-05-18 10:30
444,5.91,5.88,5.93,5.88,540300.0,3188142.0,2020,5,18,10,45,2020-05-18 10:45
445,5.88,5.91,5.92,5.88,308700.0,1822608.0,2020,5,18,11,0,2020-05-18 11:00
446,5.92,5.93,5.94,5.91,726200.0,4307186.0,2020,5,18,11,15,2020-05-18 11:15
447,5.93,5.96,5.96,5.93,442200.0,2629564.0,2020,5,18,11,30,2020-05-18 11:30
448,5.96,5.95,5.96,5.94,475900.0,2833468.0,2020,5,18,13,15,2020-05-18 13:15
449,5.96,5.96,5.97,5.94,675600.0,4026656.0,2020,5,18,13,30,2020-05-18 13:30
450,5.97,5.96,5.97,5.95,522000.0,3114052.0,2020,5,18,13,45,2020-05-18 13:45
451,5.96,5.96,5.96,5.94,511800.0,3045880.0,2020,5,18,14,0,2020-05-18 14:00
452,5.96,5.95,5.96,5.93,375800.0,2233360.0,2020,5,18,14,15,2020-05-18 14:15
453,5.95,5.94,5.96,5.93,621800.0,3695812.0,2020,5,18,14,30,2020-05-18 14:30
454,5.95,5.92,5.96,5.92,943000.0,5607824.0,2020,5,18,14,45,2020-05-18 14:45
455,5.92,5.94,5.94,5.91,820100.0,4861692.0,2020,5,18,15,0,2020-05-18 15:00
456,6.03,6.04,6.06,5.88,4958600.0,29626872.0,2020,5,19,9,45,2020-05-19 09:45
457,6.04,6.09,6.12,6.03,4190200.0,25464260.0,2020,5,19,10,0,2020-05-19 10:00
458,6.1,6.11,6.15,6.07,3679300.0,22491972.0,2020,5,19,10,15,2020-05-19 10:15
459,6.11,6.12,6.15,6.09,1942400.0,11882464.0,2020,5,19,10,30,2020-05-19 10:30
460,6.12,6.09,6.12,6.07,1870800.0,11406592.0,2020,5,19,10,45,2020-05-19 10:45
461,6.09,6.09,6.1,6.07,721400.0,4390600.0,2020,5,19,11,0,2020-05-19 11:00
462,6.09,6.1,6.1,6.08,548800.0,3342664.0,2020,5,19,11,15,2020-05-19 11:15
463,6.09,6.13,6.14,6.09,1168900.0,7150416.0,2020,5,19,11,30,2020-05-19 11:30
464,6.14,6.14,6.14,6.12,1052600.0,6457968.0,2020,5,19,13,15,2020-05-19 13:15
465,6.14,6.12,6.14,6.12,1046000.0,6412592.0,2020,5,19,13,30,2020-05-19 13:30
466,6.12,6.09,6.13,6.09,991400.0,6060064.0,2020,5,19,13,45,2020-05-19 13:45
467,6.1,6.09,6.11,6.09,709700.0,4326448.0,2020,5,19,14,0,2020-05-19 14:00
468,6.1,6.09,6.11,6.08,879300.0,5360736.0,2020,5,19,14,15,2020-05-19 14:15
469,6.09,6.08,6.11,6.08,639400.0,3896272.0,2020,5,19,14,30,2020-05-19 14:30
470,6.1,6.08,6.1,6.07,764000.0,4648800.0,2020,5,19,14,45,2020-05-19 14:45
471,6.08,6.09,6.09,6.07,1187900.0,7219248.0,2020,5,19,15,0,2020-05-19 15:00
472,6.1,6.09,6.12,6.07,1540800.0,9397591.0,2020,5,20,9,45,2020-05-20 09:45
473,6.1,6.08,6.1,6.06,961000.0,5846437.0,2020,5,20,10,0,2020-05-20 10:00
474,6.07,6.05,6.08,6.03,1228900.0,7441740.0,2020,5,20,10,15,2020-05-20 10:15
475,6.03,6.06,6.07,6.03,735000.0,4449812.0,2020,5,20,10,30,2020-05-20 10:30
476,6.06,6.07,6.07,6.05,597600.0,3621384.0,2020,5,20,10,45,2020-05-20 10:45
477,6.06,6.07,6.09,6.05,905300.0,5498644.0,2020,5,20,11,0,2020-05-20 11:00
478,6.09,6.08,6.11,6.07,969000.0,5904576.0,2020,5,20,11,15,2020-05-20 11:15
479,6.07,6.06,6.09,6.06,579300.0,3515896.0,2020,5,20,11,30,2020-05-20 11:30
480,6.08,6.07,6.09,6.06,408300.0,2480284.0,2020,5,20,13,15,2020-05-20 13:15
481,6.07,6.07,6.08,6.06,342100.0,2077596.0,2020,5,20,13,30,2020-05-20 13:30
482,6.07,6.07,6.09,6.06,601000.0,3652716.0,2020,5,20,13,45,2020-05-20 13:45
483,6.07,6.04,6.08,6.04,593700.0,3599120.0,2020,5,20,14,0,2020-05-20 14:00
484,6.05,6.03,6.07,6.03,626600.0,3788708.0,2020,5,20,14,15,2020-05-20 14:15
485,6.03,6.04,6.05,6.03,681600.0,4116364.0,2020,5,20,14,30,2020-05-20 14:30
486,6.03,6.02,6.05,6.01,1275400.0,7682396.0,2020,5,20,14,45,2020-05-20 14:45
487,6.01,6.04,6.05,6.01,892900.0,5390528.0,2020,5,20,15,0,2020-05-20 15:00
488,6.12,6.07,6.12,6.06,1363500.0,8311024.0,2020,5,21,9,45,2020-05-21 09:45
489,6.07,6.04,6.07,6.03,604300.0,3653001.0,2020,5,21,10,0,2020-05-21 10:00
490,6.04,6.04,6.06,6.03,729600.0,4404992.0,2020,5,21,10,15,2020-05-21 10:15
491,6.04,6.08,6.08,6.03,465700.0,2818745.0,2020,5,21,10,30,2020-05-21 10:30
492,6.08,6.06,6.08,6.04,756500.0,4585650.0,2020,5,21,10,45,2020-05-21 10:45
493,6.05,6.05,6.07,6.04,340900.0,2064048.0,2020,5,21,11,0,2020-05-21 11:00
494,6.06,6.06,6.06,6.04,282300.0,1708140.0,2020,5,21,11,15,2020-05-21 11:15
495,6.06,6.04,6.06,6.04,448400.0,2711088.0,2020,5,21,11,30,2020-05-21 11:30
496,6.05,6.05,6.06,6.04,396700.0,2400434.0,2020,5,21,13,15,2020-05-21 13:15
497,6.04,6.03,6.07,6.03,668200.0,4041694.0,2020,5,21,13,30,2020-05-21 13:30
498,6.05,6.03,6.05,6.01,655100.0,3951400.0,2020,5,21,13,45,2020-05-21 13:45
499,6.02,6.01,6.04,6.01,487000.0,2934640.0,2020,5,21,14,0,2020-05-21 14:00
500,6.03,6.0,6.04,5.99,770800.0,4627804.0,2020,5,21,14,15,2020-05-21 14:15
501,6.0,5.96,6.01,5.95,1037000.0,6209108.0,2020,5,21,14,30,2020-05-21 14:30
502,5.97,5.96,5.99,5.96,583600.0,3486088.0,2020,5,21,14,45,2020-05-21 14:45
503,5.96,5.97,5.99,5.96,597200.0,3568924.0,2020,5,21,15,0,2020-05-21 15:00
504,5.95,5.93,5.97,5.91,989400.0,5871916.0,2020,5,22,9,45,2020-05-22 09:45
505,5.93,5.89,5.93,5.87,1788300.0,10530202.0,2020,5,22,10,0,2020-05-22 10:00
506,5.9,5.9,5.91,5.87,1266400.0,7455122.0,2020,5,22,10,15,2020-05-22 10:15
507,5.9,5.91,5.95,5.88,1449500.0,8565402.0,2020,5,22,10,30,2020-05-22 10:30
508,5.91,5.88,5.91,5.88,586800.0,3460974.0,2020,5,22,10,45,2020-05-22 10:45
509,5.88,5.91,5.91,5.88,589700.0,3474304.0,2020,5,22,11,0,2020-05-22 11:00
510,5.9,5.93,5.95,5.9,533200.0,3159548.0,2020,5,22,11,15,2020-05-22 11:15
511,5.94,5.93,5.94,5.9,334700.0,1981172.0,2020,5,22,11,30,2020-05-22 11:30
512,5.93,5.88,5.93,5.88,525100.0,3098136.0,2020,5,22,13,15,2020-05-22 13:15
513,5.88,5.92,5.92,5.87,688900.0,4060388.0,2020,5,22,13,30,2020-05-22 13:30
514,5.91,5.91,5.93,5.89,1970800.0,11642720.0,2020,5,22,13,45,2020-05-22 13:45
515,5.91,5.89,5.92,5.89,409300.0,2416108.0,2020,5,22,14,0,2020-05-22 14:00
516,5.89,5.93,5.94,5.89,774000.0,4578136.0,2020,5,22,14,15,2020-05-22 14:15
517,5.93,5.94,5.96,5.92,782700.0,4654808.0,2020,5,22,14,30,2020-05-22 14:30
518,5.94,5.92,5.95,5.91,1141900.0,6773184.0,2020,5,22,14,45,2020-05-22 14:45
519,5.91,5.9,5.93,5.9,841900.0,4979256.0,2020,5,22,15,0,2020-05-22 15:00
520,5.91,5.91,5.93,5.87,1104800.0,6518440.0,2020,5,25,9,45,2020-05-25 09:45
521,5.91,5.95,5.95,5.9,637900.0,3779740.0,2020,5,25,10,0,2020-05-25 10:00
522,5.93,5.98,6.0,5.93,1102900.0,6584906.0,2020,5,25,10,15,2020-05-25 10:15
523,5.97,5.97,5.99,5.95,620200.0,3704510.0,2020,5,25,10,30,2020-05-25 10:30
524,5.97,5.95,5.98,5.95,492300.0,2935072.0,2020,5,25,10,45,2020-05-25 10:45
525,5.96,5.98,5.98,5.95,351600.0,2099468.0,2020,5,25,11,0,2020-05-25 11:00
526,5.98,6.04,6.04,5.98,1101000.0,6619664.0,2020,5,25,11,15,2020-05-25 11:15
527,6.04,6.06,6.06,6.01,977400.0,5898824.0,2020,5,25,11,30,2020-05-25 11:30
528,6.06,6.09,6.1,6.06,1982400.0,12059372.0,2020,5,25,13,15,2020-05-25 13:15
529,6.09,6.09,6.12,6.08,2525800.0,15408588.0,2020,5,25,13,30,2020-05-25 13:30
530,6.09,6.06,6.09,6.06,824200.0,5008336.0,2020,5,25,13,45,2020-05-25 13:45
531,6.06,6.06,6.08,6.04,753900.0,4569416.0,2020,5,25,14,0,2020-05-25 14:00
532,6.07,6.05,6.08,6.05,647300.0,3927904.0,2020,5,25,14,15,2020-05-25 14:15
533,6.06,6.06,6.08,6.04,747100.0,4525552.0,2020,5,25,14,30,2020-05-25 14:30
534,6.06,6.06,6.08,6.05,846200.0,5137160.0,2020,5,25,14,45,2020-05-25 14:45
535,6.07,6.06,6.07,6.05,905500.0,5491288.0,2020,5,25,15,0,2020-05-25 15:00
536,6.1,6.03,6.1,6.03,1033700.0,6270296.0,2020,5,26,9,45,2020-05-26 09:45
537,6.03,6.04,6.05,6.02,831500.0,5016007.0,2020,5,26,10,0,2020-05-26 10:00
538,6.04,6.01,6.04,6.0,1372400.0,8248641.0,2020,5,26,10,15,2020-05-26 10:15
539,6.02,6.03,6.04,6.01,727800.0,4387478.0,2020,5,26,10,30,2020-05-26 10:30
540,6.03,6.02,6.04,6.01,746800.0,4493758.0,2020,5,26,10,45,2020-05-26 10:45
541,6.03,6.01,6.03,6.0,634600.0,3813474.0,2020,5,26,11,0,2020-05-26 11:00
542,6.01,6.0,6.03,6.0,534600.0,3215094.0,2020,5,26,11,15,2020-05-26 11:15
543,6.0,6.04,6.05,6.0,438600.0,2641644.0,2020,5,26,11,30,2020-05-26 11:30
544,6.04,6.06,6.07,6.03,831500.0,5031840.0,2020,5,26,13,15,2020-05-26 13:15
545,6.07,6.05,6.07,6.04,539400.0,3267092.0,2020,5,26,13,30,2020-05-26 13:30
546,6.05,6.04,6.06,6.02,716000.0,4320296.0,2020,5,26,13,45,2020-05-26 13:45
547,6.03,6.04,6.05,6.02,1057100.0,6380196.0,2020,5,26,14,0,2020-05-26 14:00
548,6.05,6.04,6.06,6.03,780000.0,4712368.0,2020,5,26,14,15,2020-05-26 14:15
549,6.04,6.06,6.06,6.03,534600.0,3230788.0,2020,5,26,14,30,2020-05-26 14:30
550,6.05,6.07,6.07,6.04,1514500.0,9171420.0,2020,5,26,14,45,2020-05-26 14:45
551,6.06,6.07,6.08,6.03,1788600.0,10832920.0,2020,5,26,15,0,2020-05-26 15:00
552,6.05,6.01,6.06,5.99,1460100.0,8800129.0,2020,5,27,9,45,2020-05-27 09:45
553,6.01,5.99,6.02,5.98,884900.0,5306734.0,2020,5,27,10,0,2020-05-27 10:00
554,5.99,5.99,6.0,5.98,624100.0,3737533.0,2020,5,27,10,15,2020-05-27 10:15
555,5.99,5.98,6.0,5.98,516200.0,3092022.0,2020,5,27,10,30,2020-05-27 10:30
556,5.98,5.99,6.0,5.98,414300.0,2481728.0,2020,5,27,10,45,2020-05-27 10:45
557,5.99,6.0,6.0,5.98,453000.0,2714700.0,2020,5,27,11,0,2020-05-27 11:00
558,5.99,5.96,6.0,5.95,1004400.0,6002588.0,2020,5,27,11,15,2020-05-27 11:15
559,5.97,5.98,5.99,5.95,455000.0,2719122.0,2020,5,27,11,30,2020-05-27 11:30
560,5.98,5.96,5.99,5.95,759900.0,4530364.0,2020,5,27,13,15,2020-05-27 13:15
561,5.96,5.97,5.98,5.95,404400.0,2410628.0,2020,5,27,13,30,2020-05-27 13:30
562,5.96,5.95,5.97,5.95,700900.0,4177896.0,2020,5,27,13,45,2020-05-27 13:45
563,5.95,5.94,5.97,5.91,925800.0,5500172.0,2020,5,27,14,0,2020-05-27 14:00
564,5.93,5.93,5.95,5.92,515800.0,3059256.0,2020,5,27,14,15,2020-05-27 14:15
565,5.93,5.9,5.94,5.88,1348600.0,7969128.0,2020,5,27,14,30,2020-05-27 14:30
566,5.89,5.89,5.92,5.89,981300.0,5791520.0,2020,5,27,14,45,2020-05-27 14:45
567,5.9,5.92,5.94,5.89,849800.0,5023240.0,2020,5,27,15,0,2020-05-27 15:00
568,5.92,5.98,5.98,5.92,1205300.0,7175040.5,2020,5,28,9,45,2020-05-28 09:45
569,5.97,5.95,5.99,5.94,618300.0,3691376.5,2020,5,28,10,0,2020-05-28 10:00
570,5.95,5.94,5.97,5.93,505300.0,3004622.0,2020,5,28,10,15,2020-05-28 10:15
571,5.94,5.93,5.95,5.91,437700.0,2592923.0,2020,5,28,10,30,2020-05-28 10:30
572,5.92,5.93,5.95,5.9,539500.0,3192466.0,2020,5,28,10,45,2020-05-28 10:45
573,5.93,5.92,5.94,5.91,555400.0,3293426.0,2020,5,28,11,0,2020-05-28 11:00
574,5.93,5.89,5.93,5.88,680200.0,4014924.0,2020,5,28,11,15,2020-05-28 11:15
575,5.89,5.86,5.9,5.86,696700.0,4096218.0,2020,5,28,11,30,2020-05-28 11:30
576,5.86,5.89,5.89,5.85,593500.0,3481872.0,2020,5,28,13,15,2020-05-28 13:15
577,5.88,5.88,5.9,5.87,319500.0,1878664.0,2020,5,28,13,30,2020-05-28 13:30
578,5.89,5.91,5.93,5.88,483600.0,2852568.0,2020,5,28,13,45,2020-05-28 13:45
579,5.91,5.9,5.92,5.88,426500.0,2516836.0,2020,5,28,14,0,2020-05-28 14:00
580,5.9,5.89,5.91,5.88,505800.0,2981724.0,2020,5,28,14,15,2020-05-28 14:15
581,5.89,5.92,5.93,5.89,620500.0,3667880.0,2020,5,28,14,30,2020-05-28 14:30
582,5.92,5.93,5.95,5.92,680300.0,4037780.0,2020,5,28,14,45,2020-05-28 14:45
583,5.93,5.93,5.94,5.91,318400.0,1886852.0,2020,5,28,15,0,2020-05-28 15:00
584,5.89,5.92,5.94,5.88,408600.0,2417269.5,2020,5,29,9,45,2020-05-29 09:45
585,5.92,5.91,5.93,5.89,433100.0,2558783.0,2020,5,29,10,0,2020-05-29 10:00
586,5.9,5.9,5.92,5.89,480100.0,2835472.0,2020,5,29,10,15,2020-05-29 10:15
587,5.91,5.91,5.93,5.9,263000.0,1554707.5,2020,5,29,10,30,2020-05-29 10:30
588,5.91,5.95,5.97,5.9,702900.0,4178375.0,2020,5,29,10,45,2020-05-29 10:45
589,5.95,5.97,5.99,5.94,851600.0,5084153.0,2020,5,29,11,0,2020-05-29 11:00
590,5.97,5.95,5.98,5.94,360800.0,2150030.0,2020,5,29,11,15,2020-05-29 11:15
591,5.95,5.94,5.96,5.93,330400.0,1961558.0,2020,5,29,11,30,2020-05-29 11:30
592,5.94,5.93,5.95,5.92,456500.0,2709404.0,2020,5,29,13,15,2020-05-29 13:15
593,5.93,5.93,5.95,5.93,273600.0,1623670.0,2020,5,29,13,30,2020-05-29 13:30
594,5.94,5.94,5.95,5.93,390000.0,2315758.0,2020,5,29,13,45,2020-05-29 13:45
595,5.93,5.94,5.95,5.93,283000.0,1680832.0,2020,5,29,14,0,2020-05-29 14:00
596,5.94,5.93,5.95,5.93,265600.0,1577650.0,2020,5,29,14,15,2020-05-29 14:15
597,5.94,5.96,5.96,5.94,339900.0,2022834.0,2020,5,29,14,30,2020-05-29 14:30
598,5.95,5.93,5.96,5.93,412100.0,2449340.0,2020,5,29,14,45,2020-05-29 14:45
599,5.93,5.93,5.95,5.91,608900.0,3610500.0,2020,5,29,15,0,2020-05-29 15:00
600,5.98,5.99,6.01,5.95,1423100.0,8516220.0,2020,6,1,9,45,2020-06-01 09:45
601,6.0,6.03,6.03,5.98,1030400.0,6197806.0,2020,6,1,10,0,2020-06-01 10:00
602,6.02,6.04,6.04,6.01,981400.0,5919020.0,2020,6,1,10,15,2020-06-01 10:15
603,6.04,6.04,6.05,6.01,944500.0,5697828.0,2020,6,1,10,30,2020-06-01 10:30
604,6.05,6.04,6.07,6.02,1872600.0,11325158.0,2020,6,1,10,45,2020-06-01 10:45
605,6.05,6.05,6.07,6.05,529300.0,3206612.0,2020,6,1,11,0,2020-06-01 11:00
606,6.06,6.07,6.08,6.05,959800.0,5821852.0,2020,6,1,11,15,2020-06-01 11:15
607,6.06,6.06,6.07,6.05,698100.0,4235556.0,2020,6,1,11,30,2020-06-01 11:30
608,6.07,6.07,6.08,6.07,572200.0,3475676.0,2020,6,1,13,15,2020-06-01 13:15
609,6.07,6.07,6.08,6.06,775200.0,4707296.0,2020,6,1,13,30,2020-06-01 13:30
610,6.08,6.09,6.09,6.08,1048100.0,6377752.0,2020,6,1,13,45,2020-06-01 13:45
611,6.09,6.08,6.1,6.07,643500.0,3917088.0,2020,6,1,14,0,2020-06-01 14:00
612,6.08,6.06,6.09,6.06,977600.0,5940432.0,2020,6,1,14,15,2020-06-01 14:15
613,6.07,6.07,6.08,6.06,551700.0,3345488.0,2020,6,1,14,30,2020-06-01 14:30
614,6.07,6.06,6.08,6.05,1244400.0,7541424.0,2020,6,1,14,45,2020-06-01 14:45
615,6.06,6.08,6.08,6.06,1064400.0,6460024.0,2020,6,1,15,0,2020-06-01 15:00
616,6.08,6.11,6.12,6.05,3018400.0,18388346.0,2020,6,2,9,45,2020-06-02 09:45
617,6.11,6.08,6.11,6.07,746100.0,4543262.0,2020,6,2,10,0,2020-06-02 10:00
618,6.08,6.08,6.09,6.06,505400.0,3073092.0,2020,6,2,10,15,2020-06-02 10:15
619,6.08,6.07,6.09,6.07,414400.0,2518540.0,2020,6,2,10,30,2020-06-02 10:30
620,6.07,6.06,6.08,6.05,1106900.0,6711052.0,2020,6,2,10,45,2020-06-02 10:45
621,6.06,6.07,6.09,6.06,790000.0,4799680.0,2020,6,2,11,0,2020-06-02 11:00
622,6.08,6.05,6.08,6.05,548200.0,3323508.0,2020,6,2,11,15,2020-06-02 11:15
623,6.06,6.04,6.06,6.03,858600.0,5189044.0,2020,6,2,11,30,2020-06-02 11:30
624,6.04,6.06,6.06,6.03,689400.0,4163876.0,2020,6,2,13,15,2020-06-02 13:15
625,6.05,6.02,6.06,6.02,1098300.0,6636068.0,2020,6,2,13,30,2020-06-02 13:30
626,6.03,6.05,6.06,6.03,1725500.0,10416508.0,2020,6,2,13,45,2020-06-02 13:45
627,6.05,6.05,6.06,6.03,759900.0,4591368.0,2020,6,2,14,0,2020-06-02 14:00
628,6.05,6.06,6.07,6.04,488200.0,2957208.0,2020,6,2,14,15,2020-06-02 14:15
629,6.05,6.05,6.06,6.04,616500.0,3730512.0,2020,6,2,14,30,2020-06-02 14:30
630,6.05,6.07,6.07,6.05,855200.0,5182656.0,2020,6,2,14,45,2020-06-02 14:45
631,6.07,6.07,6.07,6.05,831200.0,5038856.0,2020,6,2,15,0,2020-06-02 15:00
632,6.08,6.05,6.09,6.04,954300.0,5783370.5,2020,6,3,9,45,2020-06-03 09:45
633,6.05,6.05,6.07,6.04,766200.0,4637140.5,2020,6,3,10,0,2020-06-03 10:00
634,6.05,6.05,6.06,6.03,671900.0,4061747.0,2020,6,3,10,15,2020-06-03 10:15
635,6.04,6.04,6.05,6.03,783500.0,4728932.0,2020,6,3,10,30,2020-06-03 10:30
636,6.04,6.04,6.05,6.03,495200.0,2990368.0,2020,6,3,10,45,2020-06-03 10:45
637,6.05,6.06,6.06,6.04,397400.0,2405164.0,2020,6,3,11,0,2020-06-03 11:00
638,6.05,6.07,6.07,6.05,375400.0,2274384.0,2020,6,3,11,15,2020-06-03 11:15
639,6.07,6.08,6.08,6.05,478400.0,2904420.0,2020,6,3,11,30,2020-06-03 11:30
640,6.07,6.12,6.12,6.05,1844200.0,11231702.0,2020,6,3,13,15,2020-06-03 13:15
641,6.12,6.12,6.16,6.12,3702800.0,22731944.0,2020,6,3,13,30,2020-06-03 13:30
642,6.13,6.11,6.14,6.09,2222700.0,13592524.0,2020,6,3,13,45,2020-06-03 13:45
643,6.1,6.11,6.12,6.09,631500.0,3854136.0,2020,6,3,14,0,2020-06-03 14:00
644,6.11,6.1,6.12,6.09,727000.0,4438064.0,2020,6,3,14,15,2020-06-03 14:15
645,6.1,6.07,6.1,6.06,1078700.0,6558192.0,2020,6,3,14,30,2020-06-03 14:30
646,6.07,6.07,6.08,6.06,686000.0,4162192.0,2020,6,3,14,45,2020-06-03 14:45
647,6.06,6.05,6.07,6.04,910100.0,5510392.0,2020,6,3,15,0,2020-06-03 15:00
648,6.07,6.12,6.18,6.06,4008800.0,24585358.0,2020,6,4,9,45,2020-06-04 09:45
649,6.12,6.1,6.13,6.09,1299200.0,7935766.0,2020,6,4,10,0,2020-06-04 10:00
650,6.09,6.08,6.1,6.08,558100.0,3398248.0,2020,6,4,10,15,2020-06-04 10:15
651,6.09,6.08,6.1,6.08,657500.0,4003184.0,2020,6,4,10,30,2020-06-04 10:30
652,6.08,6.07,6.08,6.05,895100.0,5428428.0,2020,6,4,10,45,2020-06-04 10:45
653,6.07,6.05,6.07,6.04,933900.0,5655424.0,2020,6,4,11,0,2020-06-04 11:00
654,6.06,6.04,6.07,6.04,538200.0,3259280.0,2020,6,4,11,15,2020-06-04 11:15
655,6.06,6.07,6.09,6.05,501200.0,3042996.0,2020,6,4,11,30,2020-06-04 11:30
656,6.08,6.08,6.09,6.07,353700.0,2151488.0,2020,6,4,13,15,2020-06-04 13:15
657,6.08,6.08,6.09,6.07,318900.0,1938440.0,2020,6,4,13,30,2020-06-04 13:30
658,6.07,6.07,6.07,6.05,581300.0,3522808.0,2020,6,4,13,45,2020-06-04 13:45
659,6.06,6.05,6.07,6.04,663700.0,4018876.0,2020,6,4,14,0,2020-06-04 14:00
660,6.05,6.05,6.06,6.04,796200.0,4812304.0,2020,6,4,14,15,2020-06-04 14:15
661,6.05,6.06,6.06,6.03,838400.0,5065432.0,2020,6,4,14,30,2020-06-04 14:30
662,6.06,6.06,6.06,6.04,593500.0,3593208.0,2020,6,4,14,45,2020-06-04 14:45
663,6.06,6.05,6.06,6.0,2166800.0,13058328.0,2020,6,4,15,0,2020-06-04 15:00
664,6.04,6.04,6.06,5.98,2478800.0,14886910.0,2020,6,5,9,45,2020-06-05 09:45
665,6.02,6.02,6.08,6.02,2011200.0,12155296.0,2020,6,5,10,0,2020-06-05 10:00
666,6.02,6.02,6.04,6.01,819200.0,4930556.0,2020,6,5,10,15,2020-06-05 10:15
667,6.02,6.03,6.04,6.01,445300.0,2681110.0,2020,6,5,10,30,2020-06-05 10:30
668,6.04,6.01,6.04,6.0,837800.0,5043312.0,2020,6,5,10,45,2020-06-05 10:45
669,6.02,6.02,6.03,6.01,514900.0,3100560.0,2020,6,5,11,0,2020-06-05 11:00
670,6.01,6.0,6.02,5.99,787500.0,4729076.0,2020,6,5,11,15,2020-06-05 11:15
671,6.01,5.99,6.02,5.99,389800.0,2337964.0,2020,6,5,11,30,2020-06-05 11:30
672,5.99,5.97,6.0,5.96,853500.0,5104448.0,2020,6,5,13,15,2020-06-05 13:15
673,5.97,5.98,5.99,5.96,437800.0,2616656.0,2020,6,5,13,30,2020-06-05 13:30
674,5.98,5.98,5.99,5.97,605400.0,3618516.0,2020,6,5,13,45,2020-06-05 13:45
675,5.98,6.02,6.02,5.98,560200.0,3359692.0,2020,6,5,14,0,2020-06-05 14:00
676,6.01,6.02,6.04,5.99,1024400.0,6168952.0,2020,6,5,14,15,2020-06-05 14:15
677,6.02,6.05,6.06,6.0,2791600.0,16804704.0,2020,6,5,14,30,2020-06-05 14:30
678,6.04,6.05,6.07,6.04,1191900.0,7218024.0,2020,6,5,14,45,2020-06-05 14:45
679,6.05,6.05,6.06,6.03,1016800.0,6150648.0,2020,6,5,15,0,2020-06-05 15:00
680,6.06,6.03,6.07,6.03,1126600.0,6814354.0,2020,6,8,9,45,2020-06-08 09:45
681,6.03,6.0,6.04,5.97,3165700.0,18986956.0,2020,6,8,10,0,2020-06-08 10:00
682,5.99,6.01,6.02,5.99,1239500.0,7439530.0,2020,6,8,10,15,2020-06-08 10:15
683,6.02,6.03,6.03,5.98,2243200.0,13455296.0,2020,6,8,10,30,2020-06-08 10:30
684,6.02,6.0,6.02,5.99,553900.0,3323648.0,2020,6,8,10,45,2020-06-08 10:45
685,5.99,6.0,6.02,5.98,1952600.0,11707484.0,2020,6,8,11,0,2020-06-08 11:00
686,6.0,5.99,6.01,5.99,433400.0,2599768.0,2020,6,8,11,15,2020-06-08 11:15
687,5.99,5.98,6.0,5.98,542500.0,3248652.0,2020,6,8,11,30,2020-06-08 11:30
688,5.99,5.99,6.01,5.99,717600.0,4304440.0,2020,6,8,13,15,2020-06-08 13:15
689,6.0,5.99,6.0,5.98,446800.0,2677920.0,2020,6,8,13,30,2020-06-08 13:30
690,6.0,5.99,6.0,5.98,574100.0,3439624.0,2020,6,8,13,45,2020-06-08 13:45
691,5.99,5.98,5.99,5.98,345600.0,2067776.0,2020,6,8,14,0,2020-06-08 14:00
692,5.98,5.98,5.99,5.98,612900.0,3667088.0,2020,6,8,14,15,2020-06-08 14:15
693,5.98,5.97,5.99,5.96,1524500.0,9105104.0,2020,6,8,14,30,2020-06-08 14:30
694,5.97,5.96,5.98,5.95,2175800.0,12968240.0,2020,6,8,14,45,2020-06-08 14:45
695,5.95,5.95,5.96,5.93,2012900.0,11970080.0,2020,6,8,15,0,2020-06-08 15:00
696,5.99,5.95,5.99,5.94,969000.0,5773690.0,2020,6,9,9,45,2020-06-09 09:45
697,5.94,5.93,5.96,5.92,1230400.0,7307119.0,2020,6,9,10,0,2020-06-09 10:00
698,5.93,5.94,5.95,5.93,571800.0,3395886.0,2020,6,9,10,15,2020-06-09 10:15
699,5.93,5.93,5.94,5.93,343100.0,2035283.0,2020,6,9,10,30,2020-06-09 10:30
700,5.94,5.93,5.95,5.93,499700.0,2964806.0,2020,6,9,10,45,2020-06-09 10:45
701,5.93,5.94,5.95,5.92,624600.0,3706624.0,2020,6,9,11,0,2020-06-09 11:00
702,5.94,5.94,5.95,5.93,244400.0,1451782.0,2020,6,9,11,15,2020-06-09 11:15
703,5.95,5.96,5.98,5.94,720200.0,4289656.0,2020,6,9,11,30,2020-06-09 11:30
704,5.97,5.96,5.98,5.95,888200.0,5300414.0,2020,6,9,13,15,2020-06-09 13:15
705,5.97,5.95,5.98,5.95,771400.0,4599448.0,2020,6,9,13,30,2020-06-09 13:30
706,5.96,5.94,5.96,5.94,572900.0,3407248.0,2020,6,9,13,45,2020-06-09 13:45
707,5.94,5.95,5.96,5.93,863500.0,5133616.0,2020,6,9,14,0,2020-06-09 14:00
708,5.94,5.94,5.95,5.93,643400.0,3819308.0,2020,6,9,14,15,2020-06-09 14:15
709,5.94,5.92,5.94,5.92,659400.0,3907532.0,2020,6,9,14,30,2020-06-09 14:30
710,5.92,5.92,5.93,5.9,1086100.0,6422052.0,2020,6,9,14,45,2020-06-09 14:45
711,5.92,5.93,5.95,5.92,499200.0,2960956.0,2020,6,9,15,0,2020-06-09 15:00
712,5.94,5.88,5.95,5.87,1893400.0,11155989.0,2020,6,10,9,45,2020-06-10 09:45
713,5.89,5.88,5.9,5.87,950800.0,5592335.0,2020,6,10,10,0,2020-06-10 10:00
714,5.88,5.88,5.89,5.87,1014900.0,5967044.0,2020,6,10,10,15,2020-06-10 10:15
715,5.88,5.88,5.9,5.88,350600.0,2062836.0,2020,6,10,10,30,2020-06-10 10:30
716,5.88,5.85,5.89,5.85,842600.0,4940772.0,2020,6,10,10,45,2020-06-10 10:45
717,5.85,5.86,5.87,5.85,513900.0,3011212.0,2020,6,10,11,0,2020-06-10 11:00
718,5.86,5.86,5.88,5.85,540600.0,3169740.0,2020,6,10,11,15,2020-06-10 11:15
719,5.86,5.88,5.89,5.86,475300.0,2791672.0,2020,6,10,11,30,2020-06-10 11:30
720,5.88,5.87,5.89,5.86,539200.0,3166040.0,2020,6,10,13,15,2020-06-10 13:15
721,5.88,5.87,5.88,5.86,1533100.0,8997592.0,2020,6,10,13,30,2020-06-10 13:30
722,5.86,5.87,5.89,5.85,753800.0,4425380.0,2020,6,10,13,45,2020-06-10 13:45
723,5.87,5.9,5.91,5.86,2095400.0,12347460.0,2020,6,10,14,0,2020-06-10 14:00
724,5.9,5.89,5.92,5.89,407400.0,2405168.0,2020,6,10,14,15,2020-06-10 14:15
725,5.89,5.88,5.91,5.88,220000.0,1297424.0,2020,6,10,14,30,2020-06-10 14:30
726,5.88,5.88,5.9,5.87,339300.0,1997696.0,2020,6,10,14,45,2020-06-10 14:45
727,5.89,5.89,5.9,5.87,560500.0,3298688.0,2020,6,10,15,0,2020-06-10 15:00
728,5.89,5.92,5.94,5.88,1036900.0,6137810.0,2020,6,11,9,45,2020-06-11 09:45
729,5.93,5.97,5.98,5.92,1473700.0,8764902.0,2020,6,11,10,0,2020-06-11 10:00
730,5.97,5.97,5.98,5.95,887800.0,5297208.0,2020,6,11,10,15,2020-06-11 10:15
731,5.97,5.97,5.97,5.95,469200.0,2797606.0,2020,6,11,10,30,2020-06-11 10:30
732,5.97,5.96,5.97,5.95,313400.0,1867608.0,2020,6,11,10,45,2020-06-11 10:45
733,5.96,5.95,5.96,5.94,526300.0,3132414.0,2020,6,11,11,0,2020-06-11 11:00
734,5.95,5.97,5.97,5.94,329100.0,1959420.0,2020,6,11,11,15,2020-06-11 11:15
735,5.97,5.99,6.01,5.96,1829600.0,10956880.0,2020,6,11,11,30,2020-06-11 11:30
736,5.99,5.94,5.99,5.94,871600.0,5196788.0,2020,6,11,13,15,2020-06-11 13:15
737,5.94,5.94,5.95,5.92,803400.0,4768860.0,2020,6,11,13,30,2020-06-11 13:30
738,5.95,5.9,5.95,5.89,1443700.0,8542180.0,2020,6,11,13,45,2020-06-11 13:45
739,5.9,5.89,5.91,5.88,1648300.0,9713796.0,2020,6,11,14,0,2020-06-11 14:00
740,5.89,5.86,5.9,5.84,2281800.0,13333536.0,2020,6,11,14,15,2020-06-11 14:15
741,5.85,5.88,5.88,5.84,1013300.0,5937704.0,2020,6,11,14,30,2020-06-11 14:30
742,5.88,5.87,5.88,5.84,1163500.0,6813584.0,2020,6,11,14,45,2020-06-11 14:45
743,5.87,5.87,5.89,5.86,626500.0,3681496.0,2020,6,11,15,0,2020-06-11 15:00
744,5.75,5.78,5.79,5.72,2999200.0,17284010.0,2020,6,12,9,45,2020-06-12 09:45
745,5.77,5.79,5.79,5.77,647200.0,3739376.0,2020,6,12,10,0,2020-06-12 10:00
746,5.79,5.8,5.81,5.77,758400.0,4387376.0,2020,6,12,10,15,2020-06-12 10:15
747,5.8,5.78,5.82,5.76,713300.0,4124084.0,2020,6,12,10,30,2020-06-12 10:30
748,5.79,5.8,5.81,5.78,315500.0,1829028.0,2020,6,12,10,45,2020-06-12 10:45
749,5.79,5.81,5.81,5.79,427900.0,2481982.0,2020,6,12,11,0,2020-06-12 11:00
750,5.81,5.83,5.83,5.8,255600.0,1486676.0,2020,6,12,11,15,2020-06-12 11:15
751,5.82,5.81,5.84,5.8,495600.0,2883936.0,2020,6,12,11,30,2020-06-12 11:30
752,5.81,5.81,5.82,5.79,519800.0,3016512.0,2020,6,12,13,15,2020-06-12 13:15
753,5.81,5.82,5.82,5.8,313800.0,1822144.0,2020,6,12,13,30,2020-06-12 13:30
754,5.82,5.81,5.82,5.8,525900.0,3054588.0,2020,6,12,13,45,2020-06-12 13:45
755,5.81,5.81,5.82,5.79,529800.0,3078876.0,2020,6,12,14,0,2020-06-12 14:00
756,5.81,5.84,5.84,5.8,1056900.0,6150784.0,2020,6,12,14,15,2020-06-12 14:15
757,5.84,5.81,5.85,5.8,919800.0,5350976.0,2020,6,12,14,30,2020-06-12 14:30
758,5.82,5.82,5.83,5.8,1179100.0,6854036.0,2020,6,12,14,45,2020-06-12 14:45
759,5.82,5.8,5.82,5.78,1505000.0,8727968.0,2020,6,12,15,0,2020-06-12 15:00
760,5.8,5.8,5.83,5.78,814500.0,4732223.0,2020,6,15,9,45,2020-06-15 09:45
761,5.81,5.82,5.84,5.8,1442700.0,8396416.0,2020,6,15,10,0,2020-06-15 10:00
762,5.81,5.83,5.84,5.81,1584500.0,9219437.0,2020,6,15,10,15,2020-06-15 10:15
763,5.82,5.84,5.84,5.81,697800.0,4068766.0,2020,6,15,10,30,2020-06-15 10:30
764,5.85,5.84,5.86,5.83,532100.0,3110474.0,2020,6,15,10,45,2020-06-15 10:45
765,5.85,5.83,5.85,5.82,446000.0,2603850.0,2020,6,15,11,0,2020-06-15 11:00
766,5.82,5.81,5.83,5.81,593200.0,3451118.0,2020,6,15,11,15,2020-06-15 11:15
767,5.81,5.8,5.82,5.8,922600.0,5358852.0,2020,6,15,11,30,2020-06-15 11:30
768,5.81,5.75,5.81,5.74,2037800.0,11770200.0,2020,6,15,13,15,2020-06-15 13:15
769,5.76,5.76,5.78,5.74,845700.0,4863784.0,2020,6,15,13,30,2020-06-15 13:30
770,5.76,5.74,5.77,5.74,1338900.0,7695588.0,2020,6,15,13,45,2020-06-15 13:45
771,5.74,5.75,5.8,5.74,1532200.0,8839524.0,2020,6,15,14,0,2020-06-15 14:00
772,5.76,5.77,5.78,5.75,265000.0,1527728.0,2020,6,15,14,15,2020-06-15 14:15
773,5.77,5.78,5.78,5.76,315500.0,1821328.0,2020,6,15,14,30,2020-06-15 14:30
774,5.77,5.76,5.78,5.75,330400.0,1904208.0,2020,6,15,14,45,2020-06-15 14:45
775,5.76,5.75,5.76,5.74,804300.0,4624704.0,2020,6,15,15,0,2020-06-15 15:00
776,5.79,5.83,5.84,5.76,1480400.0,8599178.0,2020,6,16,9,45,2020-06-16 09:45
777,5.82,5.83,5.84,5.82,813000.0,4740866.0,2020,6,16,10,0,2020-06-16 10:00
778,5.83,5.82,5.84,5.81,439700.0,2561222.0,2020,6,16,10,15,2020-06-16 10:15
779,5.82,5.83,5.83,5.81,924900.0,5382496.0,2020,6,16,10,30,2020-06-16 10:30
780,5.82,5.83,5.84,5.81,1074400.0,6255404.0,2020,6,16,10,45,2020-06-16 10:45
781,5.83,5.83,5.84,5.82,1150200.0,6702766.0,2020,6,16,11,0,2020-06-16 11:00
782,5.83,5.85,5.85,5.82,512200.0,2990072.0,2020,6,16,11,15,2020-06-16 11:15
783,5.85,5.85,5.86,5.83,1218900.0,7125624.0,2020,6,16,11,30,2020-06-16 11:30
784,5.84,5.87,5.89,5.84,1453800.0,8522460.0,2020,6,16,13,15,2020-06-16 13:15
785,5.87,5.87,5.87,5.84,692900.0,4060068.0,2020,6,16,13,30,2020-06-16 13:30
786,5.87,5.86,5.88,5.84,2019600.0,11835156.0,2020,6,16,13,45,2020-06-16 13:45
787,5.85,5.84,5.88,5.84,2369400.0,13881008.0,2020,6,16,14,0,2020-06-16 14:00
788,5.85,5.85,5.87,5.84,1007300.0,5892864.0,2020,6,16,14,15,2020-06-16 14:15
789,5.84,5.83,5.87,5.83,1366700.0,7991408.0,2020,6,16,14,30,2020-06-16 14:30
790,5.84,5.85,5.86,5.81,2753400.0,16061888.0,2020,6,16,14,45,2020-06-16 14:45
791,5.83,5.86,5.87,5.82,2158200.0,12598720.0,2020,6,16,15,0,2020-06-16 15:00
792,5.87,5.82,5.87,5.81,1095000.0,6388701.0,2020,6,17,9,45,2020-06-17 09:45
793,5.82,5.82,5.83,5.8,1123200.0,6529371.0,2020,6,17,10,0,2020-06-17 10:00
794,5.81,5.84,5.84,5.8,708900.0,4122416.0,2020,6,17,10,15,2020-06-17 10:15
795,5.84,5.81,5.85,5.81,357200.0,2079044.0,2020,6,17,10,30,2020-06-17 10:30
796,5.81,5.78,5.82,5.77,1423500.0,8240386.0,2020,6,17,10,45,2020-06-17 10:45
797,5.79,5.8,5.81,5.77,494800.0,2860348.0,2020,6,17,11,0,2020-06-17 11:00
798,5.8,5.79,5.81,5.78,226200.0,1310562.0,2020,6,17,11,15,2020-06-17 11:15
799,5.79,5.78,5.8,5.78,559300.0,3238308.0,2020,6,17,13,0,2020-06-17 13:00
