,open,close,high,low,vol,amount,year,month,day,hour,minute,datetime
0,21.41,21.2,21.42,21.12,214400.0,4556928.0,2020,4,2,13,15,2020-04-02 13:15
1,21.17,21.15,21.3,21.15,126800.0,2692848.0,2020,4,2,13,30,2020-04-02 13:30
2,21.17,21.41,21.43,21.17,235500.0,5026188.0,2020,4,2,13,45,2020-04-02 13:45
3,21.4,21.45,21.46,21.31,132000.0,2823856.0,2020,4,2,14,0,2020-04-02 14:00
4,21.46,21.59,21.75,21.46,437200.0,9447632.0,2020,4,2,14,15,2020-04-02 14:15
5,21.58,21.68,21.7,21.51,204600.0,4426024.0,2020,4,2,14,30,2020-04-02 14:30
6,21.67,21.76,21.83,21.64,402100.0,8744224.0,2020,4,2,14,45,2020-04-02 14:45
7,21.75,21.72,21.81,21.68,549500.0,11941256.0,2020,4,2,15,0,2020-04-02 15:00
8,21.68,21.67,21.95,21.63,821000.0,17878416.0,2020,4,3,9,45,2020-04-03 09:45
9,21.65,21.99,21.99,21.65,442600.0,9675846.0,2020,4,3,10,0,2020-04-03 10:00
10,21.99,21.85,22.08,21.8,289800.0,6366538.0,2020,4,3,10,15,2020-04-03 10:15
11,21.88,21.78,21.9,21.64,237000.0,5153716.0,2020,4,3,10,30,2020-04-03 10:30
12,21.78,21.85,21.85,21.7,127300.0,2771480.0,2020,4,3,10,45,2020-04-03 10:45
13,21.85,21.68,21.85,21.65,112600.0,2448932.0,2020,4,3,11,0,2020-04-03 11:00
14,21.69,21.5,21.69,21.45,259700.0,5595520.0,2020,4,3,11,15,2020-04-03 11:15
15,21.5,21.53,21.53,21.38,164300.0,3521608.0,2020,4,3,11,30,2020-04-03 11:30
16,21.53,21.48,21.53,21.39,96200.0,2062764.0,2020,4,3,13,15,2020-04-03 13:15
17,21.48,21.51,21.6,21.45,82900.0,1782728.0,2020,4,3,13,30,2020-04-03 13:30
18,21.5,21.46,21.55,21.41,114300.0,2453352.0,2020,4,3,13,45,2020-04-03 13:45
19,21.43,21.38,21.45,21.38,86900.0,1860388.0,2020,4,3,14,0,2020-04-03 14:00
20,21.38,21.43,21.45,21.34,149800.0,3203708.0,2020,4,3,14,15,2020-04-03 14:15
21,21.43,21.5,21.59,21.37,129200.0,2775748.0,2020,4,3,14,30,2020-04-03 14:30
22,21.53,21.42,21.59,21.41,139700.0,3003344.0,2020,4,3,14,45,2020-04-03 14:45
23,21.42,21.48,21.53,21.42,154300.0,3312328.0,2020,4,3,15,0,2020-04-03 15:00
24,22.0,21.95,22.18,21.85,712800.0,15712279.0,2020,4,7,9,45,2020-04-07 09:45
25,21.95,22.12,22.25,21.9,409400.0,9054327.0,2020,4,7,10,0,2020-04-07 10:00
26,22.08,22.5,22.57,22.08,829000.0,18528646.0,2020,4,7,10,15,2020-04-07 10:15
27,22.47,22.42,22.49,22.28,289500.0,6486436.0,2020,4,7,10,30,2020-04-07 10:30
28,22.43,22.8,22.81,22.42,582500.0,13178088.0,2020,4,7,10,45,2020-04-07 10:45
29,22.8,22.7,22.81,22.58,275600.0,6246176.0,2020,4,7,11,0,2020-04-07 11:00
30,22.73,22.88,22.96,22.73,502200.0,11473664.0,2020,4,7,11,15,2020-04-07 11:15
31,22.88,22.8,22.96,22.76,199000.0,4548352.0,2020,4,7,11,30,2020-04-07 11:30
32,22.8,22.68,22.86,22.66,144800.0,3296888.0,2020,4,7,13,15,2020-04-07 13:15
33,22.69,22.66,22.81,22.65,135900.0,3087488.0,2020,4,7,13,30,2020-04-07 13:30
34,22.66,22.72,22.74,22.57,209400.0,4738320.0,2020,4,7,13,45,2020-04-07 13:45
35,22.71,22.69,22.81,22.65,212400.0,4829152.0,2020,4,7,14,0,2020-04-07 14:00
36,22.76,22.8,22.8,22.65,157000.0,3567056.0,2020,4,7,14,15,2020-04-07 14:15
37,22.79,22.75,22.85,22.74,150600.0,3433624.0,2020,4,7,14,30,2020-04-07 14:30
38,22.75,22.76,22.81,22.6,472300.0,10734080.0,2020,4,7,14,45,2020-04-07 14:45
39,22.76,22.7,22.79,22.67,482400.0,10958480.0,2020,4,7,15,0,2020-04-07 15:00
40,22.45,22.33,22.6,22.3,726000.0,16280465.0,2020,4,8,9,45,2020-04-08 09:45
41,22.33,22.34,22.42,22.28,379800.0,8484467.0,2020,4,8,10,0,2020-04-08 10:00
42,22.34,22.43,22.59,22.34,224800.0,5048396.0,2020,4,8,10,15,2020-04-08 10:15
43,22.44,22.53,22.59,22.41,196200.0,4411632.0,2020,4,8,10,30,2020-04-08 10:30
44,22.53,22.31,22.53,22.29,330600.0,7397304.0,2020,4,8,10,45,2020-04-08 10:45
45,22.32,22.35,22.42,22.29,101200.0,2259936.0,2020,4,8,11,0,2020-04-08 11:00
46,22.33,22.31,22.4,22.28,93800.0,2092416.0,2020,4,8,11,15,2020-04-08 11:15
47,22.31,22.27,22.4,22.21,203000.0,4523820.0,2020,4,8,11,30,2020-04-08 11:30
48,22.31,22.38,22.44,22.26,140700.0,3144088.0,2020,4,8,13,15,2020-04-08 13:15
49,22.39,22.34,22.46,22.3,107800.0,2409536.0,2020,4,8,13,30,2020-04-08 13:30
50,22.38,22.37,22.4,22.2,197500.0,4400624.0,2020,4,8,13,45,2020-04-08 13:45
51,22.36,22.44,22.55,22.35,233700.0,5259504.0,2020,4,8,14,0,2020-04-08 14:00
52,22.45,22.25,22.45,22.2,319000.0,7109564.0,2020,4,8,14,15,2020-04-08 14:15
53,22.25,22.08,22.29,22.06,334600.0,7420904.0,2020,4,8,14,30,2020-04-08 14:30
54,22.08,22.14,22.2,22.02,282400.0,6246424.0,2020,4,8,14,45,2020-04-08 14:45
55,22.15,22.2,22.27,22.09,246100.0,5456936.0,2020,4,8,15,0,2020-04-08 15:00
56,22.42,22.66,22.78,22.3,771000.0,17406720.0,2020,4,9,9,45,2020-04-09 09:45
57,22.62,22.38,22.65,22.35,339000.0,7617446.0,2020,4,9,10,0,2020-04-09 10:00
58,22.38,22.45,22.46,22.31,189900.0,4249522.0,2020,4,9,10,15,2020-04-09 10:15
59,22.48,22.45,22.49,22.32,296200.0,6637120.0,2020,4,9,10,30,2020-04-09 10:30
60,22.49,22.44,22.61,22.42,164500.0,3702388.0,2020,4,9,10,45,2020-04-09 10:45
61,22.44,22.55,22.63,22.43,197000.0,4439264.0,2020,4,9,11,0,2020-04-09 11:00
62,22.53,22.45,22.55,22.41,50100.0,1126300.0,2020,4,9,11,15,2020-04-09 11:15
63,22.45,22.45,22.49,22.4,78700.0,1766452.0,2020,4,9,11,30,2020-04-09 11:30
64,22.48,22.46,22.55,22.42,152200.0,3420404.0,2020,4,9,13,15,2020-04-09 13:15
65,22.47,22.46,22.49,22.4,128700.0,2886084.0,2020,4,9,13,30,2020-04-09 13:30
66,22.46,22.58,22.61,22.42,200800.0,4526104.0,2020,4,9,13,45,2020-04-09 13:45
67,22.56,22.56,22.59,22.5,119700.0,2698156.0,2020,4,9,14,0,2020-04-09 14:00
68,22.56,22.56,22.65,22.53,436200.0,9861472.0,2020,4,9,14,15,2020-04-09 14:15
69,22.58,22.7,22.76,22.53,408200.0,9249320.0,2020,4,9,14,30,2020-04-09 14:30
70,22.69,22.62,22.71,22.54,601000.0,13602536.0,2020,4,9,14,45,2020-04-09 14:45
71,22.65,22.69,22.75,22.6,546200.0,12386272.0,2020,4,9,15,0,2020-04-09 15:00
72,22.61,22.05,22.65,22.05,745300.0,16627922.0,2020,4,10,9,45,2020-04-10 09:45
73,22.05,21.97,22.05,21.84,651000.0,14300240.0,2020,4,10,10,0,2020-04-10 10:00
74,21.98,21.93,21.99,21.84,374800.0,8207538.0,2020,4,10,10,15,2020-04-10 10:15
75,21.93,21.92,22.14,21.85,484800.0,10653392.0,2020,4,10,10,30,2020-04-10 10:30
76,21.92,21.7,21.92,21.66,465600.0,10135688.0,2020,4,10,10,45,2020-04-10 10:45
77,21.68,21.52,21.8,21.49,364800.0,7885860.0,2020,4,10,11,0,2020-04-10 11:00
78,21.59,21.63,21.73,21.53,153500.0,3319440.0,2020,4,10,11,15,2020-04-10 11:15
79,21.62,21.52,21.65,21.4,285700.0,6141472.0,2020,4,10,11,30,2020-04-10 11:30
80,21.54,21.57,21.68,21.46,170900.0,3682904.0,2020,4,10,13,15,2020-04-10 13:15
81,21.57,21.51,21.58,21.4,218700.0,4698192.0,2020,4,10,13,30,2020-04-10 13:30
82,21.49,21.32,21.49,21.3,272100.0,5815808.0,2020,4,10,13,45,2020-04-10 13:45
83,21.33,21.28,21.43,21.22,298400.0,6359120.0,2020,4,10,14,0,2020-04-10 14:00
84,21.3,21.45,21.52,21.1,311500.0,6633224.0,2020,4,10,14,15,2020-04-10 14:15
85,21.45,21.43,21.64,21.42,118400.0,2549920.0,2020,4,10,14,30,2020-04-10 14:30
86,21.44,21.4,21.6,21.4,169100.0,3633136.0,2020,4,10,14,45,2020-04-10 14:45
87,21.4,21.43,21.51,21.34,218700.0,4685800.0,2020,4,10,15,0,2020-04-10 15:00
88,21.32,20.98,21.32,20.72,863700.0,18099190.0,2020,4,13,9,45,2020-04-13 09:45
89,20.98,21.12,21.17,20.93,494200.0,10395842.0,2020,4,13,10,0,2020-04-13 10:00
90,21.16,21.45,21.57,21.05,246800.0,5252696.0,2020,4,13,10,15,2020-04-13 10:15
91,21.45,21.33,21.53,21.33,131500.0,2820404.0,2020,4,13,10,30,2020-04-13 10:30
92,21.38,21.24,21.45,21.22,58700.0,1252692.0,2020,4,13,10,45,2020-04-13 10:45
93,21.27,21.39,21.43,21.22,110000.0,2346132.0,2020,4,13,11,0,2020-04-13 11:00
94,21.39,21.24,21.44,21.21,93900.0,2002332.0,2020,4,13,11,15,2020-04-13 11:15
95,21.24,21.22,21.38,21.17,62500.0,1329596.0,2020,4,13,11,30,2020-04-13 11:30
96,21.22,21.2,21.33,21.16,79100.0,1678468.0,2020,4,13,13,15,2020-04-13 13:15
97,21.16,21.1,21.21,21.06,144400.0,3050504.0,2020,4,13,13,30,2020-04-13 13:30
98,21.09,21.18,21.21,21.0,118300.0,2494248.0,2020,4,13,13,45,2020-04-13 13:45
99,21.18,21.23,21.35,21.16,65300.0,1387492.0,2020,4,13,14,0,2020-04-13 14:00
100,21.25,21.15,21.29,21.15,78400.0,1662040.0,2020,4,13,14,15,2020-04-13 14:15
101,21.15,21.11,21.22,21.05,122500.0,2585500.0,2020,4,13,14,30,2020-04-13 14:30
102,21.12,21.04,21.14,21.0,131300.0,2766224.0,2020,4,13,14,45,2020-04-13 14:45
103,21.07,21.15,21.19,21.03,211100.0,4457184.0,2020,4,13,15,0,2020-04-13 15:00
104,21.4,21.35,21.4,21.17,247200.0,5262091.5,2020,4,14,9,45,2020-04-14 09:45
105,21.35,21.32,21.36,21.2,342800.0,7295950.5,2020,4,14,10,0,2020-04-14 10:00
106,21.35,21.41,21.42,21.22,291700.0,6214656.0,2020,4,14,10,15,2020-04-14 10:15
107,21.37,21.44,21.46,21.28,179600.0,3840402.0,2020,4,14,10,30,2020-04-14 10:30
108,21.41,21.46,21.56,21.36,231600.0,4970232.0,2020,4,14,10,45,2020-04-14 10:45
109,21.45,21.36,21.45,21.31,167000.0,3570394.0,2020,4,14,11,0,2020-04-14 11:00
110,21.35,21.42,21.43,21.28,132100.0,2823106.0,2020,4,14,11,15,2020-04-14 11:15
111,21.42,21.34,21.47,21.3,222900.0,4762344.0,2020,4,14,11,30,2020-04-14 11:30
112,21.34,21.24,21.43,21.2,179600.0,3822472.0,2020,4,14,13,15,2020-04-14 13:15
113,21.23,21.29,21.34,21.23,109200.0,2322316.0,2020,4,14,13,30,2020-04-14 13:30
114,21.3,21.31,21.37,21.23,117100.0,2494268.0,2020,4,14,13,45,2020-04-14 13:45
115,21.37,21.36,21.38,21.28,73000.0,1556932.0,2020,4,14,14,0,2020-04-14 14:00
116,21.35,21.34,21.43,21.29,252100.0,5388448.0,2020,4,14,14,15,2020-04-14 14:15
117,21.31,21.33,21.38,21.27,165500.0,3526184.0,2020,4,14,14,30,2020-04-14 14:30
118,21.33,21.36,21.42,21.3,336700.0,7196716.0,2020,4,14,14,45,2020-04-14 14:45
119,21.36,21.4,21.4,21.29,412200.0,8802688.0,2020,4,14,15,0,2020-04-14 15:00
120,21.49,21.24,21.49,21.17,420300.0,8940056.0,2020,4,15,9,45,2020-04-15 09:45
121,21.23,20.98,21.25,20.95,452500.0,9568024.0,2020,4,15,10,0,2020-04-15 10:00
122,20.98,21.1,21.12,20.9,479300.0,10062034.0,2020,4,15,10,15,2020-04-15 10:15
123,21.1,21.19,21.26,21.03,183300.0,3879202.0,2020,4,15,10,30,2020-04-15 10:30
124,21.18,21.3,21.35,21.18,244900.0,5212368.0,2020,4,15,10,45,2020-04-15 10:45
125,21.29,21.23,21.32,21.19,92500.0,1967316.0,2020,4,15,11,0,2020-04-15 11:00
126,21.22,21.32,21.34,21.19,179100.0,3812312.0,2020,4,15,11,15,2020-04-15 11:15
127,21.33,21.51,21.57,21.31,403500.0,8653852.0,2020,4,15,11,30,2020-04-15 11:30
128,21.51,21.36,21.59,21.3,268600.0,5769236.0,2020,4,15,13,15,2020-04-15 13:15
129,21.36,21.3,21.36,21.24,127200.0,2707656.0,2020,4,15,13,30,2020-04-15 13:30
130,21.3,21.16,21.3,21.13,160700.0,3409136.0,2020,4,15,13,45,2020-04-15 13:45
131,21.16,21.1,21.25,21.1,231900.0,4913432.0,2020,4,15,14,0,2020-04-15 14:00
132,21.1,21.01,21.14,20.97,364100.0,7655448.0,2020,4,15,14,15,2020-04-15 14:15
133,21.03,20.95,21.04,20.9,244000.0,5116544.0,2020,4,15,14,30,2020-04-15 14:30
134,20.95,20.99,21.08,20.94,167000.0,3504600.0,2020,4,15,14,45,2020-04-15 14:45
135,20.97,21.07,21.09,20.95,241400.0,5080104.0,2020,4,15,15,0,2020-04-15 15:00
136,20.75,20.87,21.0,20.65,410800.0,8528839.0,2020,4,16,9,45,2020-04-16 09:45
137,20.86,20.9,20.99,20.75,253100.0,5285662.0,2020,4,16,10,0,2020-04-16 10:00
138,20.9,20.93,21.02,20.81,271400.0,5676635.0,2020,4,16,10,15,2020-04-16 10:15
139,20.92,21.25,21.38,20.92,517200.0,10976186.0,2020,4,16,10,30,2020-04-16 10:30
140,21.25,21.16,21.37,21.16,211100.0,4494598.0,2020,4,16,10,45,2020-04-16 10:45
141,21.15,21.14,21.22,21.1,86900.0,1838940.0,2020,4,16,11,0,2020-04-16 11:00
142,21.12,21.18,21.23,21.04,117800.0,2487140.0,2020,4,16,11,15,2020-04-16 11:15
143,21.18,21.1,21.19,21.05,52400.0,1105068.0,2020,4,16,11,30,2020-04-16 11:30
144,21.11,21.16,21.2,21.1,99000.0,2094132.0,2020,4,16,13,15,2020-04-16 13:15
145,21.19,21.22,21.26,21.12,115200.0,2440888.0,2020,4,16,13,30,2020-04-16 13:30
146,21.25,21.4,21.45,21.21,466000.0,9948840.0,2020,4,16,13,45,2020-04-16 13:45
147,21.39,21.41,21.43,21.32,270900.0,5795792.0,2020,4,16,14,0,2020-04-16 14:00
148,21.41,21.34,21.41,21.3,128500.0,2743752.0,2020,4,16,14,15,2020-04-16 14:15
149,21.34,21.35,21.4,21.3,98000.0,2091772.0,2020,4,16,14,30,2020-04-16 14:30
150,21.35,21.38,21.39,21.32,161600.0,3449932.0,2020,4,16,14,45,2020-04-16 14:45
151,21.38,21.35,21.38,21.24,220700.0,4701168.0,2020,4,16,15,0,2020-04-16 15:00
152,21.6,21.4,21.62,21.37,507100.0,10891315.0,2020,4,17,9,45,2020-04-17 09:45
153,21.4,21.54,21.54,21.3,417100.0,8945431.0,2020,4,17,10,0,2020-04-17 10:00
154,21.55,21.71,21.74,21.39,625600.0,13526738.0,2020,4,17,10,15,2020-04-17 10:15
155,21.7,21.64,21.7,21.54,137300.0,2970080.0,2020,4,17,10,30,2020-04-17 10:30
156,21.62,21.52,21.63,21.51,89700.0,1935064.0,2020,4,17,10,45,2020-04-17 10:45
157,21.52,21.44,21.56,21.36,213100.0,4566588.0,2020,4,17,11,0,2020-04-17 11:00
158,21.42,21.48,21.51,21.41,103900.0,2229260.0,2020,4,17,11,15,2020-04-17 11:15
159,21.48,21.48,21.48,21.41,143000.0,3066812.0,2020,4,17,11,30,2020-04-17 11:30
160,21.52,21.48,21.57,21.42,148300.0,3186300.0,2020,4,17,13,15,2020-04-17 13:15
161,21.49,21.43,21.53,21.37,150100.0,3215252.0,2020,4,17,13,30,2020-04-17 13:30
162,21.43,21.43,21.51,21.41,65900.0,1413656.0,2020,4,17,13,45,2020-04-17 13:45
163,21.44,21.44,21.45,21.41,60300.0,1292424.0,2020,4,17,14,0,2020-04-17 14:00
164,21.44,21.34,21.46,21.33,177500.0,3795944.0,2020,4,17,14,15,2020-04-17 14:15
165,21.35,21.25,21.35,21.2,199700.0,4250508.0,2020,4,17,14,30,2020-04-17 14:30
166,21.24,21.27,21.31,21.23,197300.0,4195020.0,2020,4,17,14,45,2020-04-17 14:45
167,21.28,21.21,21.28,21.16,305700.0,6483888.0,2020,4,17,15,0,2020-04-17 15:00
168,21.21,21.31,21.39,21.12,291700.0,6206975.5,2020,4,20,9,45,2020-04-20 09:45
169,21.32,21.22,21.41,21.22,259800.0,5536647.5,2020,4,20,10,0,2020-04-20 10:00
170,21.21,21.36,21.38,21.18,211000.0,4493084.0,2020,4,20,10,15,2020-04-20 10:15
171,21.35,21.41,21.5,21.34,198900.0,4260731.0,2020,4,20,10,30,2020-04-20 10:30
172,21.41,21.59,21.6,21.38,246400.0,5302346.0,2020,4,20,10,45,2020-04-20 10:45
173,21.58,21.56,21.63,21.53,451300.0,9753868.0,2020,4,20,11,0,2020-04-20 11:00
174,21.56,22.06,22.11,21.55,823700.0,18007284.0,2020,4,20,11,15,2020-04-20 11:15
175,22.06,22.05,22.2,21.97,637300.0,14078136.0,2020,4,20,11,30,2020-04-20 11:30
176,22.05,22.2,22.3,22.02,575500.0,12779736.0,2020,4,20,13,15,2020-04-20 13:15
177,22.2,22.18,22.22,22.07,260200.0,5759936.0,2020,4,20,13,30,2020-04-20 13:30
178,22.18,22.46,22.5,22.18,727400.0,16263176.0,2020,4,20,13,45,2020-04-20 13:45
179,22.46,22.55,22.65,22.45,588800.0,13281056.0,2020,4,20,14,0,2020-04-20 14:00
180,22.55,22.82,22.96,22.55,930300.0,21227312.0,2020,4,20,14,15,2020-04-20 14:15
181,22.82,23.1,23.2,22.77,781800.0,17961984.0,2020,4,20,14,30,2020-04-20 14:30
182,23.1,22.98,23.15,22.91,434000.0,10004624.0,2020,4,20,14,45,2020-04-20 14:45
183,22.97,23.2,23.2,22.97,912500.0,21109120.0,2020,4,20,15,0,2020-04-20 15:00
184,22.96,23.5,23.59,22.83,2472800.0,57661168.0,2020,4,21,9,45,2020-04-21 09:45
185,23.45,24.05,24.26,23.38,1956200.0,46810904.0,2020,4,21,10,0,2020-04-21 10:00
186,24.09,24.2,24.4,24.01,1170000.0,28344232.0,2020,4,21,10,15,2020-04-21 10:15
187,24.2,23.97,24.32,23.93,662200.0,15989840.0,2020,4,21,10,30,2020-04-21 10:30
188,23.97,24.14,24.2,23.8,729100.0,17432944.0,2020,4,21,10,45,2020-04-21 10:45
189,24.14,24.1,24.23,24.01,243800.0,5878896.0,2020,4,21,11,0,2020-04-21 11:00
190,24.1,23.87,24.12,23.8,528000.0,12638448.0,2020,4,21,11,15,2020-04-21 11:15
191,23.89,23.65,24.05,23.56,487700.0,11633040.0,2020,4,21,11,30,2020-04-21 11:30
192,23.65,23.77,23.95,23.65,540600.0,12869968.0,2020,4,21,13,15,2020-04-21 13:15
193,23.77,23.91,24.06,23.77,507800.0,12149360.0,2020,4,21,13,30,2020-04-21 13:30
194,23.9,23.94,23.95,23.8,232400.0,5549792.0,2020,4,21,13,45,2020-04-21 13:45
195,23.91,23.84,23.94,23.72,362200.0,8637376.0,2020,4,21,14,0,2020-04-21 14:00
196,23.83,24.1,24.19,23.82,511100.0,12289408.0,2020,4,21,14,15,2020-04-21 14:15
197,24.06,23.98,24.35,23.94,672100.0,16246768.0,2020,4,21,14,30,2020-04-21 14:30
198,23.99,23.95,24.14,23.95,534300.0,12835408.0,2020,4,21,14,45,2020-04-21 14:45
199,23.94,24.17,24.17,23.85,599600.0,14408960.0,2020,4,21,15,0,2020-04-21 15:00
200,23.65,23.57,23.72,23.39,1320100.0,31030512.0,2020,4,22,9,45,2020-04-22 09:45
201,23.57,23.48,23.63,23.3,891100.0,20911404.0,2020,4,22,10,0,2020-04-22 10:00
202,23.48,23.61,23.82,23.47,437200.0,10351316.0,2020,4,22,10,15,2020-04-22 10:15
203,23.62,23.57,23.71,23.55,320600.0,7570696.0,2020,4,22,10,30,2020-04-22 10:30
204,23.57,23.46,23.63,23.46,223300.0,5253024.0,2020,4,22,10,45,2020-04-22 10:45
205,23.47,23.47,23.6,23.46,211600.0,4972160.0,2020,4,22,11,0,2020-04-22 11:00
206,23.47,23.36,23.49,23.3,446300.0,10438376.0,2020,4,22,11,15,2020-04-22 11:15
207,23.36,23.33,23.38,23.19,289700.0,6744192.0,2020,4,22,11,30,2020-04-22 11:30
208,23.33,23.2,23.34,23.11,310400.0,7211616.0,2020,4,22,13,15,2020-04-22 13:15
209,23.22,23.32,23.5,23.2,298400.0,6963496.0,2020,4,22,13,30,2020-04-22 13:30
210,23.32,23.43,23.55,23.29,299100.0,7009992.0,2020,4,22,13,45,2020-04-22 13:45
211,23.45,23.39,23.48,23.31,224600.0,5246464.0,2020,4,22,14,0,2020-04-22 14:00
212,23.39,23.46,23.48,23.32,255100.0,5976216.0,2020,4,22,14,15,2020-04-22 14:15
213,23.45,23.44,23.55,23.43,295000.0,6927976.0,2020,4,22,14,30,2020-04-22 14:30
214,23.45,23.61,23.61,23.41,384700.0,9036656.0,2020,4,22,14,45,2020-04-22 14:45
215,23.61,23.57,23.66,23.49,660900.0,15590656.0,2020,4,22,15,0,2020-04-22 15:00
216,23.95,23.61,24.13,23.52,1375800.0,32751892.0,2020,4,23,9,45,2020-04-23 09:45
217,23.61,23.72,23.73,23.52,624200.0,14736520.0,2020,4,23,10,0,2020-04-23 10:00
218,23.72,24.18,24.25,23.72,850900.0,20393460.0,2020,4,23,10,15,2020-04-23 10:15
219,24.17,24.52,24.56,24.15,1165400.0,28384248.0,2020,4,23,10,30,2020-04-23 10:30
220,24.53,24.25,24.58,24.24,837500.0,20481000.0,2020,4,23,10,45,2020-04-23 10:45
221,24.26,24.17,24.33,24.12,367800.0,8914760.0,2020,4,23,11,0,2020-04-23 11:00
222,24.17,24.06,24.22,23.93,276700.0,6672936.0,2020,4,23,11,15,2020-04-23 11:15
223,24.05,24.14,24.18,23.95,160700.0,3859184.0,2020,4,23,11,30,2020-04-23 11:30
224,24.18,24.16,24.23,24.0,176200.0,4246304.0,2020,4,23,13,15,2020-04-23 13:15
225,24.16,24.3,24.38,24.06,266300.0,6448528.0,2020,4,23,13,30,2020-04-23 13:30
226,24.3,24.14,24.34,24.08,154100.0,3730320.0,2020,4,23,13,45,2020-04-23 13:45
227,24.16,24.09,24.17,24.03,174900.0,4216080.0,2020,4,23,14,0,2020-04-23 14:00
228,24.08,23.9,24.08,23.9,287500.0,6906656.0,2020,4,23,14,15,2020-04-23 14:15
229,23.9,23.88,24.0,23.79,261300.0,6239072.0,2020,4,23,14,30,2020-04-23 14:30
230,23.88,23.83,23.98,23.83,223400.0,5340320.0,2020,4,23,14,45,2020-04-23 14:45
231,23.83,23.91,23.91,23.76,462100.0,11019792.0,2020,4,23,15,0,2020-04-23 15:00
232,23.92,23.68,23.96,23.55,609400.0,14467398.0,2020,4,24,9,45,2020-04-24 09:45
233,23.66,23.5,23.8,23.5,403300.0,9535394.0,2020,4,24,10,0,2020-04-24 10:00
234,23.5,23.52,23.57,23.23,699900.0,16370200.0,2020,4,24,10,15,2020-04-24 10:15
235,23.54,23.52,23.65,23.43,202400.0,4765944.0,2020,4,24,10,30,2020-04-24 10:30
236,23.52,23.8,23.87,23.52,261500.0,6208276.0,2020,4,24,10,45,2020-04-24 10:45
237,23.8,23.68,23.83,23.67,140000.0,3324348.0,2020,4,24,11,0,2020-04-24 11:00
238,23.68,23.56,23.68,23.55,198700.0,4687016.0,2020,4,24,11,15,2020-04-24 11:15
239,23.6,23.5,23.69,23.48,104900.0,2470520.0,2020,4,24,11,30,2020-04-24 11:30
240,23.51,23.68,23.74,23.48,156900.0,3704524.0,2020,4,24,13,15,2020-04-24 13:15
241,23.69,23.54,23.73,23.5,146500.0,3464988.0,2020,4,24,13,30,2020-04-24 13:30
242,23.57,23.37,23.57,23.3,182000.0,4261112.0,2020,4,24,13,45,2020-04-24 13:45
243,23.38,23.5,23.51,23.26,261500.0,6109920.0,2020,4,24,14,0,2020-04-24 14:00
244,23.5,23.43,23.5,23.3,191600.0,4482016.0,2020,4,24,14,15,2020-04-24 14:15
245,23.45,23.36,23.57,23.35,234900.0,5515368.0,2020,4,24,14,30,2020-04-24 14:30
246,23.36,23.38,23.4,23.23,307100.0,7158328.0,2020,4,24,14,45,2020-04-24 14:45
247,23.35,23.35,23.51,23.31,370800.0,8677808.0,2020,4,24,15,0,2020-04-24 15:00
248,23.32,23.14,23.59,23.14,404200.0,9427341.0,2020,4,27,9,45,2020-04-27 09:45
249,23.15,23.51,23.59,23.15,251400.0,5889159.0,2020,4,27,10,0,2020-04-27 10:00
250,23.54,23.38,23.72,23.34,380100.0,8957730.0,2020,4,27,10,15,2020-04-27 10:15
251,23.45,23.4,23.53,23.36,117800.0,2760352.0,2020,4,27,10,30,2020-04-27 10:30
252,23.42,23.4,23.44,23.31,126700.0,2962342.0,2020,4,27,10,45,2020-04-27 10:45
253,23.38,23.3,23.39,23.22,92000.0,2143480.0,2020,4,27,11,0,2020-04-27 11:00
254,23.3,23.27,23.34,23.21,122900.0,2859456.0,2020,4,27,11,15,2020-04-27 11:15
255,23.27,23.38,23.43,23.26,50300.0,1173520.0,2020,4,27,11,30,2020-04-27 11:30
256,23.39,23.43,23.55,23.39,102400.0,2403932.0,2020,4,27,13,15,2020-04-27 13:15
257,23.43,23.35,23.5,23.35,57400.0,1344040.0,2020,4,27,13,30,2020-04-27 13:30
258,23.33,23.33,23.36,23.26,68800.0,1604764.0,2020,4,27,13,45,2020-04-27 13:45
259,23.34,23.36,23.45,23.34,85500.0,1999124.0,2020,4,27,14,0,2020-04-27 14:00
260,23.35,23.28,23.35,23.23,176100.0,4100584.0,2020,4,27,14,15,2020-04-27 14:15
261,23.31,23.07,23.31,23.04,230900.0,5348000.0,2020,4,27,14,30,2020-04-27 14:30
262,23.06,23.12,23.12,22.85,449900.0,10339804.0,2020,4,27,14,45,2020-04-27 14:45
263,23.15,23.13,23.28,22.98,261000.0,6028988.0,2020,4,27,15,0,2020-04-27 15:00
264,23.1,22.61,23.1,22.61,454900.0,10378084.0,2020,4,28,9,45,2020-04-28 09:45
265,22.61,21.53,22.62,21.53,793400.0,17653780.0,2020,4,28,10,0,2020-04-28 10:00
266,21.53,21.97,22.16,21.3,637900.0,13867452.0,2020,4,28,10,15,2020-04-28 10:15
267,21.98,22.27,22.27,21.95,257900.0,5715928.0,2020,4,28,10,30,2020-04-28 10:30
268,22.28,22.67,22.77,22.28,369800.0,8350228.0,2020,4,28,10,45,2020-04-28 10:45
269,22.6,22.65,22.69,22.5,142700.0,3225288.0,2020,4,28,11,0,2020-04-28 11:00
270,22.69,22.55,22.75,22.43,139000.0,3140304.0,2020,4,28,11,15,2020-04-28 11:15
271,22.58,22.73,22.78,22.58,109700.0,2489244.0,2020,4,28,11,30,2020-04-28 11:30
272,22.77,22.51,22.77,22.45,195500.0,4413916.0,2020,4,28,13,15,2020-04-28 13:15
273,22.49,22.5,22.66,22.47,226100.0,5103640.0,2020,4,28,13,30,2020-04-28 13:30
274,22.51,22.68,22.73,22.51,153900.0,3484328.0,2020,4,28,13,45,2020-04-28 13:45
275,22.69,22.67,22.72,22.58,154800.0,3503560.0,2020,4,28,14,0,2020-04-28 14:00
276,22.67,22.55,22.69,22.5,118700.0,2680232.0,2020,4,28,14,15,2020-04-28 14:15
277,22.54,22.53,22.58,22.45,248100.0,5583784.0,2020,4,28,14,30,2020-04-28 14:30
278,22.5,22.43,22.5,22.3,185900.0,4164744.0,2020,4,28,14,45,2020-04-28 14:45
279,22.45,22.36,22.5,22.33,283300.0,6344792.0,2020,4,28,15,0,2020-04-28 15:00
280,22.33,22.5,22.7,22.05,679700.0,15266244.0,2020,4,29,9,45,2020-04-29 09:45
281,22.5,22.49,22.78,22.45,583600.0,13197266.0,2020,4,29,10,0,2020-04-29 10:00
282,22.49,22.47,22.58,22.35,318000.0,7139478.0,2020,4,29,10,15,2020-04-29 10:15
283,22.46,22.3,22.46,22.3,270300.0,6046500.0,2020,4,29,10,30,2020-04-29 10:30
284,22.33,22.04,22.33,22.0,544200.0,12035628.0,2020,4,29,10,45,2020-04-29 10:45
285,22.06,22.25,22.3,22.0,271300.0,6007168.0,2020,4,29,11,0,2020-04-29 11:00
286,22.25,22.38,22.43,22.25,174900.0,3910272.0,2020,4,29,11,15,2020-04-29 11:15
287,22.38,22.36,22.41,22.32,87100.0,1947184.0,2020,4,29,11,30,2020-04-29 11:30
288,22.36,22.37,22.45,22.3,165200.0,3694708.0,2020,4,29,13,15,2020-04-29 13:15
289,22.33,22.23,22.38,22.23,257800.0,5748776.0,2020,4,29,13,30,2020-04-29 13:30
290,22.23,22.12,22.25,22.05,189700.0,4200416.0,2020,4,29,13,45,2020-04-29 13:45
291,22.12,22.07,22.19,21.89,567000.0,12469744.0,2020,4,29,14,0,2020-04-29 14:00
292,22.08,22.14,22.18,22.04,228700.0,5054480.0,2020,4,29,14,15,2020-04-29 14:15
293,22.13,22.1,22.19,22.06,158700.0,3512808.0,2020,4,29,14,30,2020-04-29 14:30
294,22.11,22.17,22.23,22.06,316000.0,6990232.0,2020,4,29,14,45,2020-04-29 14:45
295,22.17,22.08,22.17,22.06,255900.0,5656672.0,2020,4,29,15,0,2020-04-29 15:00
296,22.41,22.46,22.5,22.25,435100.0,9743146.0,2020,4,30,9,45,2020-04-30 09:45
297,22.45,22.84,22.85,22.41,472000.0,10674386.0,2020,4,30,10,0,2020-04-30 10:00
298,22.82,22.79,22.86,22.64,271900.0,6189462.0,2020,4,30,10,15,2020-04-30 10:15
299,22.8,22.97,23.19,22.79,641200.0,14763626.0,2020,4,30,10,30,2020-04-30 10:30
300,23.03,23.06,23.18,22.97,322200.0,7436864.0,2020,4,30,10,45,2020-04-30 10:45
301,23.1,23.35,23.35,22.96,432700.0,10021836.0,2020,4,30,11,0,2020-04-30 11:00
302,23.36,23.28,23.37,23.2,314800.0,7337592.0,2020,4,30,11,15,2020-04-30 11:15
303,23.29,23.45,23.48,23.2,424000.0,9907304.0,2020,4,30,11,30,2020-04-30 11:30
304,23.46,23.47,23.58,23.35,320900.0,7534560.0,2020,4,30,13,15,2020-04-30 13:15
305,23.47,23.35,23.47,23.27,273800.0,6389816.0,2020,4,30,13,30,2020-04-30 13:30
306,23.35,23.52,23.56,23.34,333100.0,7809000.0,2020,4,30,13,45,2020-04-30 13:45
307,23.52,23.5,23.77,23.47,316700.0,7474320.0,2020,4,30,14,0,2020-04-30 14:00
308,23.47,23.56,23.57,23.4,247400.0,5808272.0,2020,4,30,14,15,2020-04-30 14:15
309,23.53,23.49,23.56,23.43,172600.0,4051432.0,2020,4,30,14,30,2020-04-30 14:30
310,23.5,23.45,23.53,23.37,279600.0,6556816.0,2020,4,30,14,45,2020-04-30 14:45
311,23.45,23.59,23.64,23.38,582000.0,13706768.0,2020,4,30,15,0,2020-04-30 15:00
312,23.67,23.85,24.17,23.52,1457900.0,34812304.0,2020,5,6,9,45,2020-05-06 09:45
313,23.84,23.71,23.84,23.52,541500.0,12818800.0,2020,5,6,10,0,2020-05-06 10:00
314,23.65,24.06,24.09,23.65,484000.0,11589572.0,2020,5,6,10,15,2020-05-06 10:15
315,24.05,24.25,24.25,23.91,670200.0,16148708.0,2020,5,6,10,30,2020-05-06 10:30
316,24.25,24.27,24.47,24.25,870600.0,21227112.0,2020,5,6,10,45,2020-05-06 10:45
317,24.26,24.5,24.62,24.22,454300.0,11115936.0,2020,5,6,11,0,2020-05-06 11:00
318,24.5,24.65,24.65,24.36,349900.0,8583832.0,2020,5,6,11,15,2020-05-06 11:15
319,24.68,24.75,24.79,24.5,379900.0,9363496.0,2020,5,6,11,30,2020-05-06 11:30
320,24.75,24.86,24.88,24.56,525500.0,13006352.0,2020,5,6,13,15,2020-05-06 13:15
321,24.85,24.66,24.89,24.61,358400.0,8866720.0,2020,5,6,13,30,2020-05-06 13:30
322,24.66,24.6,24.7,24.52,242300.0,5967072.0,2020,5,6,13,45,2020-05-06 13:45
323,24.6,24.61,24.71,24.58,209400.0,5161296.0,2020,5,6,14,0,2020-05-06 14:00
324,24.6,24.61,24.68,24.54,257800.0,6338864.0,2020,5,6,14,15,2020-05-06 14:15
325,24.61,24.64,24.67,24.59,182700.0,4499712.0,2020,5,6,14,30,2020-05-06 14:30
326,24.63,24.69,24.85,24.63,395800.0,9785872.0,2020,5,6,14,45,2020-05-06 14:45
327,24.69,24.72,24.77,24.69,382400.0,9452752.0,2020,5,6,15,0,2020-05-06 15:00
328,24.61,24.99,25.17,24.55,1307500.0,32548554.0,2020,5,7,9,45,2020-05-07 09:45
329,25.0,24.75,25.0,24.75,687400.0,17067082.0,2020,5,7,10,0,2020-05-07 10:00
330,24.72,24.57,24.79,24.48,608700.0,14980560.0,2020,5,7,10,15,2020-05-07 10:15
331,24.54,24.65,24.71,24.31,634600.0,15516644.0,2020,5,7,10,30,2020-05-07 10:30
332,24.63,25.08,25.1,24.59,435700.0,10839200.0,2020,5,7,10,45,2020-05-07 10:45
333,25.08,24.91,25.08,24.85,292400.0,7299408.0,2020,5,7,11,0,2020-05-07 11:00
334,24.9,24.99,25.0,24.83,131700.0,3279144.0,2020,5,7,11,15,2020-05-07 11:15
335,24.99,24.94,25.09,24.89,197400.0,4930880.0,2020,5,7,11,30,2020-05-07 11:30
336,24.9,24.77,25.0,24.72,197200.0,4899496.0,2020,5,7,13,15,2020-05-07 13:15
337,24.74,24.7,24.87,24.63,201200.0,4975120.0,2020,5,7,13,30,2020-05-07 13:30
338,24.7,24.8,24.94,24.7,187400.0,4652872.0,2020,5,7,13,45,2020-05-07 13:45
339,24.8,24.76,24.88,24.76,114300.0,2838912.0,2020,5,7,14,0,2020-05-07 14:00
340,24.72,24.85,24.88,24.72,206000.0,5113896.0,2020,5,7,14,15,2020-05-07 14:15
341,24.85,24.82,24.85,24.74,119900.0,2972032.0,2020,5,7,14,30,2020-05-07 14:30
342,24.83,24.69,24.83,24.64,268500.0,6640808.0,2020,5,7,14,45,2020-05-07 14:45
343,24.71,24.65,24.75,24.58,303700.0,7488656.0,2020,5,7,15,0,2020-05-07 15:00
344,24.86,24.92,25.14,24.73,648900.0,16166585.0,2020,5,8,9,45,2020-05-08 09:45
345,24.94,25.07,25.18,24.89,618100.0,15489493.0,2020,5,8,10,0,2020-05-08 10:00
346,25.08,25.22,25.39,25.0,744500.0,18749038.0,2020,5,8,10,15,2020-05-08 10:15
347,25.2,25.01,25.2,24.98,474800.0,11917508.0,2020,5,8,10,30,2020-05-08 10:30
348,25.01,24.95,25.05,24.92,311800.0,7790016.0,2020,5,8,10,45,2020-05-08 10:45
349,24.96,25.0,25.05,24.96,125900.0,3146816.0,2020,5,8,11,0,2020-05-08 11:00
350,25.02,25.04,25.1,25.02,161600.0,4049696.0,2020,5,8,11,15,2020-05-08 11:15
351,25.06,25.04,25.2,25.03,105400.0,2647296.0,2020,5,8,11,30,2020-05-08 11:30
352,25.04,25.15,25.3,25.04,367200.0,9245416.0,2020,5,8,13,15,2020-05-08 13:15
353,25.16,25.08,25.2,25.08,190600.0,4795528.0,2020,5,8,13,30,2020-05-08 13:30
354,25.07,25.1,25.14,25.01,175600.0,4404120.0,2020,5,8,13,45,2020-05-08 13:45
355,25.09,24.88,25.09,24.85,425100.0,10608664.0,2020,5,8,14,0,2020-05-08 14:00
356,24.9,24.92,24.97,24.84,314000.0,7819608.0,2020,5,8,14,15,2020-05-08 14:15
357,24.9,24.84,24.93,24.81,245500.0,6103528.0,2020,5,8,14,30,2020-05-08 14:30
358,24.85,24.87,24.96,24.82,189500.0,4714616.0,2020,5,8,14,45,2020-05-08 14:45
359,24.88,24.81,24.93,24.78,431200.0,10711576.0,2020,5,8,15,0,2020-05-08 15:00
360,25.29,25.03,25.43,24.82,1249800.0,31421508.0,2020,5,11,9,45,2020-05-11 09:45
361,25.02,24.8,25.11,24.7,543300.0,13519076.0,2020,5,11,10,0,2020-05-11 10:00
362,24.8,24.96,24.97,24.76,309700.0,7694412.0,2020,5,11,10,15,2020-05-11 10:15
363,24.96,24.82,25.08,24.75,268600.0,6682444.0,2020,5,11,10,30,2020-05-11 10:30
364,24.83,24.84,25.0,24.81,111400.0,2771776.0,2020,5,11,10,45,2020-05-11 10:45
365,24.94,25.01,25.11,24.85,330000.0,8256800.0,2020,5,11,11,0,2020-05-11 11:00
366,25.01,25.09,25.1,24.94,155900.0,3908464.0,2020,5,11,11,15,2020-05-11 11:15
367,25.09,24.95,25.11,24.91,126800.0,3170544.0,2020,5,11,11,30,2020-05-11 11:30
368,24.94,24.77,24.94,24.77,141800.0,3523656.0,2020,5,11,13,15,2020-05-11 13:15
369,24.78,24.8,24.86,24.76,88400.0,2193192.0,2020,5,11,13,30,2020-05-11 13:30
370,24.78,24.73,24.86,24.72,148400.0,3677280.0,2020,5,11,13,45,2020-05-11 13:45
371,24.73,24.59,24.77,24.56,241400.0,5954512.0,2020,5,11,14,0,2020-05-11 14:00
372,24.66,24.62,24.78,24.58,203700.0,5022744.0,2020,5,11,14,15,2020-05-11 14:15
373,24.62,24.53,24.65,24.48,265700.0,6526640.0,2020,5,11,14,30,2020-05-11 14:30
374,24.65,24.6,24.75,24.6,303200.0,7481888.0,2020,5,11,14,45,2020-05-11 14:45
375,24.56,24.75,24.75,24.51,341000.0,8413720.0,2020,5,11,15,0,2020-05-11 15:00
376,24.59,24.2,24.69,24.19,748900.0,18265204.0,2020,5,12,9,45,2020-05-12 09:45
377,24.2,24.35,24.45,24.0,1141700.0,27669468.0,2020,5,12,10,0,2020-05-12 10:00
378,24.3,24.52,24.53,24.22,458800.0,11192836.0,2020,5,12,10,15,2020-05-12 10:15
379,24.55,24.54,24.6,24.44,264500.0,6488792.0,2020,5,12,10,30,2020-05-12 10:30
380,24.5,24.47,24.68,24.47,130600.0,3205832.0,2020,5,12,10,45,2020-05-12 10:45
381,24.47,24.38,24.56,24.37,163900.0,4005796.0,2020,5,12,11,0,2020-05-12 11:00
382,24.37,24.29,24.45,24.28,159300.0,3880752.0,2020,5,12,11,15,2020-05-12 11:15
383,24.3,24.2,24.38,24.18,144100.0,3498432.0,2020,5,12,11,30,2020-05-12 11:30
384,24.19,24.24,24.29,23.93,436800.0,10517760.0,2020,5,12,13,15,2020-05-12 13:15
385,24.21,24.39,24.4,24.18,185400.0,4509736.0,2020,5,12,13,30,2020-05-12 13:30
386,24.38,24.41,24.47,24.37,167400.0,4086456.0,2020,5,12,13,45,2020-05-12 13:45
387,24.42,24.46,24.53,24.37,262700.0,6422296.0,2020,5,12,14,0,2020-05-12 14:00
388,24.46,24.44,24.49,24.32,204200.0,4987072.0,2020,5,12,14,15,2020-05-12 14:15
389,24.4,24.33,24.49,24.32,165700.0,4043016.0,2020,5,12,14,30,2020-05-12 14:30
390,24.34,24.38,24.46,24.31,266100.0,6485440.0,2020,5,12,14,45,2020-05-12 14:45
391,24.36,24.45,24.49,24.32,450600.0,10998840.0,2020,5,12,15,0,2020-05-12 15:00
392,24.45,24.15,24.56,24.15,403900.0,9828548.0,2020,5,13,9,45,2020-05-13 09:45
393,24.15,24.24,24.35,24.09,207900.0,5030511.0,2020,5,13,10,0,2020-05-13 10:00
394,24.3,24.24,24.35,24.18,222100.0,5378943.0,2020,5,13,10,15,2020-05-13 10:15
395,24.25,24.12,24.27,24.01,341300.0,8233286.0,2020,5,13,10,30,2020-05-13 10:30
396,24.19,24.22,24.22,24.0,244900.0,5900992.0,2020,5,13,10,45,2020-05-13 10:45
397,24.22,24.23,24.29,24.19,126300.0,3061192.0,2020,5,13,11,0,2020-05-13 11:00
398,24.22,24.29,24.35,24.13,139900.0,3393372.0,2020,5,13,11,15,2020-05-13 11:15
399,24.29,24.24,24.31,24.18,161400.0,3910224.0,2020,5,13,11,30,2020-05-13 11:30
400,24.28,25.1,25.2,24.26,2410100.0,59927220.0,2020,5,13,13,15,2020-05-13 13:15
401,25.15,25.12,25.43,25.0,776200.0,19560152.0,2020,5,13,13,30,2020-05-13 13:30
402,25.12,25.31,25.49,25.12,614700.0,15584536.0,2020,5,13,13,45,2020-05-13 13:45
403,25.31,25.42,25.45,25.24,511400.0,12967216.0,2020,5,13,14,0,2020-05-13 14:00
404,25.42,25.51,25.6,25.36,722300.0,18390912.0,2020,5,13,14,15,2020-05-13 14:15
405,25.53,25.52,25.6,25.48,387500.0,9902208.0,2020,5,13,14,30,2020-05-13 14:30
406,25.52,25.46,25.67,25.46,616500.0,15759536.0,2020,5,13,14,45,2020-05-13 14:45
407,25.47,25.54,25.54,25.42,556800.0,14189072.0,2020,5,13,15,0,2020-05-13 15:00
408,26.1,26.33,26.85,26.1,4471800.0,118179760.0,2020,5,14,9,45,2020-05-14 09:45
409,26.32,25.87,26.32,25.85,1226300.0,32014704.0,2020,5,14,10,0,2020-05-14 10:00
410,25.83,25.77,25.88,25.5,1325200.0,34027760.0,2020,5,14,10,15,2020-05-14 10:15
411,25.77,25.59,25.91,25.56,588800.0,15142544.0,2020,5,14,10,30,2020-05-14 10:30
412,25.59,25.45,25.59,25.25,580700.0,14774128.0,2020,5,14,10,45,2020-05-14 10:45
413,25.45,25.7,25.7,25.33,331200.0,8426160.0,2020,5,14,11,0,2020-05-14 11:00
414,25.68,25.45,25.68,25.42,277200.0,7083056.0,2020,5,14,11,15,2020-05-14 11:15
415,25.45,25.38,25.55,25.35,309200.0,7852864.0,2020,5,14,11,30,2020-05-14 11:30
416,25.38,25.1,25.4,25.05,629400.0,15852976.0,2020,5,14,13,15,2020-05-14 13:15
417,25.09,24.91,25.16,24.86,739400.0,18487360.0,2020,5,14,13,30,2020-05-14 13:30
418,24.91,24.78,24.98,24.72,604900.0,15021504.0,2020,5,14,13,45,2020-05-14 13:45
419,24.77,24.85,24.95,24.69,442400.0,10959072.0,2020,5,14,14,0,2020-05-14 14:00
420,24.86,24.65,24.87,24.52,562400.0,13861248.0,2020,5,14,14,15,2020-05-14 14:15
421,24.65,24.8,24.89,24.6,342300.0,8475936.0,2020,5,14,14,30,2020-05-14 14:30
422,24.8,24.61,24.8,24.56,369000.0,9105888.0,2020,5,14,14,45,2020-05-14 14:45
423,24.61,24.53,24.76,24.53,691700.0,17004928.0,2020,5,14,15,0,2020-05-14 15:00
424,24.88,25.55,25.68,24.75,2565300.0,64596952.0,2020,5,15,9,45,2020-05-15 09:45
425,25.57,25.75,25.86,25.41,1576500.0,40510512.0,2020,5,15,10,0,2020-05-15 10:00
426,25.75,25.74,26.07,25.61,1116500.0,28885488.0,2020,5,15,10,15,2020-05-15 10:15
427,25.74,25.81,25.82,25.51,499800.0,12817816.0,2020,5,15,10,30,2020-05-15 10:30
428,25.81,26.0,26.05,25.81,763600.0,19815824.0,2020,5,15,10,45,2020-05-15 10:45
429,26.01,25.9,26.02,25.76,358900.0,9313344.0,2020,5,15,11,0,2020-05-15 11:00
430,25.9,25.83,25.96,25.72,183100.0,4738352.0,2020,5,15,11,15,2020-05-15 11:15
431,25.85,25.87,25.96,25.71,276700.0,7151568.0,2020,5,15,11,30,2020-05-15 11:30
432,25.87,25.84,25.97,25.73,408700.0,10582896.0,2020,5,15,13,15,2020-05-15 13:15
433,25.82,25.7,25.88,25.64,238600.0,6140224.0,2020,5,15,13,30,2020-05-15 13:30
434,25.7,25.76,25.76,25.54,333900.0,8561808.0,2020,5,15,13,45,2020-05-15 13:45
435,25.75,25.82,25.88,25.74,237700.0,6130528.0,2020,5,15,14,0,2020-05-15 14:00
436,25.82,25.92,25.97,25.81,465800.0,12064256.0,2020,5,15,14,15,2020-05-15 14:15
437,25.92,25.92,26.08,25.84,766900.0,19940992.0,2020,5,15,14,30,2020-05-15 14:30
438,25.92,25.89,25.99,25.78,337000.0,8721456.0,2020,5,15,14,45,2020-05-15 14:45
439,25.86,25.63,25.88,25.63,817500.0,21036592.0,2020,5,15,15,0,2020-05-15 15:00
440,25.45,25.8,25.9,25.11,1552900.0,39577216.0,2020,5,18,9,45,2020-05-18 09:45
441,25.8,25.98,26.15,25.6,1178200.0,30499264.0,2020,5,18,10,0,2020-05-18 10:00
442,25.99,26.4,26.55,25.94,1019400.0,26757824.0,2020,5,18,10,15,2020-05-18 10:15
443,26.44,26.41,26.64,26.36,792100.0,21010872.0,2020,5,18,10,30,2020-05-18 10:30
444,26.41,26.54,26.61,26.4,453400.0,12022648.0,2020,5,18,10,45,2020-05-18 10:45
445,26.53,26.67,26.85,26.53,669500.0,17884352.0,2020,5,18,11,0,2020-05-18 11:00
446,26.68,26.8,26.8,26.68,252800.0,6761360.0,2020,5,18,11,15,2020-05-18 11:15
447,26.79,26.94,26.95,26.7,571600.0,15350496.0,2020,5,18,11,30,2020-05-18 11:30
448,26.92,26.6,26.93,26.39,714800.0,19003568.0,2020,5,18,13,15,2020-05-18 13:15
449,26.61,26.59,26.64,26.3,389600.0,10314304.0,2020,5,18,13,30,2020-05-18 13:30
450,26.6,26.49,26.78,26.4,245900.0,6531056.0,2020,5,18,13,45,2020-05-18 13:45
451,26.48,26.46,26.62,26.38,213000.0,5639040.0,2020,5,18,14,0,2020-05-18 14:00
452,26.46,26.31,26.57,26.2,473700.0,12458960.0,2020,5,18,14,15,2020-05-18 14:15
453,26.38,26.36,26.5,26.29,243500.0,6424880.0,2020,5,18,14,30,2020-05-18 14:30
454,26.36,26.22,26.38,26.09,616000.0,16142976.0,2020,5,18,14,45,2020-05-18 14:45
455,26.24,26.24,26.3,26.04,647400.0,16954880.0,2020,5,18,15,0,2020-05-18 15:00
456,26.38,26.46,26.49,25.97,1083600.0,28418268.0,2020,5,19,9,45,2020-05-19 09:45
457,26.44,26.3,26.44,26.3,498400.0,13131548.0,2020,5,19,10,0,2020-05-19 10:00
458,26.3,26.01,26.33,25.99,678700.0,17754744.0,2020,5,19,10,15,2020-05-19 10:15
459,25.98,26.26,26.3,25.98,365900.0,9552040.0,2020,5,19,10,30,2020-05-19 10:30
460,26.26,26.1,26.27,26.09,203600.0,5332976.0,2020,5,19,10,45,2020-05-19 10:45
461,26.13,26.15,26.15,26.05,167100.0,4361208.0,2020,5,19,11,0,2020-05-19 11:00
462,26.07,26.1,26.1,26.02,154100.0,4013832.0,2020,5,19,11,15,2020-05-19 11:15
463,26.1,25.94,26.1,25.86,361100.0,9373512.0,2020,5,19,11,30,2020-05-19 11:30
464,26.04,26.1,26.19,26.03,343000.0,8946752.0,2020,5,19,13,15,2020-05-19 13:15
465,26.07,26.07,26.1,26.0,257100.0,6693432.0,2020,5,19,13,30,2020-05-19 13:30
466,26.07,26.03,26.14,25.96,292900.0,7622704.0,2020,5,19,13,45,2020-05-19 13:45
467,26.03,26.0,26.08,25.91,301600.0,7831712.0,2020,5,19,14,0,2020-05-19 14:00
468,26.0,25.95,26.07,25.95,291000.0,7560272.0,2020,5,19,14,15,2020-05-19 14:15
469,26.05,26.08,26.15,25.98,298300.0,7770088.0,2020,5,19,14,30,2020-05-19 14:30
470,26.1,26.04,26.11,26.0,273900.0,7131504.0,2020,5,19,14,45,2020-05-19 14:45
471,26.03,26.14,26.19,26.02,749700.0,19574816.0,2020,5,19,15,0,2020-05-19 15:00
472,26.0,25.73,26.17,25.72,867400.0,22427312.0,2020,5,20,9,45,2020-05-20 09:45
473,25.73,25.62,25.75,25.52,699200.0,17908184.0,2020,5,20,10,0,2020-05-20 10:00
474,25.62,25.4,25.68,25.4,669100.0,17090348.0,2020,5,20,10,15,2020-05-20 10:15
475,25.41,25.42,25.51,25.38,408600.0,10392284.0,2020,5,20,10,30,2020-05-20 10:30
476,25.42,25.47,25.47,25.32,370400.0,9404464.0,2020,5,20,10,45,2020-05-20 10:45
477,25.47,25.6,25.72,25.47,208400.0,5330400.0,2020,5,20,11,0,2020-05-20 11:00
478,25.61,25.42,25.61,25.37,243100.0,6188856.0,2020,5,20,11,15,2020-05-20 11:15
479,25.42,25.34,25.42,25.32,197700.0,5012784.0,2020,5,20,11,30,2020-05-20 11:30
480,25.31,25.36,25.39,25.26,306600.0,7759720.0,2020,5,20,13,15,2020-05-20 13:15
481,25.36,25.44,25.45,25.3,131500.0,3337296.0,2020,5,20,13,30,2020-05-20 13:30
482,25.45,25.35,25.47,25.3,114800.0,2914280.0,2020,5,20,13,45,2020-05-20 13:45
483,25.35,25.3,25.37,25.25,245900.0,6222024.0,2020,5,20,14,0,2020-05-20 14:00
484,25.32,24.95,25.32,24.94,727400.0,18266712.0,2020,5,20,14,15,2020-05-20 14:15
485,24.97,25.01,25.15,24.96,412300.0,10319272.0,2020,5,20,14,30,2020-05-20 14:30
486,25.01,24.8,25.06,24.73,853300.0,21221248.0,2020,5,20,14,45,2020-05-20 14:45
487,24.8,25.0,25.01,24.8,595400.0,14826304.0,2020,5,20,15,0,2020-05-20 15:00
488,25.1,24.83,25.15,24.67,532500.0,13233648.0,2020,5,21,9,45,2020-05-21 09:45
489,24.81,24.68,24.84,24.56,527500.0,13022212.0,2020,5,21,10,0,2020-05-21 10:00
490,24.7,24.63,24.75,24.45,382300.0,9404552.0,2020,5,21,10,15,2020-05-21 10:15
491,24.6,24.66,24.77,24.52,206100.0,5087948.0,2020,5,21,10,30,2020-05-21 10:30
492,24.64,25.13,25.2,24.64,466100.0,11663108.0,2020,5,21,10,45,2020-05-21 10:45
493,25.13,25.24,25.38,25.13,360600.0,9099868.0,2020,5,21,11,0,2020-05-21 11:00
494,25.22,25.31,25.35,25.13,504600.0,12738280.0,2020,5,21,11,15,2020-05-21 11:15
495,25.31,25.08,25.31,25.0,145200.0,3651224.0,2020,5,21,11,30,2020-05-21 11:30
496,25.08,25.0,25.09,24.95,139500.0,3491304.0,2020,5,21,13,15,2020-05-21 13:15
497,25.01,24.83,25.09,24.83,126700.0,3163360.0,2020,5,21,13,30,2020-05-21 13:30
498,24.84,25.0,25.0,24.76,108300.0,2691016.0,2020,5,21,13,45,2020-05-21 13:45
499,24.99,25.02,25.18,24.87,272000.0,6820808.0,2020,5,21,14,0,2020-05-21 14:00
500,25.03,24.89,25.04,24.79,129400.0,3223408.0,2020,5,21,14,15,2020-05-21 14:15
501,24.91,24.91,24.99,24.79,193500.0,4811688.0,2020,5,21,14,30,2020-05-21 14:30
502,24.91,24.84,24.91,24.67,244300.0,6056312.0,2020,5,21,14,45,2020-05-21 14:45
503,24.85,24.81,24.92,24.79,329200.0,8176256.0,2020,5,21,15,0,2020-05-21 15:00
504,24.72,24.77,24.81,24.48,426800.0,10508597.0,2020,5,22,9,45,2020-05-22 09:45
505,24.77,24.83,24.9,24.59,307500.0,7608513.0,2020,5,22,10,0,2020-05-22 10:00
506,24.77,24.8,24.85,24.68,176800.0,4379604.0,2020,5,22,10,15,2020-05-22 10:15
507,24.83,24.55,24.83,24.53,189800.0,4681328.0,2020,5,22,10,30,2020-05-22 10:30
508,24.58,24.32,24.62,24.28,387500.0,9484682.0,2020,5,22,10,45,2020-05-22 10:45
509,24.33,24.33,24.43,24.27,216200.0,5260792.0,2020,5,22,11,0,2020-05-22 11:00
510,24.34,24.26,24.5,24.26,215800.0,5258460.0,2020,5,22,11,15,2020-05-22 11:15
511,24.25,24.24,24.29,24.15,171900.0,4164436.0,2020,5,22,11,30,2020-05-22 11:30
512,24.24,24.03,24.24,23.8,570800.0,13705516.0,2020,5,22,13,15,2020-05-22 13:15
513,24.04,24.0,24.05,23.85,263600.0,6310824.0,2020,5,22,13,30,2020-05-22 13:30
514,24.0,23.89,24.09,23.79,311700.0,7466808.0,2020,5,22,13,45,2020-05-22 13:45
515,23.9,23.98,24.0,23.7,285000.0,6802312.0,2020,5,22,14,0,2020-05-22 14:00
516,23.97,24.0,24.11,23.9,157700.0,3788288.0,2020,5,22,14,15,2020-05-22 14:15
517,24.0,24.05,24.15,23.97,153500.0,3696816.0,2020,5,22,14,30,2020-05-22 14:30
518,24.05,23.86,24.09,23.82,265300.0,6361480.0,2020,5,22,14,45,2020-05-22 14:45
519,23.86,23.79,24.0,23.77,478800.0,11410000.0,2020,5,22,15,0,2020-05-22 15:00
520,23.83,23.81,23.89,23.32,465900.0,11016928.0,2020,5,25,9,45,2020-05-25 09:45
521,23.79,23.92,24.01,23.61,255600.0,6091660.0,2020,5,25,10,0,2020-05-25 10:00
522,23.94,23.84,23.95,23.79,202400.0,4830222.0,2020,5,25,10,15,2020-05-25 10:15
523,23.84,23.9,23.91,23.78,147900.0,3525034.0,2020,5,25,10,30,2020-05-25 10:30
524,23.9,23.89,23.94,23.86,129500.0,3095042.0,2020,5,25,10,45,2020-05-25 10:45
525,23.88,24.14,24.19,23.88,234500.0,5642714.0,2020,5,25,11,0,2020-05-25 11:00
526,24.13,24.23,24.3,24.1,229200.0,5553776.0,2020,5,25,11,15,2020-05-25 11:15
527,24.28,24.14,24.28,24.09,136900.0,3307976.0,2020,5,25,11,30,2020-05-25 11:30
528,24.14,24.1,24.16,24.06,62600.0,1509092.0,2020,5,25,13,15,2020-05-25 13:15
529,24.1,24.02,24.13,23.97,81200.0,1953648.0,2020,5,25,13,30,2020-05-25 13:30
530,24.07,24.0,24.08,23.97,162900.0,3911116.0,2020,5,25,13,45,2020-05-25 13:45
531,24.01,24.02,24.09,23.99,112900.0,2712760.0,2020,5,25,14,0,2020-05-25 14:00
532,24.03,24.02,24.08,23.95,147800.0,3551832.0,2020,5,25,14,15,2020-05-25 14:15
533,24.05,24.04,24.06,23.95,60800.0,1457968.0,2020,5,25,14,30,2020-05-25 14:30
534,24.05,24.18,24.18,24.03,180900.0,4359476.0,2020,5,25,14,45,2020-05-25 14:45
535,24.18,24.21,24.29,24.13,250800.0,6070708.0,2020,5,25,15,0,2020-05-25 15:00
536,24.36,24.55,24.55,24.18,373600.0,9086933.0,2020,5,26,9,45,2020-05-26 09:45
537,24.55,24.66,24.68,24.41,474300.0,11639565.0,2020,5,26,10,0,2020-05-26 10:00
538,24.64,24.32,24.64,24.25,331100.0,8085098.0,2020,5,26,10,15,2020-05-26 10:15
539,24.32,24.56,24.56,24.32,162600.0,3973966.0,2020,5,26,10,30,2020-05-26 10:30
540,24.56,24.38,24.58,24.38,134700.0,3295174.0,2020,5,26,10,45,2020-05-26 10:45
541,24.37,24.29,24.4,24.27,162300.0,3944688.0,2020,5,26,11,0,2020-05-26 11:00
542,24.29,24.31,24.34,24.25,155400.0,3773412.0,2020,5,26,11,15,2020-05-26 11:15
543,24.32,24.3,24.34,24.25,91300.0,2218712.0,2020,5,26,11,30,2020-05-26 11:30
544,24.33,24.35,24.43,24.3,118800.0,2893400.0,2020,5,26,13,15,2020-05-26 13:15
545,24.36,24.62,24.67,24.32,271400.0,6656460.0,2020,5,26,13,30,2020-05-26 13:30
546,24.62,24.5,24.62,24.47,246400.0,6045204.0,2020,5,26,13,45,2020-05-26 13:45
547,24.5,24.67,24.7,24.48,329200.0,8115596.0,2020,5,26,14,0,2020-05-26 14:00
548,24.67,24.75,24.88,24.6,516700.0,12797768.0,2020,5,26,14,15,2020-05-26 14:15
549,24.76,24.77,24.8,24.71,186000.0,4605280.0,2020,5,26,14,30,2020-05-26 14:30
550,24.78,24.94,24.97,24.77,687500.0,17121464.0,2020,5,26,14,45,2020-05-26 14:45
551,24.95,24.83,24.95,24.8,337500.0,8388928.0,2020,5,26,15,0,2020-05-26 15:00
552,24.84,25.01,25.17,24.77,676300.0,16912892.0,2020,5,27,9,45,2020-05-27 09:45
553,25.06,24.81,25.1,24.81,412600.0,10284450.0,2020,5,27,10,0,2020-05-27 10:00
554,24.8,24.86,24.88,24.67,354800.0,8778834.0,2020,5,27,10,15,2020-05-27 10:15
555,24.86,25.11,25.12,24.71,417800.0,10402864.0,2020,5,27,10,30,2020-05-27 10:30
556,25.11,25.0,25.22,24.93,533100.0,13365648.0,2020,5,27,10,45,2020-05-27 10:45
557,24.99,25.2,25.25,24.96,418100.0,10521728.0,2020,5,27,11,0,2020-05-27 11:00
558,25.15,25.01,25.2,24.96,229600.0,5754128.0,2020,5,27,11,15,2020-05-27 11:15
559,25.01,25.11,25.17,24.99,92900.0,2330112.0,2020,5,27,11,30,2020-05-27 11:30
560,25.11,24.94,25.13,24.9,185600.0,4643320.0,2020,5,27,13,15,2020-05-27 13:15
561,24.99,24.99,25.0,24.91,72600.0,1812352.0,2020,5,27,13,30,2020-05-27 13:30
562,24.98,24.85,24.98,24.81,150300.0,3736536.0,2020,5,27,13,45,2020-05-27 13:45
563,24.83,24.85,24.89,24.78,94300.0,2341384.0,2020,5,27,14,0,2020-05-27 14:00
564,24.86,24.87,24.92,24.8,122100.0,3033008.0,2020,5,27,14,15,2020-05-27 14:15
565,24.86,24.68,24.88,24.66,294600.0,7283960.0,2020,5,27,14,30,2020-05-27 14:30
566,24.68,24.61,24.76,24.55,310700.0,7656136.0,2020,5,27,14,45,2020-05-27 14:45
567,24.61,24.59,24.67,24.51,302300.0,7429024.0,2020,5,27,15,0,2020-05-27 15:00
568,24.6,24.83,24.87,24.27,715600.0,17563616.0,2020,5,28,9,45,2020-05-28 09:45
569,24.83,24.91,25.05,24.81,443300.0,11051840.0,2020,5,28,10,0,2020-05-28 10:00
570,24.88,25.2,25.2,24.8,736900.0,18431992.0,2020,5,28,10,15,2020-05-28 10:15
571,25.2,24.98,25.23,24.8,505600.0,12695328.0,2020,5,28,10,30,2020-05-28 10:30
572,24.97,24.97,25.03,24.84,234500.0,5848980.0,2020,5,28,10,45,2020-05-28 10:45
573,24.97,24.94,25.01,24.88,95500.0,2383476.0,2020,5,28,11,0,2020-05-28 11:00
574,24.96,24.75,24.98,24.74,199200.0,4948264.0,2020,5,28,11,15,2020-05-28 11:15
575,24.74,24.65,24.81,24.58,220400.0,5436464.0,2020,5,28,11,30,2020-05-28 11:30
576,24.59,24.61,24.68,24.51,144100.0,3541040.0,2020,5,28,13,15,2020-05-28 13:15
577,24.64,24.72,24.79,24.6,100500.0,2480576.0,2020,5,28,13,30,2020-05-28 13:30
578,24.71,24.66,24.87,24.65,242200.0,5999472.0,2020,5,28,13,45,2020-05-28 13:45
579,24.67,24.65,24.73,24.5,134100.0,3302200.0,2020,5,28,14,0,2020-05-28 14:00
580,24.63,24.81,24.85,24.6,158500.0,3921576.0,2020,5,28,14,15,2020-05-28 14:15
581,24.8,24.99,25.12,24.8,660100.0,16502000.0,2020,5,28,14,30,2020-05-28 14:30
582,24.99,25.07,25.16,24.96,420200.0,10532768.0,2020,5,28,14,45,2020-05-28 14:45
583,25.08,25.27,25.3,25.0,740500.0,18648744.0,2020,5,28,15,0,2020-05-28 15:00
584,25.1,24.91,25.1,24.81,713700.0,17807856.0,2020,5,29,9,45,2020-05-29 09:45
585,24.96,24.83,25.05,24.82,474400.0,11831096.0,2020,5,29,10,0,2020-05-29 10:00
586,24.87,24.89,25.03,24.84,221900.0,5527012.0,2020,5,29,10,15,2020-05-29 10:15
587,24.88,25.03,25.08,24.88,210000.0,5248932.0,2020,5,29,10,30,2020-05-29 10:30
588,25.01,25.01,25.1,24.95,183200.0,4580240.0,2020,5,29,10,45,2020-05-29 10:45
589,25.01,25.07,25.1,24.97,165400.0,4142036.0,2020,5,29,11,0,2020-05-29 11:00
590,25.05,24.92,25.07,24.92,168900.0,4220388.0,2020,5,29,11,15,2020-05-29 11:15
591,24.92,24.83,24.95,24.7,456300.0,11325284.0,2020,5,29,11,30,2020-05-29 11:30
592,24.86,24.77,24.89,24.75,167900.0,4165020.0,2020,5,29,13,15,2020-05-29 13:15
593,24.84,24.76,24.86,24.76,123000.0,3051104.0,2020,5,29,13,30,2020-05-29 13:30
594,24.76,24.88,24.95,24.7,349900.0,8676584.0,2020,5,29,13,45,2020-05-29 13:45
595,24.88,24.85,24.94,24.81,215700.0,5365824.0,2020,5,29,14,0,2020-05-29 14:00
596,24.86,24.82,24.88,24.72,205700.0,5099832.0,2020,5,29,14,15,2020-05-29 14:15
597,24.85,24.84,24.9,24.78,138200.0,3433160.0,2020,5,29,14,30,2020-05-29 14:30
598,24.85,24.77,24.88,24.77,121800.0,3025032.0,2020,5,29,14,45,2020-05-29 14:45
599,24.78,24.84,24.88,24.74,304600.0,7559232.0,2020,5,29,15,0,2020-05-29 15:00
600,25.2,25.29,25.38,24.91,683400.0,17168228.0,2020,6,1,9,45,2020-06-01 09:45
601,25.3,25.28,25.36,25.2,414000.0,10463884.0,2020,6,1,10,0,2020-06-01 10:00
602,25.28,25.39,25.46,25.27,426900.0,10837608.0,2020,6,1,10,15,2020-06-01 10:15
603,25.38,25.37,25.39,25.24,266200.0,6737412.0,2020,6,1,10,30,2020-06-01 10:30
604,25.37,25.4,25.55,25.3,433400.0,11023320.0,2020,6,1,10,45,2020-06-01 10:45
605,25.41,25.39,25.5,25.35,202200.0,5139996.0,2020,6,1,11,0,2020-06-01 11:00
606,25.39,25.37,25.55,25.36,216500.0,5511212.0,2020,6,1,11,15,2020-06-01 11:15
607,25.36,25.45,25.48,25.32,128600.0,3267236.0,2020,6,1,11,30,2020-06-01 11:30
608,25.46,25.54,25.57,25.43,229000.0,5840048.0,2020,6,1,13,15,2020-06-01 13:15
609,25.53,25.5,25.54,25.44,180500.0,4603544.0,2020,6,1,13,30,2020-06-01 13:30
610,25.5,25.58,25.65,25.5,331200.0,8470816.0,2020,6,1,13,45,2020-06-01 13:45
611,25.58,25.63,25.75,25.58,378200.0,9711328.0,2020,6,1,14,0,2020-06-01 14:00
612,25.63,25.53,25.69,25.5,176200.0,4510000.0,2020,6,1,14,15,2020-06-01 14:15
613,25.53,25.54,25.54,25.41,210000.0,5353960.0,2020,6,1,14,30,2020-06-01 14:30
614,25.54,25.58,25.63,25.5,231500.0,5916368.0,2020,6,1,14,45,2020-06-01 14:45
615,25.58,25.52,25.6,25.48,372000.0,9501184.0,2020,6,1,15,0,2020-06-01 15:00
616,25.52,25.6,25.62,25.4,496600.0,12667106.0,2020,6,2,9,45,2020-06-02 09:45
617,25.61,25.72,25.76,25.48,361500.0,9265358.0,2020,6,2,10,0,2020-06-02 10:00
618,25.73,25.88,25.97,25.66,516700.0,13349348.0,2020,6,2,10,15,2020-06-02 10:15
619,25.86,25.64,25.86,25.64,280000.0,7206000.0,2020,6,2,10,30,2020-06-02 10:30
620,25.65,25.62,25.65,25.51,402100.0,10279528.0,2020,6,2,10,45,2020-06-02 10:45
621,25.62,25.59,25.71,25.52,202400.0,5180736.0,2020,6,2,11,0,2020-06-02 11:00
622,25.58,25.5,25.64,25.5,146900.0,3754372.0,2020,6,2,11,15,2020-06-02 11:15
623,25.52,25.43,25.52,25.4,238000.0,6055008.0,2020,6,2,11,30,2020-06-02 11:30
624,25.43,25.54,25.54,25.43,169100.0,4305944.0,2020,6,2,13,15,2020-06-02 13:15
625,25.54,25.53,25.57,25.48,171000.0,4362744.0,2020,6,2,13,30,2020-06-02 13:30
626,25.53,25.5,25.53,25.45,143500.0,3657272.0,2020,6,2,13,45,2020-06-02 13:45
627,25.5,25.62,25.69,25.49,185900.0,4754248.0,2020,6,2,14,0,2020-06-02 14:00
628,25.61,25.52,25.63,25.51,155700.0,3981064.0,2020,6,2,14,15,2020-06-02 14:15
629,25.51,25.42,25.54,25.37,192500.0,4896040.0,2020,6,2,14,30,2020-06-02 14:30
630,25.43,25.38,25.45,25.35,211900.0,5379504.0,2020,6,2,14,45,2020-06-02 14:45
631,25.4,25.48,25.61,25.33,365300.0,9299280.0,2020,6,2,15,0,2020-06-02 15:00
632,25.54,25.35,25.66,25.3,398900.0,10131694.0,2020,6,3,9,45,2020-06-03 09:45
633,25.37,25.18,25.39,25.15,458100.0,11566350.0,2020,6,3,10,0,2020-06-03 10:00
634,25.18,25.05,25.18,24.95,681700.0,17061448.0,2020,6,3,10,15,2020-06-03 10:15
635,25.05,25.0,25.1,24.96,248900.0,6225864.0,2020,6,3,10,30,2020-06-03 10:30
636,25.0,25.04,25.08,24.92,189500.0,4732576.0,2020,6,3,10,45,2020-06-03 10:45
637,25.03,25.08,25.1,24.98,119200.0,2982616.0,2020,6,3,11,0,2020-06-03 11:00
638,25.08,25.0,25.08,24.98,135400.0,3388744.0,2020,6,3,11,15,2020-06-03 11:15
639,25.01,25.12,25.17,24.99,205700.0,5156732.0,2020,6,3,11,30,2020-06-03 11:30
640,25.09,25.1,25.17,25.0,176400.0,4425172.0,2020,6,3,13,15,2020-06-03 13:15
641,25.09,25.05,25.15,25.05,176300.0,4425724.0,2020,6,3,13,30,2020-06-03 13:30
642,25.04,25.04,25.12,25.0,114200.0,2863568.0,2020,6,3,13,45,2020-06-03 13:45
643,25.05,25.08,25.12,25.03,131000.0,3284960.0,2020,6,3,14,0,2020-06-03 14:00
644,25.09,25.0,25.1,24.99,167700.0,4200480.0,2020,6,3,14,15,2020-06-03 14:15
645,25.0,24.87,25.04,24.85,395400.0,9853504.0,2020,6,3,14,30,2020-06-03 14:30
646,24.86,24.83,24.9,24.78,383400.0,9519664.0,2020,6,3,14,45,2020-06-03 14:45
647,24.83,24.76,24.84,24.71,419200.0,10379384.0,2020,6,3,15,0,2020-06-03 15:00
648,24.75,24.71,24.88,24.6,317500.0,7843918.5,2020,6,4,9,45,2020-06-04 09:45
649,24.71,24.77,24.95,24.61,177500.0,4406433.5,2020,6,4,10,0,2020-06-04 10:00
650,24.77,24.76,24.8,24.72,89200.0,2208680.0,2020,6,4,10,15,2020-06-04 10:15
651,24.76,24.69,24.8,24.52,249000.0,6144414.0,2020,6,4,10,30,2020-06-04 10:30
652,24.67,24.72,24.78,24.67,91000.0,2252808.0,2020,6,4,10,45,2020-06-04 10:45
653,24.72,24.76,24.76,24.65,48000.0,1185454.0,2020,6,4,11,0,2020-06-04 11:00
654,24.75,24.69,24.78,24.69,129800.0,3211198.0,2020,6,4,11,15,2020-06-04 11:15
655,24.69,24.76,24.76,24.67,128700.0,3177644.0,2020,6,4,11,30,2020-06-04 11:30
656,24.76,24.82,24.85,24.68,171000.0,4235478.0,2020,6,4,13,15,2020-06-04 13:15
657,24.83,24.89,24.9,24.77,264800.0,6586548.0,2020,6,4,13,30,2020-06-04 13:30
658,24.89,25.0,25.02,24.84,389100.0,9690076.0,2020,6,4,13,45,2020-06-04 13:45
659,25.0,24.9,25.06,24.9,229700.0,5736548.0,2020,6,4,14,0,2020-06-04 14:00
660,24.9,25.01,25.02,24.9,115300.0,2879880.0,2020,6,4,14,15,2020-06-04 14:15
661,25.0,24.98,25.01,24.94,76700.0,1915268.0,2020,6,4,14,30,2020-06-04 14:30
662,24.98,24.96,24.99,24.9,137200.0,3421868.0,2020,6,4,14,45,2020-06-04 14:45
663,24.93,25.02,25.12,24.93,496000.0,12426920.0,2020,6,4,15,0,2020-06-04 15:00
664,25.02,24.85,25.06,24.83,221500.0,5519823.0,2020,6,5,9,45,2020-06-05 09:45
665,24.86,24.92,24.95,24.77,168700.0,4190361.0,2020,6,5,10,0,2020-06-05 10:00
666,24.89,24.78,24.89,24.72,223700.0,5544391.0,2020,6,5,10,15,2020-06-05 10:15
667,24.78,24.81,24.87,24.78,122200.0,3033437.0,2020,6,5,10,30,2020-06-05 10:30
668,24.81,24.83,24.87,24.76,96500.0,2394408.0,2020,6,5,10,45,2020-06-05 10:45
669,24.83,24.83,24.88,24.82,82900.0,2059560.0,2020,6,5,11,0,2020-06-05 11:00
670,24.83,24.79,24.83,24.78,72800.0,1805320.0,2020,6,5,11,15,2020-06-05 11:15
671,24.79,24.64,24.79,24.58,252500.0,6232836.0,2020,6,5,11,30,2020-06-05 11:30
672,24.64,24.58,24.67,24.53,154300.0,3793772.0,2020,6,5,13,15,2020-06-05 13:15
673,24.58,24.64,24.67,24.53,113400.0,2790444.0,2020,6,5,13,30,2020-06-05 13:30
674,24.67,24.57,24.68,24.56,173900.0,4280188.0,2020,6,5,13,45,2020-06-05 13:45
675,24.58,24.65,24.66,24.58,88200.0,2171608.0,2020,6,5,14,0,2020-06-05 14:00
676,24.65,24.69,24.71,24.61,88500.0,2181164.0,2020,6,5,14,15,2020-06-05 14:15
677,24.68,24.71,24.73,24.63,92500.0,2283860.0,2020,6,5,14,30,2020-06-05 14:30
678,24.73,24.66,24.73,24.62,149600.0,3688084.0,2020,6,5,14,45,2020-06-05 14:45
679,24.66,24.67,24.69,24.63,255900.0,6309712.0,2020,6,5,15,0,2020-06-05 15:00
680,24.89,24.76,24.89,24.57,307900.0,7615191.0,2020,6,8,9,45,2020-06-08 09:45
681,24.76,24.71,24.76,24.63,177100.0,4375101.0,2020,6,8,10,0,2020-06-08 10:00
682,24.71,24.66,24.76,24.64,82700.0,2039850.0,2020,6,8,10,15,2020-06-08 10:15
683,24.66,24.58,24.66,24.57,199200.0,4902726.0,2020,6,8,10,30,2020-06-08 10:30
684,24.58,24.6,24.6,24.45,191700.0,4702118.0,2020,6,8,10,45,2020-06-08 10:45
685,24.6,24.5,24.64,24.5,66700.0,1639410.0,2020,6,8,11,0,2020-06-08 11:00
686,24.5,24.51,24.56,24.45,94900.0,2325648.0,2020,6,8,11,15,2020-06-08 11:15
687,24.52,24.51,24.52,24.46,132600.0,3247422.0,2020,6,8,11,30,2020-06-08 11:30
688,24.57,24.37,24.57,24.36,184200.0,4503942.0,2020,6,8,13,15,2020-06-08 13:15
689,24.38,24.28,24.43,24.26,191400.0,4654088.0,2020,6,8,13,30,2020-06-08 13:30
690,24.28,24.3,24.41,24.26,184400.0,4482096.0,2020,6,8,13,45,2020-06-08 13:45
691,24.3,24.18,24.3,24.1,280400.0,6786364.0,2020,6,8,14,0,2020-06-08 14:00
692,24.18,24.2,24.27,24.07,212700.0,5140692.0,2020,6,8,14,15,2020-06-08 14:15
693,24.2,24.17,24.25,24.14,128000.0,3095640.0,2020,6,8,14,30,2020-06-08 14:30
694,24.18,24.09,24.18,24.08,167700.0,4044100.0,2020,6,8,14,45,2020-06-08 14:45
695,24.09,24.06,24.14,24.02,417600.0,10051548.0,2020,6,8,15,0,2020-06-08 15:00
696,24.01,24.03,24.2,23.87,261700.0,6290240.0,2020,6,9,9,45,2020-06-09 09:45
697,24.0,23.94,24.09,23.94,183200.0,4399491.0,2020,6,9,10,0,2020-06-09 10:00
698,23.97,24.12,24.15,23.94,180600.0,4334937.0,2020,6,9,10,15,2020-06-09 10:15
699,24.12,24.11,24.15,24.09,103900.0,2506694.0,2020,6,9,10,30,2020-06-09 10:30
700,24.11,24.13,24.14,24.1,51100.0,1232460.0,2020,6,9,10,45,2020-06-09 10:45
701,24.13,24.23,24.28,24.12,199300.0,4823528.0,2020,6,9,11,0,2020-06-09 11:00
702,24.22,24.1,24.22,24.09,104600.0,2526738.0,2020,6,9,11,15,2020-06-09 11:15
703,24.1,24.18,24.18,24.08,71700.0,1729058.0,2020,6,9,11,30,2020-06-09 11:30
704,24.19,24.18,24.24,24.15,118000.0,2854970.0,2020,6,9,13,15,2020-06-09 13:15
705,24.18,24.21,24.26,24.18,56200.0,1361400.0,2020,6,9,13,30,2020-06-09 13:30
706,24.2,24.16,24.22,24.15,47600.0,1150210.0,2020,6,9,13,45,2020-06-09 13:45
707,24.16,24.18,24.22,24.15,56500.0,1366450.0,2020,6,9,14,0,2020-06-09 14:00
708,24.18,24.08,24.2,24.03,127300.0,3070900.0,2020,6,9,14,15,2020-06-09 14:15
709,24.07,24.06,24.14,24.06,46500.0,1119772.0,2020,6,9,14,30,2020-06-09 14:30
710,24.06,24.13,24.13,24.04,103600.0,2494672.0,2020,6,9,14,45,2020-06-09 14:45
711,24.11,24.24,24.24,24.11,143700.0,3477292.0,2020,6,9,15,0,2020-06-09 15:00
712,24.14,24.23,24.33,24.06,235600.0,5706656.5,2020,6,10,9,45,2020-06-10 09:45
713,24.24,24.25,24.39,24.23,146400.0,3557948.5,2020,6,10,10,0,2020-06-10 10:00
714,24.25,24.2,24.25,24.11,111400.0,2696064.0,2020,6,10,10,15,2020-06-10 10:15
715,24.21,24.17,24.22,24.17,52200.0,1263574.0,2020,6,10,10,30,2020-06-10 10:30
716,24.17,24.08,24.17,24.02,116500.0,2808315.0,2020,6,10,10,45,2020-06-10 10:45
717,24.08,24.09,24.1,24.04,45900.0,1104698.0,2020,6,10,11,0,2020-06-10 11:00
718,24.08,24.05,24.08,24.02,46900.0,1128126.0,2020,6,10,11,15,2020-06-10 11:15
719,24.06,24.09,24.12,24.03,45500.0,1094656.0,2020,6,10,11,30,2020-06-10 11:30
720,24.1,24.07,24.1,24.04,67000.0,1612794.0,2020,6,10,13,15,2020-06-10 13:15
721,24.07,24.07,24.1,24.02,75400.0,1813418.0,2020,6,10,13,30,2020-06-10 13:30
722,24.1,24.04,24.12,24.04,65800.0,1584482.0,2020,6,10,13,45,2020-06-10 13:45
723,24.05,23.97,24.05,23.94,218300.0,5236148.0,2020,6,10,14,0,2020-06-10 14:00
724,23.97,23.94,23.98,23.91,125500.0,3005354.0,2020,6,10,14,15,2020-06-10 14:15
725,23.93,23.92,24.0,23.92,109800.0,2630274.0,2020,6,10,14,30,2020-06-10 14:30
726,23.93,23.88,23.95,23.82,241300.0,5763664.0,2020,6,10,14,45,2020-06-10 14:45
727,23.92,23.9,23.92,23.85,237000.0,5659264.0,2020,6,10,15,0,2020-06-10 15:00
728,23.82,23.94,24.0,23.77,234200.0,5585935.0,2020,6,11,9,45,2020-06-11 09:45
729,23.94,24.16,24.21,23.94,264300.0,6370589.0,2020,6,11,10,0,2020-06-11 10:00
730,24.18,24.29,24.35,24.12,179700.0,4350432.0,2020,6,11,10,15,2020-06-11 10:15
731,24.3,24.29,24.37,24.28,163000.0,3964348.0,2020,6,11,10,30,2020-06-11 10:30
732,24.3,24.23,24.33,24.23,95200.0,2310384.0,2020,6,11,10,45,2020-06-11 10:45
733,24.23,24.3,24.35,24.22,133600.0,3245736.0,2020,6,11,11,0,2020-06-11 11:00
734,24.29,24.42,24.46,24.28,251200.0,6122588.0,2020,6,11,11,15,2020-06-11 11:15
735,24.41,24.55,24.58,24.38,236700.0,5800972.0,2020,6,11,11,30,2020-06-11 11:30
736,24.55,24.3,24.55,24.25,110600.0,2694776.0,2020,6,11,13,15,2020-06-11 13:15
737,24.29,24.22,24.29,24.18,149500.0,3621688.0,2020,6,11,13,30,2020-06-11 13:30
738,24.23,24.23,24.26,24.15,159900.0,3865904.0,2020,6,11,13,45,2020-06-11 13:45
739,24.23,24.17,24.23,24.1,147300.0,3557244.0,2020,6,11,14,0,2020-06-11 14:00
740,24.18,24.1,24.18,24.01,178200.0,4290904.0,2020,6,11,14,15,2020-06-11 14:15
741,24.12,24.13,24.15,24.01,88100.0,2121440.0,2020,6,11,14,30,2020-06-11 14:30
742,24.13,24.11,24.17,24.08,99900.0,2409964.0,2020,6,11,14,45,2020-06-11 14:45
743,24.09,24.16,24.17,24.09,131100.0,3164060.0,2020,6,11,15,0,2020-06-11 15:00
744,23.65,23.88,23.94,23.62,352800.0,8399691.0,2020,6,12,9,45,2020-06-12 09:45
745,23.84,23.92,23.92,23.79,178000.0,4246937.0,2020,6,12,10,0,2020-06-12 10:00
746,23.92,23.97,24.0,23.85,95100.0,2274157.0,2020,6,12,10,15,2020-06-12 10:15
747,23.96,23.94,24.0,23.9,79500.0,1904003.0,2020,6,12,10,30,2020-06-12 10:30
748,23.94,23.97,24.0,23.92,36200.0,867404.0,2020,6,12,10,45,2020-06-12 10:45
749,23.96,24.0,24.06,23.95,81700.0,1961782.0,2020,6,12,11,0,2020-06-12 11:00
750,24.0,24.0,24.08,23.95,62400.0,1497970.0,2020,6,12,11,15,2020-06-12 11:15
751,24.0,23.93,24.01,23.9,62600.0,1498720.0,2020,6,12,11,30,2020-06-12 11:30
752,23.96,23.79,23.96,23.77,295400.0,7039200.0,2020,6,12,13,15,2020-06-12 13:15
753,23.78,23.85,23.95,23.78,78500.0,1873024.0,2020,6,12,13,30,2020-06-12 13:30
754,23.85,23.84,23.88,23.82,65600.0,1564488.0,2020,6,12,13,45,2020-06-12 13:45
755,23.84,23.92,23.94,23.84,84100.0,2009180.0,2020,6,12,14,0,2020-06-12 14:00
756,23.92,24.04,24.07,23.92,111000.0,2663352.0,2020,6,12,14,15,2020-06-12 14:15
757,24.0,23.95,24.03,23.92,66200.0,1586632.0,2020,6,12,14,30,2020-06-12 14:30
758,23.94,23.93,23.96,23.92,88500.0,2119024.0,2020,6,12,14,45,2020-06-12 14:45
759,23.93,23.9,23.95,23.88,202100.0,4829736.0,2020,6,12,15,0,2020-06-12 15:00
760,23.8,23.83,24.12,23.8,286100.0,6849917.0,2020,6,15,9,45,2020-06-15 09:45
761,23.84,23.92,24.05,23.84,245900.0,5875908.0,2020,6,15,10,0,2020-06-15 10:00
762,23.93,23.94,23.99,23.88,76700.0,1835126.0,2020,6,15,10,15,2020-06-15 10:15
763,23.94,24.03,24.05,23.94,99300.0,2381359.0,2020,6,15,10,30,2020-06-15 10:30
764,24.03,23.96,24.08,23.96,77300.0,1857070.0,2020,6,15,10,45,2020-06-15 10:45
765,23.99,23.96,24.01,23.96,53600.0,1285640.0,2020,6,15,11,0,2020-06-15 11:00
766,23.97,23.93,23.99,23.93,71700.0,1717826.0,2020,6,15,11,15,2020-06-15 11:15
767,23.93,23.92,23.96,23.89,85200.0,2040022.0,2020,6,15,11,30,2020-06-15 11:30
768,23.92,23.77,23.94,23.75,226200.0,5390910.0,2020,6,15,13,15,2020-06-15 13:15
769,23.77,23.85,23.85,23.77,87800.0,2090428.0,2020,6,15,13,30,2020-06-15 13:30
770,23.83,23.78,23.85,23.77,122500.0,2917030.0,2020,6,15,13,45,2020-06-15 13:45
771,23.82,23.78,23.83,23.76,152300.0,3622876.0,2020,6,15,14,0,2020-06-15 14:00
772,23.78,23.76,23.84,23.76,84400.0,2006016.0,2020,6,15,14,15,2020-06-15 14:15
773,23.77,23.88,23.92,23.77,109100.0,2605892.0,2020,6,15,14,30,2020-06-15 14:30
774,23.88,23.8,23.88,23.78,117500.0,2799872.0,2020,6,15,14,45,2020-06-15 14:45
775,23.77,23.72,23.87,23.7,204500.0,4860892.0,2020,6,15,15,0,2020-06-15 15:00
776,23.85,24.2,24.28,23.85,525100.0,12658830.0,2020,6,16,9,45,2020-06-16 09:45
777,24.2,24.3,24.39,24.16,386300.0,9383188.0,2020,6,16,10,0,2020-06-16 10:00
778,24.3,24.39,24.46,24.22,405100.0,9856654.0,2020,6,16,10,15,2020-06-16 10:15
779,24.38,24.4,24.4,24.27,173800.0,4230972.0,2020,6,16,10,30,2020-06-16 10:30
780,24.4,24.48,24.52,24.35,236400.0,5782028.0,2020,6,16,10,45,2020-06-16 10:45
781,24.48,24.47,24.56,24.45,191600.0,4697384.0,2020,6,16,11,0,2020-06-16 11:00
782,24.47,24.51,24.68,24.47,320300.0,7876540.0,2020,6,16,11,15,2020-06-16 11:15
783,24.51,24.4,24.55,24.4,142300.0,3479044.0,2020,6,16,11,30,2020-06-16 11:30
784,24.41,24.41,24.57,24.41,137900.0,3376844.0,2020,6,16,13,15,2020-06-16 13:15
785,24.43,24.49,24.51,24.36,280300.0,6842540.0,2020,6,16,13,30,2020-06-16 13:30
786,24.5,24.54,24.58,24.49,150400.0,3690744.0,2020,6,16,13,45,2020-06-16 13:45
787,24.54,24.58,24.61,24.45,171900.0,4220344.0,2020,6,16,14,0,2020-06-16 14:00
788,24.58,24.57,24.68,24.55,176200.0,4339512.0,2020,6,16,14,15,2020-06-16 14:15
789,24.58,24.61,24.66,24.58,158900.0,3913392.0,2020,6,16,14,30,2020-06-16 14:30
790,24.61,24.62,24.62,24.55,143800.0,3535280.0,2020,6,16,14,45,2020-06-16 14:45
791,24.61,24.66,24.69,24.57,343500.0,8467784.0,2020,6,16,15,0,2020-06-16 15:00
792,24.99,25.1,25.18,24.71,783100.0,19548872.0,2020,6,17,9,45,2020-06-17 09:45
793,25.09,24.87,25.09,24.86,443000.0,11066590.0,2020,6,17,10,0,2020-06-17 10:00
794,24.86,24.75,24.88,24.68,311400.0,7722550.0,2020,6,17,10,15,2020-06-17 10:15
795,24.74,24.7,24.81,24.64,318900.0,7885196.0,2020,6,17,10,30,2020-06-17 10:30
796,24.7,24.83,24.83,24.66,202900.0,5017856.0,2020,6,17,10,45,2020-06-17 10:45
797,24.83,25.0,25.07,24.72,397300.0,9911812.0,2020,6,17,11,0,2020-06-17 11:00
798,25.02,24.97,25.1,24.97,197300.0,4940476.0,2020,6,17,11,15,2020-06-17 11:15
799,24.85,24.92,25.03,24.85,97500.0,2430608.0,2020,6,17,13,0,2020-06-17 13:00
