,open,close,high,low,vol,amount,year,month,day,hour,minute,datetime
0,7.0,6.98,7.0,6.97,123000.0,859157.0,2020,4,2,13,15,2020-04-02 13:15
1,6.98,6.97,6.98,6.96,100000.0,697095.0,2020,4,2,13,30,2020-04-02 13:30
2,6.97,7.01,7.01,6.96,208300.0,1456623.0,2020,4,2,13,45,2020-04-02 13:45
3,7.01,7.01,7.01,6.99,172000.0,1204394.0,2020,4,2,14,0,2020-04-02 14:00
4,7.01,7.01,7.03,7.0,268300.0,1882338.0,2020,4,2,14,15,2020-04-02 14:15
5,7.01,7.06,7.06,7.0,220400.0,1549820.0,2020,4,2,14,30,2020-04-02 14:30
6,7.05,7.05,7.06,7.03,473500.0,3337284.0,2020,4,2,14,45,2020-04-02 14:45
7,7.06,7.1,7.1,7.05,813300.0,5750756.0,2020,4,2,15,0,2020-04-02 15:00
8,7.07,7.07,7.12,7.06,611200.0,4330946.0,2020,4,3,9,45,2020-04-03 09:45
9,7.06,7.1,7.13,7.06,504600.0,3579757.0,2020,4,3,10,0,2020-04-03 10:00
10,7.1,7.07,7.11,7.06,359500.0,2544571.0,2020,4,3,10,15,2020-04-03 10:15
11,7.07,7.11,7.12,7.06,138500.0,982113.0,2020,4,3,10,30,2020-04-03 10:30
12,7.11,7.1,7.12,7.1,212400.0,1510858.0,2020,4,3,10,45,2020-04-03 10:45
13,7.11,7.1,7.11,7.08,106900.0,758966.0,2020,4,3,11,0,2020-04-03 11:00
14,7.09,7.1,7.1,7.08,68700.0,486863.0,2020,4,3,11,15,2020-04-03 11:15
15,7.09,7.06,7.09,7.05,289900.0,2047667.0,2020,4,3,11,30,2020-04-03 11:30
16,7.05,7.04,7.05,7.02,151000.0,1063399.0,2020,4,3,13,15,2020-04-03 13:15
17,7.04,7.03,7.05,7.03,148300.0,1043168.0,2020,4,3,13,30,2020-04-03 13:30
18,7.04,7.03,7.04,7.02,157600.0,1107746.0,2020,4,3,13,45,2020-04-03 13:45
19,7.03,7.03,7.04,7.02,126000.0,885686.0,2020,4,3,14,0,2020-04-03 14:00
20,7.03,7.01,7.03,7.01,197200.0,1383338.0,2020,4,3,14,15,2020-04-03 14:15
21,7.02,7.02,7.02,7.0,234100.0,1640862.0,2020,4,3,14,30,2020-04-03 14:30
22,7.02,7.03,7.03,7.01,159900.0,1123220.0,2020,4,3,14,45,2020-04-03 14:45
23,7.03,7.04,7.05,7.02,242800.0,1709348.0,2020,4,3,15,0,2020-04-03 15:00
24,7.13,7.11,7.2,7.11,663100.0,4734118.0,2020,4,7,9,45,2020-04-07 09:45
25,7.11,7.15,7.18,7.1,762500.0,5448492.0,2020,4,7,10,0,2020-04-07 10:00
26,7.15,7.15,7.17,7.13,315400.0,2255903.0,2020,4,7,10,15,2020-04-07 10:15
27,7.16,7.15,7.17,7.15,189500.0,1355285.0,2020,4,7,10,30,2020-04-07 10:30
28,7.15,7.17,7.18,7.15,238900.0,1713218.0,2020,4,7,10,45,2020-04-07 10:45
29,7.16,7.23,7.27,7.16,730900.0,5271910.0,2020,4,7,11,0,2020-04-07 11:00
30,7.23,7.25,7.25,7.22,202100.0,1461698.0,2020,4,7,11,15,2020-04-07 11:15
31,7.25,7.2,7.25,7.19,191900.0,1386298.0,2020,4,7,11,30,2020-04-07 11:30
32,7.21,7.2,7.23,7.2,92800.0,668944.0,2020,4,7,13,15,2020-04-07 13:15
33,7.2,7.19,7.21,7.18,119400.0,858998.0,2020,4,7,13,30,2020-04-07 13:30
34,7.19,7.2,7.21,7.18,217800.0,1567804.0,2020,4,7,13,45,2020-04-07 13:45
35,7.2,7.2,7.22,7.19,119900.0,864022.0,2020,4,7,14,0,2020-04-07 14:00
36,7.21,7.21,7.22,7.2,123300.0,890020.0,2020,4,7,14,15,2020-04-07 14:15
37,7.22,7.21,7.23,7.21,199600.0,1440936.0,2020,4,7,14,30,2020-04-07 14:30
38,7.22,7.21,7.23,7.21,333700.0,2408234.0,2020,4,7,14,45,2020-04-07 14:45
39,7.22,7.23,7.23,7.2,640200.0,4620340.0,2020,4,7,15,0,2020-04-07 15:00
40,7.19,7.21,7.21,7.16,504200.0,3622533.25,2020,4,8,9,45,2020-04-08 09:45
41,7.21,7.2,7.22,7.18,334300.0,2405679.25,2020,4,8,10,0,2020-04-08 10:00
42,7.21,7.23,7.24,7.19,304400.0,2198570.0,2020,4,8,10,15,2020-04-08 10:15
43,7.23,7.24,7.25,7.22,459700.0,3324096.5,2020,4,8,10,30,2020-04-08 10:30
44,7.23,7.22,7.25,7.21,473100.0,3424657.0,2020,4,8,10,45,2020-04-08 10:45
45,7.23,7.24,7.24,7.21,176900.0,1279067.0,2020,4,8,11,0,2020-04-08 11:00
46,7.24,7.24,7.24,7.22,152500.0,1102347.0,2020,4,8,11,15,2020-04-08 11:15
47,7.24,7.23,7.24,7.22,84800.0,613890.0,2020,4,8,11,30,2020-04-08 11:30
48,7.24,7.25,7.26,7.23,224600.0,1626070.0,2020,4,8,13,15,2020-04-08 13:15
49,7.25,7.24,7.26,7.24,126800.0,919646.0,2020,4,8,13,30,2020-04-08 13:30
50,7.25,7.25,7.25,7.23,149500.0,1082032.0,2020,4,8,13,45,2020-04-08 13:45
51,7.24,7.25,7.26,7.23,229800.0,1666118.0,2020,4,8,14,0,2020-04-08 14:00
52,7.25,7.22,7.26,7.22,323400.0,2338830.0,2020,4,8,14,15,2020-04-08 14:15
53,7.22,7.22,7.23,7.2,222000.0,1601426.0,2020,4,8,14,30,2020-04-08 14:30
54,7.21,7.23,7.24,7.21,235700.0,1702772.0,2020,4,8,14,45,2020-04-08 14:45
55,7.23,7.24,7.24,7.22,230500.0,1667566.0,2020,4,8,15,0,2020-04-08 15:00
56,7.28,7.27,7.3,7.23,430300.0,3123544.0,2020,4,9,9,45,2020-04-09 09:45
57,7.27,7.31,7.32,7.26,520700.0,3800199.0,2020,4,9,10,0,2020-04-09 10:00
58,7.3,7.29,7.3,7.27,192100.0,1400177.0,2020,4,9,10,15,2020-04-09 10:15
59,7.3,7.3,7.31,7.29,211300.0,1542994.0,2020,4,9,10,30,2020-04-09 10:30
60,7.3,7.26,7.31,7.26,256100.0,1866005.0,2020,4,9,10,45,2020-04-09 10:45
61,7.25,7.26,7.27,7.24,224700.0,1629814.0,2020,4,9,11,0,2020-04-09 11:00
62,7.25,7.25,7.27,7.24,144900.0,1050549.0,2020,4,9,11,15,2020-04-09 11:15
63,7.25,7.26,7.26,7.25,46800.0,339489.0,2020,4,9,11,30,2020-04-09 11:30
64,7.25,7.26,7.27,7.25,74200.0,538679.0,2020,4,9,13,15,2020-04-09 13:15
65,7.26,7.27,7.27,7.24,113300.0,821828.0,2020,4,9,13,30,2020-04-09 13:30
66,7.27,7.27,7.27,7.25,113800.0,826762.0,2020,4,9,13,45,2020-04-09 13:45
67,7.27,7.27,7.27,7.26,114300.0,830554.0,2020,4,9,14,0,2020-04-09 14:00
68,7.27,7.28,7.29,7.26,359800.0,2618554.0,2020,4,9,14,15,2020-04-09 14:15
69,7.28,7.27,7.28,7.27,143000.0,1039830.0,2020,4,9,14,30,2020-04-09 14:30
70,7.27,7.25,7.28,7.24,336800.0,2444732.0,2020,4,9,14,45,2020-04-09 14:45
71,7.25,7.24,7.25,7.24,545300.0,3949520.0,2020,4,9,15,0,2020-04-09 15:00
72,7.21,7.13,7.24,7.12,855200.0,6119101.0,2020,4,10,9,45,2020-04-10 09:45
73,7.13,7.11,7.13,7.08,546200.0,3879394.0,2020,4,10,10,0,2020-04-10 10:00
74,7.11,7.12,7.13,7.1,196000.0,1394440.0,2020,4,10,10,15,2020-04-10 10:15
75,7.13,7.11,7.14,7.1,307800.0,2190029.0,2020,4,10,10,30,2020-04-10 10:30
76,7.11,7.1,7.12,7.08,420900.0,2988348.0,2020,4,10,10,45,2020-04-10 10:45
77,7.1,7.1,7.11,7.09,213500.0,1515926.0,2020,4,10,11,0,2020-04-10 11:00
78,7.1,7.11,7.12,7.08,237400.0,1684994.0,2020,4,10,11,15,2020-04-10 11:15
79,7.11,7.1,7.12,7.09,238400.0,1691856.0,2020,4,10,11,30,2020-04-10 11:30
80,7.09,7.09,7.1,7.09,275100.0,1950850.0,2020,4,10,13,15,2020-04-10 13:15
81,7.09,7.0,7.1,6.99,668400.0,4711184.0,2020,4,10,13,30,2020-04-10 13:30
82,7.03,7.05,7.09,7.0,319100.0,2241786.0,2020,4,10,13,45,2020-04-10 13:45
83,7.06,7.05,7.08,7.03,90100.0,635098.0,2020,4,10,14,0,2020-04-10 14:00
84,7.06,7.05,7.06,7.03,102900.0,725174.0,2020,4,10,14,15,2020-04-10 14:15
85,7.06,7.04,7.08,7.04,136700.0,964398.0,2020,4,10,14,30,2020-04-10 14:30
86,7.05,7.03,7.06,7.03,219400.0,1544942.0,2020,4,10,14,45,2020-04-10 14:45
87,7.03,7.04,7.08,7.01,341300.0,2400028.0,2020,4,10,15,0,2020-04-10 15:00
88,6.95,6.94,7.0,6.89,544900.0,3776896.0,2020,4,13,9,45,2020-04-13 09:45
89,6.93,6.91,6.94,6.91,277400.0,1919463.0,2020,4,13,10,0,2020-04-13 10:00
90,6.91,6.93,6.95,6.91,139400.0,966499.0,2020,4,13,10,15,2020-04-13 10:15
91,6.93,6.96,6.98,6.93,99400.0,691529.5,2020,4,13,10,30,2020-04-13 10:30
92,6.95,6.96,6.97,6.94,95800.0,666084.5,2020,4,13,10,45,2020-04-13 10:45
93,6.95,6.98,6.98,6.94,93500.0,650653.0,2020,4,13,11,0,2020-04-13 11:00
94,6.98,6.95,6.98,6.95,50700.0,353215.0,2020,4,13,11,15,2020-04-13 11:15
95,6.95,6.95,6.95,6.94,105500.0,732516.0,2020,4,13,11,30,2020-04-13 11:30
96,6.94,6.9,6.94,6.89,476400.0,3291806.0,2020,4,13,13,15,2020-04-13 13:15
97,6.91,6.9,6.92,6.9,165100.0,1140104.0,2020,4,13,13,30,2020-04-13 13:30
98,6.9,6.9,6.92,6.89,181200.0,1250605.0,2020,4,13,13,45,2020-04-13 13:45
99,6.91,6.91,6.92,6.89,126100.0,870473.0,2020,4,13,14,0,2020-04-13 14:00
100,6.91,6.91,6.92,6.9,94200.0,651084.0,2020,4,13,14,15,2020-04-13 14:15
101,6.92,6.92,6.92,6.91,96400.0,666424.0,2020,4,13,14,30,2020-04-13 14:30
102,6.91,6.9,6.91,6.9,180300.0,1244798.0,2020,4,13,14,45,2020-04-13 14:45
103,6.9,6.9,6.92,6.9,302900.0,2091172.0,2020,4,13,15,0,2020-04-13 15:00
104,6.98,6.96,6.98,6.93,203100.0,1412411.0,2020,4,14,9,45,2020-04-14 09:45
105,6.96,6.99,6.99,6.95,201000.0,1401469.0,2020,4,14,10,0,2020-04-14 10:00
106,6.99,7.29,7.55,6.98,3140400.0,23000364.0,2020,4,14,10,15,2020-04-14 10:15
107,7.29,7.25,7.29,7.22,608000.0,4410520.0,2020,4,14,10,30,2020-04-14 10:30
108,7.25,7.19,7.26,7.19,519600.0,3757908.0,2020,4,14,10,45,2020-04-14 10:45
109,7.18,7.2,7.21,7.17,218600.0,1572072.0,2020,4,14,11,0,2020-04-14 11:00
110,7.2,7.19,7.21,7.19,92400.0,664952.0,2020,4,14,11,15,2020-04-14 11:15
111,7.19,7.2,7.2,7.17,128800.0,925300.0,2020,4,14,11,30,2020-04-14 11:30
112,7.2,7.18,7.21,7.17,238000.0,1710564.0,2020,4,14,13,15,2020-04-14 13:15
113,7.18,7.17,7.19,7.16,152200.0,1091656.0,2020,4,14,13,30,2020-04-14 13:30
114,7.17,7.18,7.18,7.16,233800.0,1677088.0,2020,4,14,13,45,2020-04-14 13:45
115,7.18,7.19,7.2,7.17,203400.0,1462524.0,2020,4,14,14,0,2020-04-14 14:00
116,7.19,7.19,7.2,7.18,131800.0,947888.0,2020,4,14,14,15,2020-04-14 14:15
117,7.19,7.18,7.19,7.18,192200.0,1380708.0,2020,4,14,14,30,2020-04-14 14:30
118,7.19,7.2,7.2,7.18,217100.0,1560716.0,2020,4,14,14,45,2020-04-14 14:45
119,7.2,7.22,7.25,7.18,659100.0,4755376.0,2020,4,14,15,0,2020-04-14 15:00
120,7.24,7.15,7.24,7.1,962300.0,6892736.0,2020,4,15,9,45,2020-04-15 09:45
121,7.15,7.13,7.19,7.12,364000.0,2602389.0,2020,4,15,10,0,2020-04-15 10:00
122,7.14,7.1,7.15,7.05,955100.0,6783849.0,2020,4,15,10,15,2020-04-15 10:15
123,7.11,7.11,7.13,7.06,270800.0,1923230.0,2020,4,15,10,30,2020-04-15 10:30
124,7.11,7.1,7.13,7.1,168700.0,1199804.0,2020,4,15,10,45,2020-04-15 10:45
125,7.11,7.11,7.11,7.09,98700.0,701054.0,2020,4,15,11,0,2020-04-15 11:00
126,7.11,7.12,7.12,7.1,89000.0,632912.0,2020,4,15,11,15,2020-04-15 11:15
127,7.12,7.13,7.13,7.11,110400.0,786192.0,2020,4,15,11,30,2020-04-15 11:30
128,7.12,7.14,7.14,7.11,101100.0,719788.0,2020,4,15,13,15,2020-04-15 13:15
129,7.14,7.11,7.14,7.1,95800.0,682092.0,2020,4,15,13,30,2020-04-15 13:30
130,7.1,7.08,7.12,7.08,195700.0,1389104.0,2020,4,15,13,45,2020-04-15 13:45
131,7.08,7.09,7.11,7.07,212200.0,1502942.0,2020,4,15,14,0,2020-04-15 14:00
132,7.1,7.1,7.11,7.08,88600.0,628340.0,2020,4,15,14,15,2020-04-15 14:15
133,7.1,7.07,7.11,7.06,189500.0,1341988.0,2020,4,15,14,30,2020-04-15 14:30
134,7.07,7.09,7.09,7.06,153400.0,1085326.0,2020,4,15,14,45,2020-04-15 14:45
135,7.08,7.08,7.1,7.08,315600.0,2235566.0,2020,4,15,15,0,2020-04-15 15:00
136,7.12,7.05,7.12,7.02,450200.0,3173093.0,2020,4,16,9,45,2020-04-16 09:45
137,7.04,7.05,7.06,7.04,182500.0,1286433.0,2020,4,16,10,0,2020-04-16 10:00
138,7.05,7.15,7.17,7.04,347600.0,2474331.0,2020,4,16,10,15,2020-04-16 10:15
139,7.15,7.13,7.17,7.13,352000.0,2517800.0,2020,4,16,10,30,2020-04-16 10:30
140,7.13,7.12,7.15,7.11,168800.0,1204165.0,2020,4,16,10,45,2020-04-16 10:45
141,7.11,7.1,7.13,7.1,160200.0,1140672.0,2020,4,16,11,0,2020-04-16 11:00
142,7.1,7.11,7.12,7.09,75100.0,533438.0,2020,4,16,11,15,2020-04-16 11:15
143,7.11,7.07,7.11,7.06,127500.0,903680.0,2020,4,16,11,30,2020-04-16 11:30
144,7.07,7.07,7.08,7.06,88900.0,628439.0,2020,4,16,13,15,2020-04-16 13:15
145,7.07,7.07,7.08,7.07,69100.0,488615.0,2020,4,16,13,30,2020-04-16 13:30
146,7.07,7.1,7.1,7.06,167000.0,1181646.0,2020,4,16,13,45,2020-04-16 13:45
147,7.09,7.09,7.11,7.08,104400.0,740881.0,2020,4,16,14,0,2020-04-16 14:00
148,7.08,7.08,7.09,7.08,50800.0,359932.0,2020,4,16,14,15,2020-04-16 14:15
149,7.08,7.09,7.1,7.08,104300.0,739115.0,2020,4,16,14,30,2020-04-16 14:30
150,7.09,7.1,7.1,7.07,292800.0,2075410.0,2020,4,16,14,45,2020-04-16 14:45
151,7.1,7.09,7.13,7.09,490900.0,3489332.0,2020,4,16,15,0,2020-04-16 15:00
152,7.11,7.11,7.13,7.08,453200.0,3217465.0,2020,4,17,9,45,2020-04-17 09:45
153,7.11,7.08,7.11,7.08,342700.0,2430901.0,2020,4,17,10,0,2020-04-17 10:00
154,7.08,7.1,7.11,7.08,238100.0,1688255.0,2020,4,17,10,15,2020-04-17 10:15
155,7.1,7.09,7.11,7.09,154700.0,1097220.0,2020,4,17,10,30,2020-04-17 10:30
156,7.09,7.09,7.1,7.09,108000.0,765889.0,2020,4,17,10,45,2020-04-17 10:45
157,7.09,7.1,7.11,7.09,208600.0,1480982.0,2020,4,17,11,0,2020-04-17 11:00
158,7.1,7.1,7.11,7.09,173000.0,1228337.0,2020,4,17,11,15,2020-04-17 11:15
159,7.1,7.09,7.1,7.08,328600.0,2329334.0,2020,4,17,11,30,2020-04-17 11:30
160,7.09,7.09,7.1,7.08,141300.0,1001941.0,2020,4,17,13,15,2020-04-17 13:15
161,7.09,7.08,7.1,7.08,71800.0,509092.0,2020,4,17,13,30,2020-04-17 13:30
162,7.09,7.11,7.11,7.08,186100.0,1321288.0,2020,4,17,13,45,2020-04-17 13:45
163,7.1,7.09,7.11,7.09,99900.0,709560.0,2020,4,17,14,0,2020-04-17 14:00
164,7.1,7.08,7.11,7.08,211600.0,1500078.0,2020,4,17,14,15,2020-04-17 14:15
165,7.08,7.06,7.09,7.05,260900.0,1845218.0,2020,4,17,14,30,2020-04-17 14:30
166,7.06,7.05,7.07,7.04,370900.0,2615452.0,2020,4,17,14,45,2020-04-17 14:45
167,7.05,7.05,7.07,7.04,372600.0,2627574.0,2020,4,17,15,0,2020-04-17 15:00
168,7.05,7.06,7.1,7.01,459100.0,3235735.0,2020,4,20,9,45,2020-04-20 09:45
169,7.06,7.04,7.07,7.03,143100.0,1010125.0,2020,4,20,10,0,2020-04-20 10:00
170,7.04,7.04,7.05,7.02,129500.0,911133.0,2020,4,20,10,15,2020-04-20 10:15
171,7.04,7.04,7.06,7.03,134300.0,945691.0,2020,4,20,10,30,2020-04-20 10:30
172,7.04,7.04,7.05,7.03,80600.0,567400.0,2020,4,20,10,45,2020-04-20 10:45
173,7.04,7.04,7.04,7.03,68300.0,480591.0,2020,4,20,11,0,2020-04-20 11:00
174,7.04,7.03,7.04,7.02,256400.0,1802387.0,2020,4,20,11,15,2020-04-20 11:15
175,7.03,7.05,7.06,7.03,62300.0,439161.0,2020,4,20,11,30,2020-04-20 11:30
176,7.05,7.04,7.06,7.03,66900.0,471032.0,2020,4,20,13,15,2020-04-20 13:15
177,7.04,7.03,7.04,7.02,92300.0,648958.0,2020,4,20,13,30,2020-04-20 13:30
178,7.03,7.03,7.04,7.02,109800.0,771936.0,2020,4,20,13,45,2020-04-20 13:45
179,7.04,7.05,7.05,7.03,76400.0,537854.0,2020,4,20,14,0,2020-04-20 14:00
180,7.05,7.06,7.06,7.04,159700.0,1126101.0,2020,4,20,14,15,2020-04-20 14:15
181,7.06,7.05,7.06,7.04,104700.0,738334.0,2020,4,20,14,30,2020-04-20 14:30
182,7.05,7.05,7.07,7.05,186200.0,1314130.0,2020,4,20,14,45,2020-04-20 14:45
183,7.05,7.05,7.07,7.05,295200.0,2082612.0,2020,4,20,15,0,2020-04-20 15:00
184,7.01,6.99,7.02,6.98,509400.0,3562669.5,2020,4,21,9,45,2020-04-21 09:45
185,6.99,6.98,7.0,6.98,203500.0,1421510.0,2020,4,21,10,0,2020-04-21 10:00
186,6.99,6.98,6.99,6.98,179800.0,1255656.0,2020,4,21,10,15,2020-04-21 10:15
187,6.98,6.98,6.99,6.97,377600.0,2635314.5,2020,4,21,10,30,2020-04-21 10:30
188,6.98,6.96,6.98,6.93,419300.0,2917720.0,2020,4,21,10,45,2020-04-21 10:45
189,6.96,6.97,6.97,6.96,54200.0,377342.0,2020,4,21,11,0,2020-04-21 11:00
190,6.96,6.95,6.97,6.95,98800.0,687186.0,2020,4,21,11,15,2020-04-21 11:15
191,6.96,6.93,6.96,6.93,132700.0,921178.0,2020,4,21,11,30,2020-04-21 11:30
192,6.94,6.93,6.94,6.92,151600.0,1050768.0,2020,4,21,13,15,2020-04-21 13:15
193,6.93,6.95,6.95,6.92,136000.0,943370.0,2020,4,21,13,30,2020-04-21 13:30
194,6.95,6.94,6.95,6.94,83000.0,576202.0,2020,4,21,13,45,2020-04-21 13:45
195,6.94,6.93,6.95,6.93,112400.0,780152.0,2020,4,21,14,0,2020-04-21 14:00
196,6.94,6.98,7.0,6.93,179600.0,1250232.0,2020,4,21,14,15,2020-04-21 14:15
197,6.97,6.97,6.98,6.97,75000.0,523038.0,2020,4,21,14,30,2020-04-21 14:30
198,6.97,6.97,6.99,6.97,129800.0,905366.0,2020,4,21,14,45,2020-04-21 14:45
199,6.97,6.99,6.99,6.97,255900.0,1786314.0,2020,4,21,15,0,2020-04-21 15:00
200,6.94,6.94,6.98,6.93,257100.0,1786769.0,2020,4,22,9,45,2020-04-22 09:45
201,6.94,7.22,7.28,6.94,1878500.0,13435820.0,2020,4,22,10,0,2020-04-22 10:00
202,7.22,7.15,7.22,7.14,558500.0,4001279.0,2020,4,22,10,15,2020-04-22 10:15
203,7.15,7.14,7.16,7.14,174100.0,1244728.0,2020,4,22,10,30,2020-04-22 10:30
204,7.14,7.13,7.15,7.13,188100.0,1343340.0,2020,4,22,10,45,2020-04-22 10:45
205,7.13,7.14,7.15,7.13,136000.0,970566.0,2020,4,22,11,0,2020-04-22 11:00
206,7.13,7.13,7.14,7.13,88900.0,634180.0,2020,4,22,11,15,2020-04-22 11:15
207,7.14,7.1,7.14,7.09,194300.0,1381226.0,2020,4,22,11,30,2020-04-22 11:30
208,7.12,7.1,7.13,7.1,46700.0,332170.0,2020,4,22,13,15,2020-04-22 13:15
209,7.11,7.1,7.12,7.09,84300.0,599082.0,2020,4,22,13,30,2020-04-22 13:30
210,7.12,7.12,7.12,7.1,40900.0,291046.0,2020,4,22,13,45,2020-04-22 13:45
211,7.12,7.1,7.12,7.09,158000.0,1122458.0,2020,4,22,14,0,2020-04-22 14:00
212,7.1,7.09,7.1,7.09,64100.0,454878.0,2020,4,22,14,15,2020-04-22 14:15
213,7.09,7.1,7.11,7.09,231100.0,1641188.0,2020,4,22,14,30,2020-04-22 14:30
214,7.1,7.1,7.11,7.09,145100.0,1030492.0,2020,4,22,14,45,2020-04-22 14:45
215,7.1,7.08,7.1,7.08,391000.0,2771552.0,2020,4,22,15,0,2020-04-22 15:00
216,7.16,7.05,7.16,7.05,413000.0,2923577.0,2020,4,23,9,45,2020-04-23 09:45
217,7.06,7.06,7.08,7.02,365300.0,2574170.0,2020,4,23,10,0,2020-04-23 10:00
218,7.06,7.02,7.06,7.02,411300.0,2893118.0,2020,4,23,10,15,2020-04-23 10:15
219,7.03,7.03,7.03,7.01,214600.0,1507482.0,2020,4,23,10,30,2020-04-23 10:30
220,7.03,7.06,7.09,7.03,128300.0,906219.0,2020,4,23,10,45,2020-04-23 10:45
221,7.07,7.07,7.08,7.06,108100.0,763424.0,2020,4,23,11,0,2020-04-23 11:00
222,7.08,7.07,7.09,7.06,132000.0,934105.0,2020,4,23,11,15,2020-04-23 11:15
223,7.06,7.07,7.07,7.06,73800.0,521117.0,2020,4,23,11,30,2020-04-23 11:30
224,7.06,7.06,7.07,7.06,73700.0,520781.0,2020,4,23,13,15,2020-04-23 13:15
225,7.07,7.05,7.08,7.05,90200.0,637003.0,2020,4,23,13,30,2020-04-23 13:30
226,7.06,7.05,7.06,7.04,66500.0,468961.0,2020,4,23,13,45,2020-04-23 13:45
227,7.06,7.04,7.06,7.03,110300.0,776924.0,2020,4,23,14,0,2020-04-23 14:00
228,7.05,7.05,7.06,7.04,50300.0,354672.0,2020,4,23,14,15,2020-04-23 14:15
229,7.06,7.02,7.06,7.02,233100.0,1638767.0,2020,4,23,14,30,2020-04-23 14:30
230,7.02,7.02,7.04,7.01,234500.0,1645732.0,2020,4,23,14,45,2020-04-23 14:45
231,7.02,7.0,7.02,6.99,438800.0,3071710.0,2020,4,23,15,0,2020-04-23 15:00
232,7.0,7.02,7.07,6.99,353100.0,2483163.0,2020,4,24,9,45,2020-04-24 09:45
233,7.02,7.01,7.03,7.0,192100.0,1346717.0,2020,4,24,10,0,2020-04-24 10:00
234,7.01,7.0,7.02,6.97,321500.0,2246365.5,2020,4,24,10,15,2020-04-24 10:15
235,7.0,6.98,7.01,6.98,153000.0,1069076.0,2020,4,24,10,30,2020-04-24 10:30
236,6.98,6.97,6.99,6.97,254000.0,1771461.5,2020,4,24,10,45,2020-04-24 10:45
237,6.97,6.98,6.99,6.97,48400.0,337841.0,2020,4,24,11,0,2020-04-24 11:00
238,6.98,6.98,6.99,6.98,62600.0,437034.0,2020,4,24,11,15,2020-04-24 11:15
239,6.99,6.97,6.99,6.97,167600.0,1170339.0,2020,4,24,11,30,2020-04-24 11:30
240,6.97,6.95,6.98,6.95,179600.0,1249812.0,2020,4,24,13,15,2020-04-24 13:15
241,6.95,6.96,6.96,6.95,138500.0,963215.0,2020,4,24,13,30,2020-04-24 13:30
242,6.95,6.94,6.95,6.94,286200.0,1986924.0,2020,4,24,13,45,2020-04-24 13:45
243,6.94,6.94,6.95,6.93,264700.0,1836394.0,2020,4,24,14,0,2020-04-24 14:00
244,6.94,6.93,6.94,6.92,191600.0,1328404.0,2020,4,24,14,15,2020-04-24 14:15
245,6.93,6.93,6.94,6.92,220300.0,1526764.0,2020,4,24,14,30,2020-04-24 14:30
246,6.93,6.93,6.94,6.93,290900.0,2016242.0,2020,4,24,14,45,2020-04-24 14:45
247,6.94,6.94,6.96,6.93,369800.0,2566712.0,2020,4,24,15,0,2020-04-24 15:00
248,6.95,6.9,7.0,6.89,420100.0,2909461.0,2020,4,27,9,45,2020-04-27 09:45
249,6.9,6.94,6.98,6.9,194000.0,1346333.0,2020,4,27,10,0,2020-04-27 10:00
250,6.94,6.93,6.95,6.92,124900.0,866453.0,2020,4,27,10,15,2020-04-27 10:15
251,6.92,6.95,6.95,6.91,150700.0,1043113.0,2020,4,27,10,30,2020-04-27 10:30
252,6.95,6.96,6.96,6.93,404400.0,2806222.0,2020,4,27,10,45,2020-04-27 10:45
253,6.97,7.04,7.05,6.97,584100.0,4098577.0,2020,4,27,11,0,2020-04-27 11:00
254,7.03,7.03,7.03,7.02,221200.0,1554125.0,2020,4,27,11,15,2020-04-27 11:15
255,7.02,7.0,7.03,7.0,154400.0,1082917.0,2020,4,27,11,30,2020-04-27 11:30
256,7.01,7.0,7.01,6.99,78100.0,546708.0,2020,4,27,13,15,2020-04-27 13:15
257,7.0,6.98,7.0,6.97,63900.0,446239.0,2020,4,27,13,30,2020-04-27 13:30
258,6.97,6.98,6.99,6.97,74300.0,518236.0,2020,4,27,13,45,2020-04-27 13:45
259,6.97,6.97,6.99,6.97,68200.0,475856.0,2020,4,27,14,0,2020-04-27 14:00
260,6.98,6.95,6.98,6.94,115300.0,803060.0,2020,4,27,14,15,2020-04-27 14:15
261,6.95,6.93,6.95,6.93,77300.0,536508.0,2020,4,27,14,30,2020-04-27 14:30
262,6.94,6.92,6.94,6.92,170400.0,1180020.0,2020,4,27,14,45,2020-04-27 14:45
263,6.93,6.92,6.93,6.92,229100.0,1585836.0,2020,4,27,15,0,2020-04-27 15:00
264,6.86,6.74,6.9,6.72,1347600.0,9188628.0,2020,4,28,9,45,2020-04-28 09:45
265,6.73,6.3,6.73,6.3,1274000.0,8333814.0,2020,4,28,10,0,2020-04-28 10:00
266,6.29,6.4,6.46,6.23,1639800.0,10367514.0,2020,4,28,10,15,2020-04-28 10:15
267,6.4,6.41,6.46,6.39,421900.0,2712758.0,2020,4,28,10,30,2020-04-28 10:30
268,6.4,6.46,6.47,6.4,335500.0,2160698.0,2020,4,28,10,45,2020-04-28 10:45
269,6.46,6.46,6.46,6.42,233800.0,1506156.0,2020,4,28,11,0,2020-04-28 11:00
270,6.46,6.43,6.46,6.42,212600.0,1370304.0,2020,4,28,11,15,2020-04-28 11:15
271,6.44,6.47,6.48,6.43,187200.0,1208536.0,2020,4,28,11,30,2020-04-28 11:30
272,6.48,6.46,6.48,6.44,124700.0,805736.0,2020,4,28,13,15,2020-04-28 13:15
273,6.47,6.44,6.47,6.43,143900.0,926872.0,2020,4,28,13,30,2020-04-28 13:30
274,6.44,6.42,6.44,6.41,151300.0,971476.0,2020,4,28,13,45,2020-04-28 13:45
275,6.43,6.42,6.43,6.41,142400.0,914448.0,2020,4,28,14,0,2020-04-28 14:00
276,6.42,6.42,6.43,6.41,218700.0,1404104.0,2020,4,28,14,15,2020-04-28 14:15
277,6.42,6.43,6.44,6.41,139500.0,896868.0,2020,4,28,14,30,2020-04-28 14:30
278,6.44,6.42,6.44,6.41,270300.0,1734244.0,2020,4,28,14,45,2020-04-28 14:45
279,6.42,6.42,6.42,6.4,431200.0,2764432.0,2020,4,28,15,0,2020-04-28 15:00
280,6.5,6.46,6.56,6.36,960300.0,6220559.0,2020,4,29,9,45,2020-04-29 09:45
281,6.47,6.46,6.53,6.45,392200.0,2539036.0,2020,4,29,10,0,2020-04-29 10:00
282,6.46,6.47,6.47,6.42,449900.0,2901448.0,2020,4,29,10,15,2020-04-29 10:15
283,6.47,6.45,6.47,6.45,224500.0,1450520.0,2020,4,29,10,30,2020-04-29 10:30
284,6.45,6.45,6.46,6.44,149200.0,961798.0,2020,4,29,10,45,2020-04-29 10:45
285,6.44,6.43,6.46,6.4,252100.0,1621410.0,2020,4,29,11,0,2020-04-29 11:00
286,6.43,6.4,6.43,6.38,334700.0,2142021.0,2020,4,29,11,15,2020-04-29 11:15
287,6.4,6.37,6.41,6.34,430400.0,2742826.0,2020,4,29,11,30,2020-04-29 11:30
288,6.37,6.37,6.38,6.33,297800.0,1891306.0,2020,4,29,13,15,2020-04-29 13:15
289,6.36,6.36,6.41,6.36,228300.0,1456064.0,2020,4,29,13,30,2020-04-29 13:30
290,6.35,6.38,6.38,6.34,123900.0,786644.0,2020,4,29,13,45,2020-04-29 13:45
291,6.37,6.37,6.38,6.35,108800.0,692338.0,2020,4,29,14,0,2020-04-29 14:00
292,6.37,6.35,6.37,6.35,96500.0,613536.0,2020,4,29,14,15,2020-04-29 14:15
293,6.36,6.35,6.36,6.33,412200.0,2614730.0,2020,4,29,14,30,2020-04-29 14:30
294,6.35,6.29,6.36,6.28,795400.0,5016128.0,2020,4,29,14,45,2020-04-29 14:45
295,6.3,6.32,6.34,6.29,667500.0,4220104.0,2020,4,29,15,0,2020-04-29 15:00
296,6.31,6.38,6.41,6.31,438000.0,2787297.0,2020,4,30,9,45,2020-04-30 09:45
297,6.38,6.38,6.39,6.36,337900.0,2154055.0,2020,4,30,10,0,2020-04-30 10:00
298,6.39,6.39,6.39,6.37,231200.0,1475963.0,2020,4,30,10,15,2020-04-30 10:15
299,6.39,6.38,6.39,6.36,335600.0,2141504.0,2020,4,30,10,30,2020-04-30 10:30
300,6.38,6.38,6.39,6.37,192200.0,1225568.0,2020,4,30,10,45,2020-04-30 10:45
301,6.37,6.37,6.39,6.37,281800.0,1798200.0,2020,4,30,11,0,2020-04-30 11:00
302,6.37,6.38,6.39,6.37,136000.0,867446.0,2020,4,30,11,15,2020-04-30 11:15
303,6.38,6.4,6.4,6.38,105800.0,676081.0,2020,4,30,11,30,2020-04-30 11:30
304,6.4,6.4,6.41,6.39,132500.0,848120.0,2020,4,30,13,15,2020-04-30 13:15
305,6.4,6.39,6.41,6.38,171400.0,1095586.0,2020,4,30,13,30,2020-04-30 13:30
306,6.4,6.38,6.4,6.38,174500.0,1114698.0,2020,4,30,13,45,2020-04-30 13:45
307,6.38,6.39,6.4,6.38,115400.0,737606.0,2020,4,30,14,0,2020-04-30 14:00
308,6.39,6.39,6.4,6.39,117500.0,751124.0,2020,4,30,14,15,2020-04-30 14:15
309,6.39,6.42,6.42,6.38,423500.0,2712710.0,2020,4,30,14,30,2020-04-30 14:30
310,6.41,6.4,6.41,6.39,178900.0,1145494.0,2020,4,30,14,45,2020-04-30 14:45
311,6.4,6.4,6.41,6.39,403100.0,2579674.0,2020,4,30,15,0,2020-04-30 15:00
312,6.39,6.48,6.49,6.36,1330500.0,8541137.0,2020,5,6,9,45,2020-05-06 09:45
313,6.45,6.43,6.48,6.42,257500.0,1660275.0,2020,5,6,10,0,2020-05-06 10:00
314,6.43,6.44,6.45,6.42,105600.0,679629.0,2020,5,6,10,15,2020-05-06 10:15
315,6.43,6.42,6.44,6.42,82000.0,526957.0,2020,5,6,10,30,2020-05-06 10:30
316,6.42,6.42,6.43,6.42,78700.0,505463.0,2020,5,6,10,45,2020-05-06 10:45
317,6.42,6.42,6.43,6.41,146600.0,941065.0,2020,5,6,11,0,2020-05-06 11:00
318,6.42,6.45,6.45,6.42,221100.0,1422329.0,2020,5,6,11,15,2020-05-06 11:15
319,6.45,6.44,6.45,6.42,76000.0,489296.0,2020,5,6,11,30,2020-05-06 11:30
320,6.45,6.45,6.46,6.42,104100.0,670950.0,2020,5,6,13,15,2020-05-06 13:15
321,6.45,6.45,6.46,6.44,346500.0,2235777.0,2020,5,6,13,30,2020-05-06 13:30
322,6.45,6.46,6.46,6.44,69600.0,448934.0,2020,5,6,13,45,2020-05-06 13:45
323,6.46,6.48,6.5,6.46,329600.0,2133804.0,2020,5,6,14,0,2020-05-06 14:00
324,6.48,6.45,6.49,6.45,245200.0,1586236.0,2020,5,6,14,15,2020-05-06 14:15
325,6.45,6.47,6.47,6.45,206500.0,1333288.0,2020,5,6,14,30,2020-05-06 14:30
326,6.47,6.48,6.49,6.47,157600.0,1021046.0,2020,5,6,14,45,2020-05-06 14:45
327,6.48,6.48,6.5,6.48,610000.0,3958144.0,2020,5,6,15,0,2020-05-06 15:00
328,6.5,6.5,6.56,6.48,591600.0,3848180.0,2020,5,7,9,45,2020-05-07 09:45
329,6.51,6.57,6.65,6.49,1041500.0,6838302.0,2020,5,7,10,0,2020-05-07 10:00
330,6.57,6.52,6.57,6.5,346100.0,2262858.0,2020,5,7,10,15,2020-05-07 10:15
331,6.53,6.5,6.53,6.48,231200.0,1503837.0,2020,5,7,10,30,2020-05-07 10:30
332,6.5,6.51,6.51,6.49,134400.0,873692.0,2020,5,7,10,45,2020-05-07 10:45
333,6.52,6.5,6.53,6.5,83000.0,540962.0,2020,5,7,11,0,2020-05-07 11:00
334,6.5,6.51,6.52,6.5,68400.0,444926.0,2020,5,7,11,15,2020-05-07 11:15
335,6.5,6.52,6.52,6.5,155900.0,1014815.0,2020,5,7,11,30,2020-05-07 11:30
336,6.51,6.48,6.52,6.47,191200.0,1241434.0,2020,5,7,13,15,2020-05-07 13:15
337,6.49,6.44,6.49,6.43,257500.0,1663324.0,2020,5,7,13,30,2020-05-07 13:30
338,6.44,6.45,6.45,6.44,95900.0,618346.0,2020,5,7,13,45,2020-05-07 13:45
339,6.45,6.48,6.48,6.45,111900.0,723760.0,2020,5,7,14,0,2020-05-07 14:00
340,6.47,6.47,6.47,6.46,109800.0,709732.0,2020,5,7,14,15,2020-05-07 14:15
341,6.46,6.44,6.47,6.44,134200.0,866192.0,2020,5,7,14,30,2020-05-07 14:30
342,6.45,6.44,6.46,6.43,122200.0,787606.0,2020,5,7,14,45,2020-05-07 14:45
343,6.44,6.42,6.45,6.42,404700.0,2602328.0,2020,5,7,15,0,2020-05-07 15:00
344,6.43,6.45,6.47,6.42,363200.0,2338644.0,2020,5,8,9,45,2020-05-08 09:45
345,6.44,6.5,6.55,6.44,501600.0,3256250.0,2020,5,8,10,0,2020-05-08 10:00
346,6.5,6.47,6.5,6.45,229300.0,1484833.0,2020,5,8,10,15,2020-05-08 10:15
347,6.47,6.46,6.47,6.46,65600.0,424037.0,2020,5,8,10,30,2020-05-08 10:30
348,6.46,6.45,6.46,6.44,151100.0,975123.0,2020,5,8,10,45,2020-05-08 10:45
349,6.45,6.46,6.47,6.44,176500.0,1138666.0,2020,5,8,11,0,2020-05-08 11:00
350,6.46,6.47,6.47,6.45,57800.0,373415.0,2020,5,8,11,15,2020-05-08 11:15
351,6.46,6.48,6.49,6.46,219900.0,1423108.0,2020,5,8,11,30,2020-05-08 11:30
352,6.48,6.51,6.51,6.48,249500.0,1620777.0,2020,5,8,13,15,2020-05-08 13:15
353,6.51,6.5,6.55,6.5,480000.0,3132633.0,2020,5,8,13,30,2020-05-08 13:30
354,6.5,6.51,6.52,6.49,83400.0,542669.0,2020,5,8,13,45,2020-05-08 13:45
355,6.51,6.5,6.51,6.48,197300.0,1282099.0,2020,5,8,14,0,2020-05-08 14:00
356,6.5,6.54,6.6,6.5,1023300.0,6706540.0,2020,5,8,14,15,2020-05-08 14:15
357,6.54,6.57,6.62,6.53,800000.0,5263200.0,2020,5,8,14,30,2020-05-08 14:30
358,6.57,6.54,6.58,6.54,332100.0,2177658.0,2020,5,8,14,45,2020-05-08 14:45
359,6.54,6.54,6.55,6.51,547300.0,3575556.0,2020,5,8,15,0,2020-05-08 15:00
360,6.57,6.53,6.57,6.5,684800.0,4463960.0,2020,5,11,9,45,2020-05-11 09:45
361,6.53,6.54,6.57,6.53,303100.0,1986505.0,2020,5,11,10,0,2020-05-11 10:00
362,6.55,6.56,6.57,6.53,230100.0,1508771.0,2020,5,11,10,15,2020-05-11 10:15
363,6.56,6.55,6.59,6.53,182000.0,1194147.0,2020,5,11,10,30,2020-05-11 10:30
364,6.54,6.52,6.55,6.51,238600.0,1557640.0,2020,5,11,10,45,2020-05-11 10:45
365,6.52,6.52,6.54,6.51,107300.0,699733.0,2020,5,11,11,0,2020-05-11 11:00
366,6.52,6.53,6.53,6.52,73500.0,479371.0,2020,5,11,11,15,2020-05-11 11:15
367,6.53,6.5,6.53,6.49,283900.0,1846981.0,2020,5,11,11,30,2020-05-11 11:30
368,6.5,6.46,6.5,6.46,169500.0,1099313.0,2020,5,11,13,15,2020-05-11 13:15
369,6.46,6.47,6.48,6.46,190000.0,1228600.0,2020,5,11,13,30,2020-05-11 13:30
370,6.46,6.47,6.47,6.46,166300.0,1074653.0,2020,5,11,13,45,2020-05-11 13:45
371,6.47,6.46,6.47,6.46,97700.0,631282.0,2020,5,11,14,0,2020-05-11 14:00
372,6.47,6.45,6.47,6.45,121400.0,783898.0,2020,5,11,14,15,2020-05-11 14:15
373,6.45,6.43,6.46,6.41,425400.0,2737942.0,2020,5,11,14,30,2020-05-11 14:30
374,6.43,6.43,6.45,6.43,122300.0,788006.0,2020,5,11,14,45,2020-05-11 14:45
375,6.44,6.44,6.45,6.43,322000.0,2073568.0,2020,5,11,15,0,2020-05-11 15:00
376,6.44,6.42,6.5,6.42,517600.0,3338469.0,2020,5,12,9,45,2020-05-12 09:45
377,6.4,6.4,6.43,6.4,265900.0,1704883.0,2020,5,12,10,0,2020-05-12 10:00
378,6.4,6.39,6.42,6.38,186500.0,1193342.0,2020,5,12,10,15,2020-05-12 10:15
379,6.39,6.39,6.41,6.38,194500.0,1243788.0,2020,5,12,10,30,2020-05-12 10:30
380,6.38,6.36,6.39,6.36,270000.0,1723021.0,2020,5,12,10,45,2020-05-12 10:45
381,6.36,6.37,6.37,6.35,155300.0,988356.0,2020,5,12,11,0,2020-05-12 11:00
382,6.36,6.32,6.37,6.32,225600.0,1430883.0,2020,5,12,11,15,2020-05-12 11:15
383,6.32,6.29,6.33,6.28,428100.0,2698585.0,2020,5,12,11,30,2020-05-12 11:30
384,6.29,6.3,6.31,6.25,451900.0,2832437.0,2020,5,12,13,15,2020-05-12 13:15
385,6.3,6.3,6.31,6.28,160900.0,1013056.0,2020,5,12,13,30,2020-05-12 13:30
386,6.29,6.33,6.34,6.29,130600.0,825108.0,2020,5,12,13,45,2020-05-12 13:45
387,6.32,6.31,6.34,6.31,68800.0,435226.0,2020,5,12,14,0,2020-05-12 14:00
388,6.31,6.31,6.32,6.29,121700.0,767188.0,2020,5,12,14,15,2020-05-12 14:15
389,6.31,6.31,6.32,6.3,128500.0,811132.0,2020,5,12,14,30,2020-05-12 14:30
390,6.31,6.32,6.34,6.31,121900.0,770646.0,2020,5,12,14,45,2020-05-12 14:45
391,6.31,6.35,6.35,6.31,257200.0,1630794.0,2020,5,12,15,0,2020-05-12 15:00
392,6.33,6.31,6.33,6.28,456800.0,2878037.0,2020,5,13,9,45,2020-05-13 09:45
393,6.31,6.33,6.35,6.31,305000.0,1928935.0,2020,5,13,10,0,2020-05-13 10:00
394,6.33,6.34,6.36,6.33,111400.0,706647.0,2020,5,13,10,15,2020-05-13 10:15
395,6.34,6.33,6.34,6.3,144600.0,913566.0,2020,5,13,10,30,2020-05-13 10:30
396,6.33,6.33,6.33,6.31,57500.0,363327.0,2020,5,13,10,45,2020-05-13 10:45
397,6.32,6.3,6.33,6.3,52200.0,329637.0,2020,5,13,11,0,2020-05-13 11:00
398,6.3,6.29,6.3,6.29,100600.0,633658.0,2020,5,13,11,15,2020-05-13 11:15
399,6.29,6.3,6.31,6.29,65500.0,412884.0,2020,5,13,11,30,2020-05-13 11:30
400,6.31,6.31,6.32,6.29,168500.0,1060899.0,2020,5,13,13,15,2020-05-13 13:15
401,6.31,6.32,6.32,6.3,159200.0,1004927.0,2020,5,13,13,30,2020-05-13 13:30
402,6.32,6.32,6.32,6.31,56300.0,355592.0,2020,5,13,13,45,2020-05-13 13:45
403,6.32,6.33,6.33,6.31,92000.0,581163.0,2020,5,13,14,0,2020-05-13 14:00
404,6.32,6.33,6.34,6.32,118800.0,751865.0,2020,5,13,14,15,2020-05-13 14:15
405,6.34,6.34,6.35,6.33,166500.0,1056138.0,2020,5,13,14,30,2020-05-13 14:30
406,6.34,6.34,6.35,6.33,179400.0,1137521.0,2020,5,13,14,45,2020-05-13 14:45
407,6.33,6.34,6.35,6.33,286700.0,1819007.0,2020,5,13,15,0,2020-05-13 15:00
408,6.31,6.27,6.34,6.23,414800.0,2602745.0,2020,5,14,9,45,2020-05-14 09:45
409,6.27,6.28,6.3,6.26,281100.0,1762887.0,2020,5,14,10,0,2020-05-14 10:00
410,6.28,6.28,6.29,6.26,186500.0,1170243.0,2020,5,14,10,15,2020-05-14 10:15
411,6.28,6.29,6.3,6.28,97800.0,615377.0,2020,5,14,10,30,2020-05-14 10:30
412,6.28,6.28,6.29,6.27,245500.0,1541728.0,2020,5,14,10,45,2020-05-14 10:45
413,6.28,6.28,6.28,6.27,72600.0,455362.0,2020,5,14,11,0,2020-05-14 11:00
414,6.28,6.3,6.3,6.26,71900.0,451538.0,2020,5,14,11,15,2020-05-14 11:15
415,6.3,6.3,6.3,6.28,76400.0,480960.0,2020,5,14,11,30,2020-05-14 11:30
416,6.3,6.3,6.3,6.29,41800.0,263061.0,2020,5,14,13,15,2020-05-14 13:15
417,6.3,6.3,6.3,6.29,66500.0,418725.0,2020,5,14,13,30,2020-05-14 13:30
418,6.29,6.3,6.3,6.27,102600.0,644962.0,2020,5,14,13,45,2020-05-14 13:45
419,6.29,6.28,6.29,6.27,46600.0,292637.0,2020,5,14,14,0,2020-05-14 14:00
420,6.28,6.28,6.28,6.25,265000.0,1660310.0,2020,5,14,14,15,2020-05-14 14:15
421,6.28,6.27,6.29,6.26,149300.0,937819.0,2020,5,14,14,30,2020-05-14 14:30
422,6.28,6.27,6.29,6.27,158400.0,994152.0,2020,5,14,14,45,2020-05-14 14:45
423,6.27,6.26,6.27,6.25,304400.0,1906184.0,2020,5,14,15,0,2020-05-14 15:00
424,6.36,6.49,6.57,6.32,2860300.0,18534720.0,2020,5,15,9,45,2020-05-15 09:45
425,6.49,6.44,6.5,6.44,580900.0,3752944.0,2020,5,15,10,0,2020-05-15 10:00
426,6.45,6.39,6.45,6.39,481300.0,3091644.0,2020,5,15,10,15,2020-05-15 10:15
427,6.39,6.38,6.4,6.34,462700.0,2948058.0,2020,5,15,10,30,2020-05-15 10:30
428,6.37,6.37,6.39,6.36,198900.0,1266902.0,2020,5,15,10,45,2020-05-15 10:45
429,6.37,6.39,6.39,6.37,141700.0,904352.0,2020,5,15,11,0,2020-05-15 11:00
430,6.39,6.38,6.4,6.38,160600.0,1025548.0,2020,5,15,11,15,2020-05-15 11:15
431,6.38,6.37,6.39,6.37,104900.0,668796.0,2020,5,15,11,30,2020-05-15 11:30
432,6.38,6.38,6.4,6.38,136700.0,873388.0,2020,5,15,13,15,2020-05-15 13:15
433,6.38,6.39,6.4,6.37,151700.0,967616.0,2020,5,15,13,30,2020-05-15 13:30
434,6.38,6.36,6.39,6.35,266900.0,1698144.0,2020,5,15,13,45,2020-05-15 13:45
435,6.36,6.36,6.38,6.35,104400.0,664732.0,2020,5,15,14,0,2020-05-15 14:00
436,6.36,6.35,6.36,6.35,212400.0,1348904.0,2020,5,15,14,15,2020-05-15 14:15
437,6.35,6.36,6.36,6.35,198700.0,1261948.0,2020,5,15,14,30,2020-05-15 14:30
438,6.36,6.39,6.45,6.36,495700.0,3181092.0,2020,5,15,14,45,2020-05-15 14:45
439,6.38,6.38,6.4,6.37,357300.0,2281060.0,2020,5,15,15,0,2020-05-15 15:00
440,6.31,6.21,6.32,6.1,1820300.0,11291281.0,2020,5,18,9,45,2020-05-18 09:45
441,6.2,6.18,6.2,6.15,502600.0,3106866.0,2020,5,18,10,0,2020-05-18 10:00
442,6.18,6.19,6.2,6.17,225800.0,1395928.0,2020,5,18,10,15,2020-05-18 10:15
443,6.18,6.2,6.22,6.17,227700.0,1409657.0,2020,5,18,10,30,2020-05-18 10:30
444,6.2,6.19,6.21,6.18,108800.0,674200.0,2020,5,18,10,45,2020-05-18 10:45
445,6.19,6.15,6.2,6.15,265900.0,1641818.0,2020,5,18,11,0,2020-05-18 11:00
446,6.16,6.16,6.17,6.12,348900.0,2144604.0,2020,5,18,11,15,2020-05-18 11:15
447,6.16,6.17,6.17,6.14,189800.0,1166622.0,2020,5,18,11,30,2020-05-18 11:30
448,6.17,6.15,6.17,6.14,156600.0,964052.0,2020,5,18,13,15,2020-05-18 13:15
449,6.15,6.17,6.17,6.15,178200.0,1098108.0,2020,5,18,13,30,2020-05-18 13:30
450,6.16,6.16,6.17,6.16,120100.0,740184.0,2020,5,18,13,45,2020-05-18 13:45
451,6.16,6.17,6.17,6.16,130100.0,802026.0,2020,5,18,14,0,2020-05-18 14:00
452,6.17,6.15,6.17,6.15,203800.0,1254562.0,2020,5,18,14,15,2020-05-18 14:15
453,6.14,6.14,6.15,6.13,279700.0,1718260.0,2020,5,18,14,30,2020-05-18 14:30
454,6.15,6.12,6.15,6.11,507200.0,3103132.0,2020,5,18,14,45,2020-05-18 14:45
455,6.12,6.11,6.13,6.11,413800.0,2530412.0,2020,5,18,15,0,2020-05-18 15:00
456,6.15,6.17,6.2,6.13,636000.0,3919688.0,2020,5,19,9,45,2020-05-19 09:45
457,6.17,6.14,6.17,6.13,261700.0,1610750.0,2020,5,19,10,0,2020-05-19 10:00
458,6.14,6.13,6.15,6.11,166200.0,1018432.0,2020,5,19,10,15,2020-05-19 10:15
459,6.13,6.12,6.13,6.11,130000.0,795688.0,2020,5,19,10,30,2020-05-19 10:30
460,6.13,6.09,6.13,6.08,339400.0,2070705.0,2020,5,19,10,45,2020-05-19 10:45
461,6.09,6.08,6.09,6.06,284800.0,1729472.0,2020,5,19,11,0,2020-05-19 11:00
462,6.08,6.04,6.08,6.03,306000.0,1852293.0,2020,5,19,11,15,2020-05-19 11:15
463,6.03,6.05,6.06,6.03,329400.0,1988353.0,2020,5,19,11,30,2020-05-19 11:30
464,6.05,6.08,6.08,6.05,247700.0,1501751.0,2020,5,19,13,15,2020-05-19 13:15
465,6.09,6.07,6.09,6.06,111400.0,677190.0,2020,5,19,13,30,2020-05-19 13:30
466,6.07,6.05,6.08,6.05,127600.0,773824.0,2020,5,19,13,45,2020-05-19 13:45
467,6.05,6.08,6.08,6.05,127200.0,771800.0,2020,5,19,14,0,2020-05-19 14:00
468,6.08,6.07,6.08,6.06,109800.0,666178.0,2020,5,19,14,15,2020-05-19 14:15
469,6.07,6.05,6.07,6.05,149700.0,907582.0,2020,5,19,14,30,2020-05-19 14:30
470,6.06,6.05,6.07,6.04,332200.0,2009422.0,2020,5,19,14,45,2020-05-19 14:45
471,6.05,6.06,6.07,6.05,252100.0,1527976.0,2020,5,19,15,0,2020-05-19 15:00
472,6.04,5.91,6.07,5.91,1285500.0,7683022.0,2020,5,20,9,45,2020-05-20 09:45
473,5.91,5.92,5.95,5.91,716100.0,4243651.0,2020,5,20,10,0,2020-05-20 10:00
474,5.92,5.87,5.92,5.85,1229200.0,7226057.0,2020,5,20,10,15,2020-05-20 10:15
475,5.87,5.88,5.89,5.86,353400.0,2077062.0,2020,5,20,10,30,2020-05-20 10:30
476,5.88,5.9,5.92,5.88,284600.0,1677680.0,2020,5,20,10,45,2020-05-20 10:45
477,5.9,5.88,5.91,5.88,247200.0,1455894.0,2020,5,20,11,0,2020-05-20 11:00
478,5.88,5.88,5.9,5.87,177100.0,1041408.0,2020,5,20,11,15,2020-05-20 11:15
479,5.88,5.88,5.89,5.87,200400.0,1178362.0,2020,5,20,11,30,2020-05-20 11:30
480,5.88,5.89,5.91,5.88,168300.0,991434.0,2020,5,20,13,15,2020-05-20 13:15
481,5.89,5.9,5.9,5.89,175500.0,1034178.0,2020,5,20,13,30,2020-05-20 13:30
482,5.9,5.89,5.91,5.88,134300.0,791838.0,2020,5,20,13,45,2020-05-20 13:45
483,5.89,5.89,5.89,5.88,107600.0,633032.0,2020,5,20,14,0,2020-05-20 14:00
484,5.88,5.88,5.89,5.87,239600.0,1409106.0,2020,5,20,14,15,2020-05-20 14:15
485,5.88,5.88,5.89,5.88,114700.0,674878.0,2020,5,20,14,30,2020-05-20 14:30
486,5.88,5.87,5.89,5.87,247100.0,1451822.0,2020,5,20,14,45,2020-05-20 14:45
487,5.87,5.89,5.89,5.87,341600.0,2007872.0,2020,5,20,15,0,2020-05-20 15:00
488,5.9,5.85,5.92,5.84,416300.0,2443705.0,2020,5,21,9,45,2020-05-21 09:45
489,5.86,5.8,5.87,5.8,731700.0,4265473.0,2020,5,21,10,0,2020-05-21 10:00
490,5.8,5.73,5.8,5.71,1284500.0,7390789.0,2020,5,21,10,15,2020-05-21 10:15
491,5.74,5.74,5.74,5.72,347600.0,1992689.0,2020,5,21,10,30,2020-05-21 10:30
492,5.73,5.75,5.75,5.73,312600.0,1792868.0,2020,5,21,10,45,2020-05-21 10:45
493,5.75,5.72,5.76,5.72,501100.0,2875440.0,2020,5,21,11,0,2020-05-21 11:00
494,5.71,5.68,5.72,5.68,760800.0,4336204.0,2020,5,21,11,15,2020-05-21 11:15
495,5.68,5.72,5.72,5.64,1147600.0,6503072.0,2020,5,21,11,30,2020-05-21 11:30
496,5.72,5.71,5.73,5.7,125900.0,719548.0,2020,5,21,13,15,2020-05-21 13:15
497,5.71,5.71,5.72,5.69,242000.0,1380540.0,2020,5,21,13,30,2020-05-21 13:30
498,5.71,5.71,5.72,5.7,165600.0,946184.0,2020,5,21,13,45,2020-05-21 13:45
499,5.71,5.7,5.72,5.69,337300.0,1924388.0,2020,5,21,14,0,2020-05-21 14:00
500,5.7,5.68,5.7,5.68,280000.0,1591740.0,2020,5,21,14,15,2020-05-21 14:15
501,5.68,5.62,5.68,5.62,554100.0,3134940.0,2020,5,21,14,30,2020-05-21 14:30
502,5.61,5.64,5.65,5.61,434200.0,2448068.0,2020,5,21,14,45,2020-05-21 14:45
503,5.64,5.65,5.66,5.64,602100.0,3400008.0,2020,5,21,15,0,2020-05-21 15:00
504,5.6,5.52,5.6,5.52,1114900.0,6187539.5,2020,5,22,9,45,2020-05-22 09:45
505,5.52,5.53,5.55,5.5,983400.0,5423346.5,2020,5,22,10,0,2020-05-22 10:00
506,5.54,5.53,5.55,5.52,229100.0,1267588.0,2020,5,22,10,15,2020-05-22 10:15
507,5.53,5.52,5.55,5.52,249200.0,1378485.0,2020,5,22,10,30,2020-05-22 10:30
508,5.52,5.52,5.53,5.51,206400.0,1139016.0,2020,5,22,10,45,2020-05-22 10:45
509,5.52,5.5,5.52,5.49,396900.0,2184173.0,2020,5,22,11,0,2020-05-22 11:00
510,5.5,5.52,5.52,5.49,166100.0,914766.0,2020,5,22,11,15,2020-05-22 11:15
511,5.51,5.49,5.52,5.48,228700.0,1256236.0,2020,5,22,11,30,2020-05-22 11:30
512,5.49,5.44,5.49,5.43,464100.0,2533700.0,2020,5,22,13,15,2020-05-22 13:15
513,5.44,5.39,5.44,5.36,850500.0,4584448.0,2020,5,22,13,30,2020-05-22 13:30
514,5.38,5.39,5.4,5.34,756500.0,4060880.0,2020,5,22,13,45,2020-05-22 13:45
515,5.39,5.35,5.39,5.35,347600.0,1864706.0,2020,5,22,14,0,2020-05-22 14:00
516,5.36,5.4,5.4,5.35,359300.0,1933352.0,2020,5,22,14,15,2020-05-22 14:15
517,5.4,5.43,5.44,5.4,253900.0,1375996.0,2020,5,22,14,30,2020-05-22 14:30
518,5.43,5.4,5.43,5.4,247100.0,1337424.0,2020,5,22,14,45,2020-05-22 14:45
519,5.4,5.4,5.41,5.39,533900.0,2881920.0,2020,5,22,15,0,2020-05-22 15:00
520,5.39,5.55,5.67,5.39,2361300.0,13068781.0,2020,5,25,9,45,2020-05-25 09:45
521,5.55,5.54,5.56,5.52,431900.0,2394080.0,2020,5,25,10,0,2020-05-25 10:00
522,5.53,5.49,5.54,5.47,432400.0,2381483.0,2020,5,25,10,15,2020-05-25 10:15
523,5.49,5.48,5.49,5.47,228400.0,1252624.0,2020,5,25,10,30,2020-05-25 10:30
524,5.48,5.47,5.49,5.46,298700.0,1634798.0,2020,5,25,10,45,2020-05-25 10:45
525,5.46,5.46,5.48,5.46,131200.0,717186.0,2020,5,25,11,0,2020-05-25 11:00
526,5.46,5.47,5.47,5.46,72500.0,396222.0,2020,5,25,11,15,2020-05-25 11:15
527,5.47,5.47,5.48,5.46,162500.0,888928.0,2020,5,25,11,30,2020-05-25 11:30
528,5.47,5.46,5.48,5.46,108200.0,591352.0,2020,5,25,13,15,2020-05-25 13:15
529,5.46,5.46,5.47,5.46,85800.0,468726.0,2020,5,25,13,30,2020-05-25 13:30
530,5.46,5.44,5.47,5.44,189500.0,1033260.0,2020,5,25,13,45,2020-05-25 13:45
531,5.45,5.46,5.46,5.44,112100.0,610624.0,2020,5,25,14,0,2020-05-25 14:00
532,5.45,5.46,5.47,5.45,87600.0,478450.0,2020,5,25,14,15,2020-05-25 14:15
533,5.47,5.47,5.47,5.46,121100.0,661474.0,2020,5,25,14,30,2020-05-25 14:30
534,5.47,5.51,5.52,5.47,263100.0,1445804.0,2020,5,25,14,45,2020-05-25 14:45
535,5.5,5.52,5.52,5.5,544700.0,3002182.0,2020,5,25,15,0,2020-05-25 15:00
536,5.51,5.59,5.61,5.48,1242800.0,6896941.0,2020,5,26,9,45,2020-05-26 09:45
537,5.59,5.56,5.59,5.56,448700.0,2502072.0,2020,5,26,10,0,2020-05-26 10:00
538,5.57,5.58,5.58,5.55,324200.0,1805500.0,2020,5,26,10,15,2020-05-26 10:15
539,5.57,5.58,5.63,5.57,470300.0,2630649.0,2020,5,26,10,30,2020-05-26 10:30
540,5.59,5.58,5.6,5.58,190600.0,1065611.0,2020,5,26,10,45,2020-05-26 10:45
541,5.58,5.57,5.59,5.56,204300.0,1138781.0,2020,5,26,11,0,2020-05-26 11:00
542,5.58,5.58,5.59,5.56,116800.0,650993.0,2020,5,26,11,15,2020-05-26 11:15
543,5.58,5.59,5.6,5.57,74000.0,413317.0,2020,5,26,11,30,2020-05-26 11:30
544,5.59,5.6,5.61,5.58,276300.0,1547292.0,2020,5,26,13,15,2020-05-26 13:15
545,5.6,5.61,5.62,5.58,182100.0,1019556.0,2020,5,26,13,30,2020-05-26 13:30
546,5.61,5.62,5.64,5.6,433600.0,2438654.0,2020,5,26,13,45,2020-05-26 13:45
547,5.62,5.61,5.63,5.61,206700.0,1161046.0,2020,5,26,14,0,2020-05-26 14:00
548,5.61,5.62,5.63,5.61,192400.0,1081128.0,2020,5,26,14,15,2020-05-26 14:15
549,5.62,5.62,5.63,5.61,189300.0,1063506.0,2020,5,26,14,30,2020-05-26 14:30
550,5.61,5.61,5.62,5.61,264600.0,1484636.0,2020,5,26,14,45,2020-05-26 14:45
551,5.62,5.61,5.64,5.61,734100.0,4129228.0,2020,5,26,15,0,2020-05-26 15:00
552,5.61,5.64,5.66,5.58,488500.0,2747486.0,2020,5,27,9,45,2020-05-27 09:45
553,5.64,5.65,5.65,5.62,452900.0,2553136.5,2020,5,27,10,0,2020-05-27 10:00
554,5.64,5.65,5.66,5.63,256800.0,1449617.0,2020,5,27,10,15,2020-05-27 10:15
555,5.65,5.59,5.65,5.58,386000.0,2165993.5,2020,5,27,10,30,2020-05-27 10:30
556,5.59,5.57,5.6,5.56,283600.0,1582055.0,2020,5,27,10,45,2020-05-27 10:45
557,5.57,5.58,5.58,5.55,221300.0,1231867.0,2020,5,27,11,0,2020-05-27 11:00
558,5.58,5.55,5.58,5.55,163400.0,908712.0,2020,5,27,11,15,2020-05-27 11:15
559,5.55,5.57,5.57,5.54,277400.0,1539623.0,2020,5,27,11,30,2020-05-27 11:30
560,5.58,5.57,5.58,5.56,114100.0,635466.0,2020,5,27,13,15,2020-05-27 13:15
561,5.57,5.57,5.59,5.56,78900.0,439712.0,2020,5,27,13,30,2020-05-27 13:30
562,5.57,5.55,5.57,5.55,180500.0,1004476.0,2020,5,27,13,45,2020-05-27 13:45
563,5.55,5.56,5.57,5.55,134900.0,749964.0,2020,5,27,14,0,2020-05-27 14:00
564,5.56,5.54,5.57,5.53,214000.0,1187084.0,2020,5,27,14,15,2020-05-27 14:15
565,5.54,5.52,5.55,5.51,184300.0,1019896.0,2020,5,27,14,30,2020-05-27 14:30
566,5.52,5.51,5.54,5.49,392300.0,2161974.0,2020,5,27,14,45,2020-05-27 14:45
567,5.5,5.54,5.54,5.5,405400.0,2243092.0,2020,5,27,15,0,2020-05-27 15:00
568,5.54,5.56,5.56,5.5,522600.0,2892399.0,2020,5,28,9,45,2020-05-28 09:45
569,5.55,5.55,5.56,5.54,332100.0,1842156.0,2020,5,28,10,0,2020-05-28 10:00
570,5.54,5.52,5.54,5.51,332100.0,1836413.0,2020,5,28,10,15,2020-05-28 10:15
571,5.51,5.48,5.54,5.48,246700.0,1357660.0,2020,5,28,10,30,2020-05-28 10:30
572,5.5,5.47,5.5,5.43,503500.0,2753877.0,2020,5,28,10,45,2020-05-28 10:45
573,5.46,5.46,5.47,5.45,111700.0,609698.0,2020,5,28,11,0,2020-05-28 11:00
574,5.45,5.43,5.46,5.43,213400.0,1162036.0,2020,5,28,11,15,2020-05-28 11:15
575,5.43,5.42,5.44,5.41,276200.0,1496494.0,2020,5,28,11,30,2020-05-28 11:30
576,5.42,5.4,5.42,5.37,439200.0,2372270.0,2020,5,28,13,15,2020-05-28 13:15
577,5.4,5.41,5.41,5.39,178400.0,963737.0,2020,5,28,13,30,2020-05-28 13:30
578,5.41,5.43,5.46,5.41,348800.0,1891804.0,2020,5,28,13,45,2020-05-28 13:45
579,5.43,5.43,5.43,5.41,134200.0,727424.0,2020,5,28,14,0,2020-05-28 14:00
580,5.43,5.44,5.45,5.42,107100.0,582338.0,2020,5,28,14,15,2020-05-28 14:15
581,5.45,5.45,5.46,5.44,111500.0,607874.0,2020,5,28,14,30,2020-05-28 14:30
582,5.45,5.45,5.47,5.45,164500.0,897646.0,2020,5,28,14,45,2020-05-28 14:45
583,5.45,5.44,5.47,5.44,354200.0,1930716.0,2020,5,28,15,0,2020-05-28 15:00
584,5.46,5.51,5.56,5.42,874800.0,4823568.0,2020,5,29,9,45,2020-05-29 09:45
585,5.52,5.53,5.55,5.5,481400.0,2660294.0,2020,5,29,10,0,2020-05-29 10:00
586,5.53,5.59,5.63,5.52,1272000.0,7115706.0,2020,5,29,10,15,2020-05-29 10:15
587,5.59,5.58,5.6,5.57,198200.0,1106229.0,2020,5,29,10,30,2020-05-29 10:30
588,5.59,5.57,5.59,5.57,166900.0,931111.0,2020,5,29,10,45,2020-05-29 10:45
589,5.56,5.58,5.58,5.56,104100.0,579786.0,2020,5,29,11,0,2020-05-29 11:00
590,5.57,5.54,5.57,5.53,282900.0,1570970.0,2020,5,29,11,15,2020-05-29 11:15
591,5.53,5.54,5.55,5.53,77000.0,426038.0,2020,5,29,11,30,2020-05-29 11:30
592,5.54,5.53,5.55,5.52,124700.0,689620.0,2020,5,29,13,15,2020-05-29 13:15
593,5.53,5.53,5.54,5.52,129000.0,712964.0,2020,5,29,13,30,2020-05-29 13:30
594,5.52,5.52,5.52,5.51,103800.0,572848.0,2020,5,29,13,45,2020-05-29 13:45
595,5.53,5.54,5.54,5.52,56400.0,312276.0,2020,5,29,14,0,2020-05-29 14:00
596,5.53,5.54,5.54,5.51,286200.0,1580414.0,2020,5,29,14,15,2020-05-29 14:15
597,5.53,5.57,5.57,5.53,218900.0,1212786.0,2020,5,29,14,30,2020-05-29 14:30
598,5.56,5.55,5.56,5.53,143600.0,796468.0,2020,5,29,14,45,2020-05-29 14:45
599,5.55,5.55,5.57,5.53,338800.0,1879492.0,2020,5,29,15,0,2020-05-29 15:00
600,5.55,5.61,5.62,5.54,707400.0,3952803.0,2020,6,1,9,45,2020-06-01 09:45
601,5.6,5.62,5.63,5.59,472600.0,2652641.5,2020,6,1,10,0,2020-06-01 10:00
602,5.63,5.66,5.67,5.62,922100.0,5212759.5,2020,6,1,10,15,2020-06-01 10:15
603,5.66,5.65,5.67,5.65,279100.0,1579078.0,2020,6,1,10,30,2020-06-01 10:30
604,5.66,5.7,5.74,5.65,824500.0,4690348.0,2020,6,1,10,45,2020-06-01 10:45
605,5.7,5.68,5.7,5.66,285400.0,1622860.0,2020,6,1,11,0,2020-06-01 11:00
606,5.68,5.68,5.69,5.68,137000.0,778198.0,2020,6,1,11,15,2020-06-01 11:15
607,5.68,5.69,5.7,5.67,401300.0,2280610.0,2020,6,1,11,30,2020-06-01 11:30
608,5.69,5.72,5.74,5.69,513100.0,2932096.0,2020,6,1,13,15,2020-06-01 13:15
609,5.72,5.72,5.73,5.71,279700.0,1599018.0,2020,6,1,13,30,2020-06-01 13:30
610,5.72,5.73,5.74,5.72,330300.0,1891328.0,2020,6,1,13,45,2020-06-01 13:45
611,5.73,5.73,5.74,5.72,318400.0,1824490.0,2020,6,1,14,0,2020-06-01 14:00
612,5.73,5.71,5.74,5.71,285200.0,1632360.0,2020,6,1,14,15,2020-06-01 14:15
613,5.71,5.72,5.73,5.71,179900.0,1028618.0,2020,6,1,14,30,2020-06-01 14:30
614,5.72,5.73,5.74,5.72,445200.0,2550756.0,2020,6,1,14,45,2020-06-01 14:45
615,5.73,5.73,5.76,5.72,1050200.0,6032864.0,2020,6,1,15,0,2020-06-01 15:00
616,5.74,5.76,5.81,5.73,932200.0,5375075.0,2020,6,2,9,45,2020-06-02 09:45
617,5.77,5.73,5.77,5.72,415500.0,2384787.0,2020,6,2,10,0,2020-06-02 10:00
618,5.73,5.71,5.75,5.7,554500.0,3170738.0,2020,6,2,10,15,2020-06-02 10:15
619,5.72,5.7,5.73,5.69,298200.0,1702808.0,2020,6,2,10,30,2020-06-02 10:30
620,5.7,5.75,5.75,5.7,252500.0,1445089.0,2020,6,2,10,45,2020-06-02 10:45
621,5.73,5.73,5.75,5.72,237700.0,1361665.0,2020,6,2,11,0,2020-06-02 11:00
622,5.73,5.74,5.74,5.73,99700.0,571591.0,2020,6,2,11,15,2020-06-02 11:15
623,5.73,5.72,5.74,5.72,92000.0,527531.0,2020,6,2,11,30,2020-06-02 11:30
624,5.72,5.75,5.75,5.72,147000.0,842702.0,2020,6,2,13,15,2020-06-02 13:15
625,5.75,5.74,5.75,5.74,130100.0,747690.0,2020,6,2,13,30,2020-06-02 13:30
626,5.74,5.76,5.77,5.74,300400.0,1728394.0,2020,6,2,13,45,2020-06-02 13:45
627,5.77,5.76,5.77,5.76,190800.0,1100186.0,2020,6,2,14,0,2020-06-02 14:00
628,5.76,5.76,5.77,5.74,629700.0,3625006.0,2020,6,2,14,15,2020-06-02 14:15
629,5.76,5.74,5.77,5.74,335400.0,1929586.0,2020,6,2,14,30,2020-06-02 14:30
630,5.74,5.76,5.79,5.74,376400.0,2171216.0,2020,6,2,14,45,2020-06-02 14:45
631,5.77,5.76,5.78,5.76,512500.0,2955984.0,2020,6,2,15,0,2020-06-02 15:00
632,5.82,5.82,5.85,5.78,1484700.0,8630116.0,2020,6,3,9,45,2020-06-03 09:45
633,5.82,5.85,5.86,5.82,602500.0,3519675.0,2020,6,3,10,0,2020-06-03 10:00
634,5.84,5.92,5.93,5.84,937100.0,5520807.0,2020,6,3,10,15,2020-06-03 10:15
635,5.92,5.87,5.92,5.86,649500.0,3823886.0,2020,6,3,10,30,2020-06-03 10:30
636,5.87,5.84,5.88,5.83,355500.0,2079940.0,2020,6,3,10,45,2020-06-03 10:45
637,5.83,5.85,5.85,5.83,223100.0,1302166.0,2020,6,3,11,0,2020-06-03 11:00
638,5.84,5.81,5.86,5.81,256900.0,1497268.0,2020,6,3,11,15,2020-06-03 11:15
639,5.81,5.82,5.82,5.8,242500.0,1410000.0,2020,6,3,11,30,2020-06-03 11:30
640,5.82,5.84,5.85,5.82,256700.0,1497956.0,2020,6,3,13,15,2020-06-03 13:15
641,5.84,5.82,5.85,5.81,242600.0,1414070.0,2020,6,3,13,30,2020-06-03 13:30
642,5.83,5.82,5.83,5.81,124100.0,722240.0,2020,6,3,13,45,2020-06-03 13:45
643,5.82,5.82,5.84,5.81,210000.0,1222638.0,2020,6,3,14,0,2020-06-03 14:00
644,5.82,5.82,5.83,5.81,181300.0,1055290.0,2020,6,3,14,15,2020-06-03 14:15
645,5.83,5.79,5.83,5.78,360500.0,2090628.0,2020,6,3,14,30,2020-06-03 14:30
646,5.78,5.8,5.8,5.76,357400.0,2064316.0,2020,6,3,14,45,2020-06-03 14:45
647,5.8,5.79,5.8,5.76,404600.0,2337248.0,2020,6,3,15,0,2020-06-03 15:00
648,5.82,5.76,5.84,5.75,848900.0,4919077.0,2020,6,4,9,45,2020-06-04 09:45
649,5.76,5.81,5.82,5.76,298700.0,1729174.0,2020,6,4,10,0,2020-06-04 10:00
650,5.81,5.79,5.81,5.78,212300.0,1230692.0,2020,6,4,10,15,2020-06-04 10:15
651,5.78,5.78,5.8,5.76,191200.0,1105028.0,2020,6,4,10,30,2020-06-04 10:30
652,5.77,5.75,5.78,5.73,226300.0,1301626.0,2020,6,4,10,45,2020-06-04 10:45
653,5.76,5.76,5.77,5.74,179000.0,1029962.0,2020,6,4,11,0,2020-06-04 11:00
654,5.75,5.72,5.76,5.72,144800.0,832121.0,2020,6,4,11,15,2020-06-04 11:15
655,5.73,5.77,5.78,5.72,308100.0,1772841.0,2020,6,4,11,30,2020-06-04 11:30
656,5.77,5.79,5.8,5.77,100700.0,582065.0,2020,6,4,13,15,2020-06-04 13:15
657,5.79,5.76,5.79,5.75,181500.0,1047288.0,2020,6,4,13,30,2020-06-04 13:30
658,5.76,5.76,5.77,5.74,128900.0,741829.0,2020,6,4,13,45,2020-06-04 13:45
659,5.76,5.76,5.78,5.76,127300.0,734525.0,2020,6,4,14,0,2020-06-04 14:00
660,5.77,5.79,5.79,5.76,130400.0,754044.0,2020,6,4,14,15,2020-06-04 14:15
661,5.79,5.79,5.8,5.79,128300.0,743420.0,2020,6,4,14,30,2020-06-04 14:30
662,5.8,5.77,5.8,5.76,285000.0,1646942.0,2020,6,4,14,45,2020-06-04 14:45
663,5.77,5.8,5.8,5.77,419300.0,2427760.0,2020,6,4,15,0,2020-06-04 15:00
664,5.85,5.89,6.06,5.82,2657800.0,15745145.0,2020,6,5,9,45,2020-06-05 09:45
665,5.88,5.86,5.89,5.84,853000.0,5004157.0,2020,6,5,10,0,2020-06-05 10:00
666,5.86,5.85,5.86,5.82,576700.0,3366842.0,2020,6,5,10,15,2020-06-05 10:15
667,5.84,5.86,5.89,5.84,260000.0,1524820.0,2020,6,5,10,30,2020-06-05 10:30
668,5.85,5.86,5.88,5.83,367500.0,2150544.0,2020,6,5,10,45,2020-06-05 10:45
669,5.86,5.87,5.87,5.85,204500.0,1198898.0,2020,6,5,11,0,2020-06-05 11:00
670,5.87,5.86,5.87,5.85,188400.0,1104380.0,2020,6,5,11,15,2020-06-05 11:15
671,5.87,5.89,5.89,5.86,264400.0,1552394.0,2020,6,5,11,30,2020-06-05 11:30
672,5.89,5.83,5.9,5.82,387600.0,2269488.0,2020,6,5,13,15,2020-06-05 13:15
673,5.83,5.86,5.86,5.82,123600.0,722148.0,2020,6,5,13,30,2020-06-05 13:30
674,5.85,5.84,5.87,5.82,174100.0,1017524.0,2020,6,5,13,45,2020-06-05 13:45
675,5.83,5.85,5.85,5.82,97300.0,567652.0,2020,6,5,14,0,2020-06-05 14:00
676,5.84,5.85,5.86,5.83,236000.0,1381304.0,2020,6,5,14,15,2020-06-05 14:15
677,5.85,5.85,5.86,5.84,190700.0,1115152.0,2020,6,5,14,30,2020-06-05 14:30
678,5.85,5.84,5.88,5.83,288700.0,1689204.0,2020,6,5,14,45,2020-06-05 14:45
679,5.85,5.84,5.87,5.84,560900.0,3282608.0,2020,6,5,15,0,2020-06-05 15:00
680,5.84,5.82,5.92,5.82,747300.0,4383692.0,2020,6,8,9,45,2020-06-08 09:45
681,5.82,5.82,5.84,5.77,584300.0,3392903.0,2020,6,8,10,0,2020-06-08 10:00
682,5.82,5.79,5.82,5.79,311800.0,1810001.0,2020,6,8,10,15,2020-06-08 10:15
683,5.79,5.78,5.8,5.77,392000.0,2264646.0,2020,6,8,10,30,2020-06-08 10:30
684,5.78,5.77,5.79,5.76,277200.0,1600753.0,2020,6,8,10,45,2020-06-08 10:45
685,5.77,5.79,5.79,5.77,131700.0,761333.0,2020,6,8,11,0,2020-06-08 11:00
686,5.78,5.81,5.81,5.78,146700.0,849292.0,2020,6,8,11,15,2020-06-08 11:15
687,5.79,5.79,5.82,5.77,166300.0,963586.0,2020,6,8,11,30,2020-06-08 11:30
688,5.79,5.77,5.79,5.74,217100.0,1250518.0,2020,6,8,13,15,2020-06-08 13:15
689,5.76,5.74,5.77,5.74,212000.0,1218532.0,2020,6,8,13,30,2020-06-08 13:30
690,5.74,5.74,5.75,5.73,164500.0,944100.0,2020,6,8,13,45,2020-06-08 13:45
691,5.74,5.73,5.75,5.73,108700.0,623826.0,2020,6,8,14,0,2020-06-08 14:00
692,5.73,5.73,5.74,5.7,389900.0,2229860.0,2020,6,8,14,15,2020-06-08 14:15
693,5.72,5.75,5.75,5.72,119200.0,683576.0,2020,6,8,14,30,2020-06-08 14:30
694,5.74,5.74,5.75,5.73,97300.0,558390.0,2020,6,8,14,45,2020-06-08 14:45
695,5.74,5.75,5.78,5.73,433100.0,2489650.0,2020,6,8,15,0,2020-06-08 15:00
696,5.75,5.76,5.78,5.71,440500.0,2534898.5,2020,6,9,9,45,2020-06-09 09:45
697,5.75,5.74,5.76,5.72,265100.0,1520157.75,2020,6,9,10,0,2020-06-09 10:00
698,5.74,5.73,5.74,5.71,235600.0,1350014.25,2020,6,9,10,15,2020-06-09 10:15
699,5.73,5.72,5.73,5.71,177700.0,1015936.0,2020,6,9,10,30,2020-06-09 10:30
700,5.72,5.73,5.73,5.7,259600.0,1483845.0,2020,6,9,10,45,2020-06-09 10:45
701,5.74,5.76,5.77,5.73,223500.0,1285724.5,2020,6,9,11,0,2020-06-09 11:00
702,5.75,5.76,5.78,5.75,168400.0,970528.0,2020,6,9,11,15,2020-06-09 11:15
703,5.76,5.77,5.77,5.75,164600.0,947092.0,2020,6,9,11,30,2020-06-09 11:30
704,5.76,5.76,5.79,5.76,139000.0,802341.0,2020,6,9,13,15,2020-06-09 13:15
705,5.76,5.77,5.78,5.76,138300.0,797769.0,2020,6,9,13,30,2020-06-09 13:30
706,5.78,5.78,5.78,5.76,132400.0,764225.0,2020,6,9,13,45,2020-06-09 13:45
707,5.77,5.78,5.8,5.77,250400.0,1448954.0,2020,6,9,14,0,2020-06-09 14:00
708,5.78,5.8,5.8,5.77,231500.0,1337813.0,2020,6,9,14,15,2020-06-09 14:15
709,5.8,5.84,5.84,5.79,527200.0,3067418.0,2020,6,9,14,30,2020-06-09 14:30
710,5.83,5.85,5.85,5.81,412500.0,2402612.0,2020,6,9,14,45,2020-06-09 14:45
711,5.85,5.85,5.9,5.83,798000.0,4678968.0,2020,6,9,15,0,2020-06-09 15:00
712,5.93,5.8,5.94,5.76,888400.0,5196217.5,2020,6,10,9,45,2020-06-10 09:45
713,5.78,5.78,5.81,5.77,376600.0,2177123.0,2020,6,10,10,0,2020-06-10 10:00
714,5.79,5.76,5.8,5.74,335300.0,1933444.5,2020,6,10,10,15,2020-06-10 10:15
715,5.75,5.75,5.76,5.74,211800.0,1217136.0,2020,6,10,10,30,2020-06-10 10:30
716,5.74,5.71,5.74,5.69,651500.0,3719061.0,2020,6,10,10,45,2020-06-10 10:45
717,5.71,5.71,5.72,5.69,196600.0,1121358.0,2020,6,10,11,0,2020-06-10 11:00
718,5.72,5.73,5.73,5.7,81800.0,467309.0,2020,6,10,11,15,2020-06-10 11:15
719,5.72,5.73,5.74,5.71,142300.0,814891.0,2020,6,10,11,30,2020-06-10 11:30
720,5.73,5.72,5.73,5.71,100600.0,575110.0,2020,6,10,13,15,2020-06-10 13:15
721,5.72,5.74,5.76,5.72,263200.0,1510386.0,2020,6,10,13,30,2020-06-10 13:30
722,5.74,5.74,5.75,5.72,126700.0,727122.0,2020,6,10,13,45,2020-06-10 13:45
723,5.74,5.71,5.74,5.7,141800.0,811030.0,2020,6,10,14,0,2020-06-10 14:00
724,5.71,5.7,5.72,5.7,205100.0,1170360.0,2020,6,10,14,15,2020-06-10 14:15
725,5.7,5.7,5.72,5.69,141900.0,810280.0,2020,6,10,14,30,2020-06-10 14:30
726,5.7,5.72,5.73,5.7,216000.0,1232590.0,2020,6,10,14,45,2020-06-10 14:45
727,5.72,5.71,5.72,5.7,394700.0,2254620.0,2020,6,10,15,0,2020-06-10 15:00
728,5.69,5.95,6.02,5.69,3757200.0,22092446.0,2020,6,11,9,45,2020-06-11 09:45
729,5.95,5.89,5.95,5.89,929100.0,5497788.0,2020,6,11,10,0,2020-06-11 10:00
730,5.89,5.89,5.89,5.86,313600.0,1842940.0,2020,6,11,10,15,2020-06-11 10:15
731,5.89,5.87,5.89,5.87,258500.0,1519772.0,2020,6,11,10,30,2020-06-11 10:30
732,5.88,5.86,5.88,5.86,214400.0,1259060.0,2020,6,11,10,45,2020-06-11 10:45
733,5.87,5.88,5.89,5.87,257600.0,1514362.0,2020,6,11,11,0,2020-06-11 11:00
734,5.88,5.91,5.92,5.87,302900.0,1785324.0,2020,6,11,11,15,2020-06-11 11:15
735,5.91,5.92,5.92,5.9,190300.0,1125284.0,2020,6,11,11,30,2020-06-11 11:30
736,5.91,5.87,5.91,5.86,314200.0,1850672.0,2020,6,11,13,15,2020-06-11 13:15
737,5.87,5.85,5.87,5.83,256200.0,1498168.0,2020,6,11,13,30,2020-06-11 13:30
738,5.84,5.82,5.84,5.8,359900.0,2093760.0,2020,6,11,13,45,2020-06-11 13:45
739,5.82,5.8,5.82,5.8,217600.0,1264172.0,2020,6,11,14,0,2020-06-11 14:00
740,5.8,5.79,5.81,5.76,319400.0,1847532.0,2020,6,11,14,15,2020-06-11 14:15
741,5.79,5.81,5.83,5.79,239500.0,1390972.0,2020,6,11,14,30,2020-06-11 14:30
742,5.81,5.79,5.83,5.79,220600.0,1280636.0,2020,6,11,14,45,2020-06-11 14:45
743,5.79,5.82,5.85,5.79,458900.0,2670196.0,2020,6,11,15,0,2020-06-11 15:00
744,5.68,5.63,5.7,5.58,2066500.0,11650001.0,2020,6,12,9,45,2020-06-12 09:45
745,5.62,5.64,5.65,5.61,847100.0,4762788.0,2020,6,12,10,0,2020-06-12 10:00
746,5.65,5.65,5.65,5.62,340900.0,1921403.0,2020,6,12,10,15,2020-06-12 10:15
747,5.64,5.63,5.67,5.62,438900.0,2478180.0,2020,6,12,10,30,2020-06-12 10:30
748,5.63,5.65,5.67,5.62,390900.0,2202212.0,2020,6,12,10,45,2020-06-12 10:45
749,5.66,5.66,5.67,5.65,134100.0,758996.0,2020,6,12,11,0,2020-06-12 11:00
750,5.66,5.67,5.69,5.66,156700.0,888220.0,2020,6,12,11,15,2020-06-12 11:15
751,5.67,5.66,5.68,5.65,187600.0,1062132.0,2020,6,12,11,30,2020-06-12 11:30
752,5.66,5.66,5.68,5.66,96500.0,546590.0,2020,6,12,13,15,2020-06-12 13:15
753,5.66,5.69,5.73,5.66,439700.0,2505240.0,2020,6,12,13,30,2020-06-12 13:30
754,5.7,5.72,5.72,5.7,213000.0,1215724.0,2020,6,12,13,45,2020-06-12 13:45
755,5.71,5.73,5.73,5.71,182400.0,1044204.0,2020,6,12,14,0,2020-06-12 14:00
756,5.73,5.74,5.77,5.73,305200.0,1754106.0,2020,6,12,14,15,2020-06-12 14:15
757,5.75,5.73,5.76,5.72,258600.0,1483220.0,2020,6,12,14,30,2020-06-12 14:30
758,5.75,5.74,5.77,5.74,317500.0,1825984.0,2020,6,12,14,45,2020-06-12 14:45
759,5.74,5.74,5.75,5.72,487300.0,2793968.0,2020,6,12,15,0,2020-06-12 15:00
760,5.71,5.72,5.76,5.7,698300.0,3995461.0,2020,6,15,9,45,2020-06-15 09:45
761,5.73,5.8,5.83,5.73,868100.0,5022803.0,2020,6,15,10,0,2020-06-15 10:00
762,5.83,5.8,5.84,5.78,367400.0,2132831.0,2020,6,15,10,15,2020-06-15 10:15
763,5.79,5.8,5.8,5.78,209200.0,1212351.0,2020,6,15,10,30,2020-06-15 10:30
764,5.8,5.81,5.85,5.79,570200.0,3317061.0,2020,6,15,10,45,2020-06-15 10:45
765,5.8,5.8,5.82,5.79,200400.0,1164573.0,2020,6,15,11,0,2020-06-15 11:00
766,5.8,5.79,5.81,5.79,179100.0,1038690.0,2020,6,15,11,15,2020-06-15 11:15
767,5.79,5.81,5.81,5.77,205300.0,1189730.0,2020,6,15,11,30,2020-06-15 11:30
768,5.81,5.74,5.82,5.74,458600.0,2646960.0,2020,6,15,13,15,2020-06-15 13:15
769,5.76,5.76,5.77,5.74,99200.0,570774.0,2020,6,15,13,30,2020-06-15 13:30
770,5.76,5.73,5.77,5.73,225000.0,1293712.0,2020,6,15,13,45,2020-06-15 13:45
771,5.73,5.74,5.75,5.73,145400.0,834302.0,2020,6,15,14,0,2020-06-15 14:00
772,5.73,5.73,5.74,5.71,216800.0,1241672.0,2020,6,15,14,15,2020-06-15 14:15
773,5.73,5.74,5.76,5.73,229400.0,1318200.0,2020,6,15,14,30,2020-06-15 14:30
774,5.75,5.71,5.75,5.71,298400.0,1707816.0,2020,6,15,14,45,2020-06-15 14:45
775,5.71,5.7,5.72,5.68,499000.0,2844212.0,2020,6,15,15,0,2020-06-15 15:00
776,5.78,5.75,5.79,5.73,638100.0,3677693.0,2020,6,16,9,45,2020-06-16 09:45
777,5.75,5.72,5.76,5.71,206300.0,1182933.0,2020,6,16,10,0,2020-06-16 10:00
778,5.72,5.7,5.73,5.69,406100.0,2317751.0,2020,6,16,10,15,2020-06-16 10:15
779,5.7,5.68,5.7,5.68,273900.0,1557685.0,2020,6,16,10,30,2020-06-16 10:30
780,5.68,5.68,5.7,5.68,323400.0,1839049.0,2020,6,16,10,45,2020-06-16 10:45
781,5.68,5.67,5.69,5.67,229600.0,1304250.0,2020,6,16,11,0,2020-06-16 11:00
782,5.66,5.62,5.67,5.62,481500.0,2717901.0,2020,6,16,11,15,2020-06-16 11:15
783,5.62,5.64,5.65,5.62,185600.0,1045871.0,2020,6,16,11,30,2020-06-16 11:30
784,5.64,5.65,5.66,5.63,305200.0,1722247.0,2020,6,16,13,15,2020-06-16 13:15
785,5.64,5.64,5.65,5.63,146800.0,827952.0,2020,6,16,13,30,2020-06-16 13:30
786,5.65,5.67,5.67,5.64,146200.0,826716.0,2020,6,16,13,45,2020-06-16 13:45
787,5.67,5.66,5.68,5.66,217000.0,1231012.0,2020,6,16,14,0,2020-06-16 14:00
788,5.67,5.64,5.67,5.64,277900.0,1571528.0,2020,6,16,14,15,2020-06-16 14:15
789,5.64,5.67,5.67,5.64,196900.0,1112814.0,2020,6,16,14,30,2020-06-16 14:30
790,5.67,5.66,5.68,5.65,213100.0,1207244.0,2020,6,16,14,45,2020-06-16 14:45
791,5.66,5.68,5.69,5.66,460200.0,2611304.0,2020,6,16,15,0,2020-06-16 15:00
792,5.65,5.63,5.66,5.62,608100.0,3423392.0,2020,6,17,9,45,2020-06-17 09:45
793,5.63,5.57,5.64,5.55,883600.0,4940134.0,2020,6,17,10,0,2020-06-17 10:00
794,5.58,5.55,5.58,5.54,803000.0,4460588.0,2020,6,17,10,15,2020-06-17 10:15
795,5.55,5.54,5.56,5.54,475200.0,2635865.0,2020,6,17,10,30,2020-06-17 10:30
796,5.54,5.53,5.55,5.51,526900.0,2912117.0,2020,6,17,10,45,2020-06-17 10:45
797,5.53,5.54,5.55,5.51,235900.0,1303854.0,2020,6,17,11,0,2020-06-17 11:00
798,5.54,5.54,5.55,5.53,133600.0,739838.0,2020,6,17,11,15,2020-06-17 11:15
799,5.53,5.54,5.54,5.53,56200.0,311010.0,2020,6,17,13,0,2020-06-17 13:00
