,open,close,high,low,vol,amount,year,month,day,hour,minute,datetime
0,71.79,71.3,71.79,71.2,156600.0,11191280.0,2020,4,2,13,15,2020-04-02 13:15
1,71.25,71.19,71.51,71.08,103400.0,7365192.0,2020,4,2,13,30,2020-04-02 13:30
2,71.19,71.45,71.63,71.12,117300.0,8376496.0,2020,4,2,13,45,2020-04-02 13:45
3,71.5,71.4,71.53,71.21,106700.0,7613400.0,2020,4,2,14,0,2020-04-02 14:00
4,71.45,71.4,71.62,71.4,165300.0,11814632.0,2020,4,2,14,15,2020-04-02 14:15
5,71.4,71.6,71.9,71.4,166400.0,11916224.0,2020,4,2,14,30,2020-04-02 14:30
6,71.63,72.24,72.29,71.63,404000.0,29078784.0,2020,4,2,14,45,2020-04-02 14:45
7,72.25,72.25,72.26,71.9,202200.0,14594464.0,2020,4,2,15,0,2020-04-02 15:00
8,72.18,72.77,72.86,71.83,372400.0,26966066.0,2020,4,3,9,45,2020-04-03 09:45
9,72.74,72.77,72.83,71.92,219900.0,15940274.0,2020,4,3,10,0,2020-04-03 10:00
10,72.77,72.68,72.77,72.21,175800.0,12741228.0,2020,4,3,10,15,2020-04-03 10:15
11,72.7,73.04,73.16,72.7,230800.0,16844640.0,2020,4,3,10,30,2020-04-03 10:30
12,73.01,73.5,73.5,72.68,157000.0,11492912.0,2020,4,3,10,45,2020-04-03 10:45
13,73.5,73.95,73.95,73.34,207700.0,15279976.0,2020,4,3,11,0,2020-04-03 11:00
14,73.94,73.99,74.22,73.63,207300.0,15315744.0,2020,4,3,11,15,2020-04-03 11:15
15,73.97,74.9,74.91,73.96,377500.0,28094088.0,2020,4,3,11,30,2020-04-03 11:30
16,74.95,74.72,75.26,74.5,595400.0,44639808.0,2020,4,3,13,15,2020-04-03 13:15
17,74.72,75.43,75.6,74.65,431800.0,32471904.0,2020,4,3,13,30,2020-04-03 13:30
18,75.38,75.15,75.38,74.9,262200.0,19696320.0,2020,4,3,13,45,2020-04-03 13:45
19,75.14,74.98,75.14,74.63,194500.0,14557952.0,2020,4,3,14,0,2020-04-03 14:00
20,74.99,75.13,75.14,74.36,285500.0,21333488.0,2020,4,3,14,15,2020-04-03 14:15
21,75.1,74.8,75.2,74.5,363200.0,27178496.0,2020,4,3,14,30,2020-04-03 14:30
22,74.8,74.92,75.1,74.67,308100.0,23104768.0,2020,4,3,14,45,2020-04-03 14:45
23,75.0,74.7,75.04,74.6,412500.0,30865184.0,2020,4,3,15,0,2020-04-03 15:00
24,75.5,77.28,77.42,75.18,884100.0,67430936.0,2020,4,7,9,45,2020-04-07 09:45
25,77.1,77.08,77.44,76.73,462600.0,35656912.0,2020,4,7,10,0,2020-04-07 10:00
26,77.07,76.63,77.14,76.4,227200.0,17447376.0,2020,4,7,10,15,2020-04-07 10:15
27,76.62,76.44,76.73,76.2,120700.0,9227824.0,2020,4,7,10,30,2020-04-07 10:30
28,76.45,76.78,76.78,76.41,82400.0,6310344.0,2020,4,7,10,45,2020-04-07 10:45
29,76.78,76.5,77.0,76.38,110800.0,8498016.0,2020,4,7,11,0,2020-04-07 11:00
30,76.5,76.54,76.87,76.43,63300.0,4856512.0,2020,4,7,11,15,2020-04-07 11:15
31,76.58,76.83,76.84,76.5,68100.0,5218288.0,2020,4,7,11,30,2020-04-07 11:30
32,76.85,77.2,77.27,76.85,150200.0,11569360.0,2020,4,7,13,15,2020-04-07 13:15
33,77.2,76.88,77.25,76.87,125200.0,9650640.0,2020,4,7,13,30,2020-04-07 13:30
34,76.88,76.9,77.09,76.8,236200.0,18149328.0,2020,4,7,13,45,2020-04-07 13:45
35,76.97,76.8,77.1,76.76,104900.0,8073968.0,2020,4,7,14,0,2020-04-07 14:00
36,76.8,76.72,76.8,76.52,111300.0,8534128.0,2020,4,7,14,15,2020-04-07 14:15
37,76.72,76.57,76.85,76.54,122100.0,9360080.0,2020,4,7,14,30,2020-04-07 14:30
38,76.55,76.68,76.97,76.52,255700.0,19625648.0,2020,4,7,14,45,2020-04-07 14:45
39,76.68,76.97,76.97,76.53,183700.0,14103040.0,2020,4,7,15,0,2020-04-07 15:00
40,77.48,78.61,78.78,76.71,823700.0,64231180.0,2020,4,8,9,45,2020-04-08 09:45
41,78.7,78.17,78.93,78.04,394200.0,30957412.0,2020,4,8,10,0,2020-04-08 10:00
42,78.18,79.36,79.39,78.04,395700.0,31151696.0,2020,4,8,10,15,2020-04-08 10:15
43,79.38,79.0,79.66,79.0,339200.0,26916864.0,2020,4,8,10,30,2020-04-08 10:30
44,79.06,78.86,79.08,78.62,202200.0,15944128.0,2020,4,8,10,45,2020-04-08 10:45
45,78.88,79.12,79.26,78.82,129900.0,10265408.0,2020,4,8,11,0,2020-04-08 11:00
46,79.13,79.52,79.8,79.0,254700.0,20222496.0,2020,4,8,11,15,2020-04-08 11:15
47,79.52,79.1,79.72,79.01,82000.0,6506592.0,2020,4,8,11,30,2020-04-08 11:30
48,79.1,78.98,79.25,78.76,136600.0,10792576.0,2020,4,8,13,15,2020-04-08 13:15
49,78.98,78.82,79.06,78.63,121200.0,9556112.0,2020,4,8,13,30,2020-04-08 13:30
50,78.83,79.0,79.28,78.82,90800.0,7185616.0,2020,4,8,13,45,2020-04-08 13:45
51,78.98,78.49,79.0,78.4,110900.0,8726256.0,2020,4,8,14,0,2020-04-08 14:00
52,78.45,78.14,78.54,78.12,141800.0,11102448.0,2020,4,8,14,15,2020-04-08 14:15
53,78.15,77.85,78.35,77.85,154200.0,12042416.0,2020,4,8,14,30,2020-04-08 14:30
54,77.89,78.18,78.29,77.78,170500.0,13298352.0,2020,4,8,14,45,2020-04-08 14:45
55,78.05,78.56,78.56,77.9,286600.0,22399680.0,2020,4,8,15,0,2020-04-08 15:00
56,78.98,77.97,78.98,77.8,380800.0,29814264.0,2020,4,9,9,45,2020-04-09 09:45
57,77.97,78.57,78.79,77.58,310400.0,24231684.0,2020,4,9,10,0,2020-04-09 10:00
58,78.6,79.27,79.37,78.35,301900.0,23841116.0,2020,4,9,10,15,2020-04-09 10:15
59,79.15,79.78,80.11,79.15,283900.0,22627984.0,2020,4,9,10,30,2020-04-09 10:30
60,79.72,79.48,79.9,79.4,124400.0,9911304.0,2020,4,9,10,45,2020-04-09 10:45
61,79.48,79.99,80.1,79.48,151900.0,12133760.0,2020,4,9,11,0,2020-04-09 11:00
62,80.0,80.43,80.47,79.7,311300.0,24928464.0,2020,4,9,11,15,2020-04-09 11:15
63,80.45,80.88,80.98,80.35,309600.0,24964320.0,2020,4,9,11,30,2020-04-09 11:30
64,80.96,81.15,81.35,80.84,331300.0,26864560.0,2020,4,9,13,15,2020-04-09 13:15
65,81.14,80.46,81.16,80.43,214200.0,17282752.0,2020,4,9,13,30,2020-04-09 13:30
66,80.5,80.63,80.89,80.46,167500.0,13516752.0,2020,4,9,13,45,2020-04-09 13:45
67,80.8,80.82,80.92,80.42,124700.0,10067680.0,2020,4,9,14,0,2020-04-09 14:00
68,80.88,80.91,81.15,80.5,262600.0,21231792.0,2020,4,9,14,15,2020-04-09 14:15
69,80.91,81.38,81.5,80.65,334100.0,27134032.0,2020,4,9,14,30,2020-04-09 14:30
70,81.49,81.55,81.65,81.33,276800.0,22552320.0,2020,4,9,14,45,2020-04-09 14:45
71,81.5,81.51,81.8,81.18,322700.0,26311840.0,2020,4,9,15,0,2020-04-09 15:00
72,89.5,88.71,89.51,86.55,4109400.0,362245728.0,2020,4,10,9,45,2020-04-10 09:45
73,88.72,89.66,89.66,88.71,3215800.0,288116064.0,2020,4,10,10,0,2020-04-10 10:00
74,89.66,89.66,89.66,89.66,195400.0,17519616.0,2020,4,10,10,15,2020-04-10 10:15
75,89.66,89.66,89.66,89.66,154600.0,13864384.0,2020,4,10,10,30,2020-04-10 10:30
76,89.66,89.66,89.66,89.66,41100.0,3684992.0,2020,4,10,10,45,2020-04-10 10:45
77,89.66,89.66,89.66,89.66,69900.0,6270464.0,2020,4,10,11,0,2020-04-10 11:00
78,89.66,89.66,89.66,89.66,106000.0,9499072.0,2020,4,10,11,15,2020-04-10 11:15
79,89.66,89.66,89.66,89.35,830900.0,74490048.0,2020,4,10,11,30,2020-04-10 11:30
80,89.66,89.66,89.66,89.66,488100.0,43759424.0,2020,4,10,13,15,2020-04-10 13:15
81,89.66,89.43,89.66,88.96,695200.0,62153728.0,2020,4,10,13,30,2020-04-10 13:30
82,89.45,88.63,89.45,88.51,647800.0,57600064.0,2020,4,10,13,45,2020-04-10 13:45
83,88.63,88.68,89.36,88.2,675500.0,59935872.0,2020,4,10,14,0,2020-04-10 14:00
84,88.65,89.01,89.37,88.02,552200.0,49012096.0,2020,4,10,14,15,2020-04-10 14:15
85,89.0,89.28,89.66,88.92,428300.0,38275456.0,2020,4,10,14,30,2020-04-10 14:30
86,89.19,89.66,89.66,89.12,652100.0,58431872.0,2020,4,10,14,45,2020-04-10 14:45
87,89.61,88.97,89.66,88.5,602400.0,53741696.0,2020,4,10,15,0,2020-04-10 15:00
88,87.68,87.39,88.87,87.1,2485800.0,218431360.0,2020,4,13,9,45,2020-04-13 09:45
89,87.39,87.78,88.4,87.31,674500.0,59259808.0,2020,4,13,10,0,2020-04-13 10:00
90,87.7,88.26,88.35,87.48,521100.0,45863712.0,2020,4,13,10,15,2020-04-13 10:15
91,88.33,88.52,88.8,87.77,503000.0,44403776.0,2020,4,13,10,30,2020-04-13 10:30
92,88.6,88.85,89.4,88.48,621700.0,55360032.0,2020,4,13,10,45,2020-04-13 10:45
93,88.8,88.8,89.19,88.45,198200.0,17619040.0,2020,4,13,11,0,2020-04-13 11:00
94,88.63,88.59,88.8,88.16,253300.0,22423840.0,2020,4,13,11,15,2020-04-13 11:15
95,88.54,88.1,88.54,87.78,199900.0,17599808.0,2020,4,13,11,30,2020-04-13 11:30
96,88.11,88.21,88.55,87.99,181800.0,16051072.0,2020,4,13,13,15,2020-04-13 13:15
97,88.21,89.15,89.17,88.01,299900.0,26571840.0,2020,4,13,13,30,2020-04-13 13:30
98,89.1,88.47,89.12,88.29,155400.0,13803616.0,2020,4,13,13,45,2020-04-13 13:45
99,88.47,88.45,88.9,88.33,103400.0,9160320.0,2020,4,13,14,0,2020-04-13 14:00
100,88.45,88.41,88.69,88.04,150100.0,13260736.0,2020,4,13,14,15,2020-04-13 14:15
101,88.42,88.13,88.6,87.78,216500.0,19066240.0,2020,4,13,14,30,2020-04-13 14:30
102,88.0,87.85,88.15,87.8,266600.0,23436096.0,2020,4,13,14,45,2020-04-13 14:45
103,87.82,88.35,88.37,87.8,412300.0,36323776.0,2020,4,13,15,0,2020-04-13 15:00
104,87.36,86.07,88.27,85.56,1657500.0,143767456.0,2020,4,14,9,45,2020-04-14 09:45
105,86.07,86.8,87.48,86.07,520900.0,45215456.0,2020,4,14,10,0,2020-04-14 10:00
106,86.91,86.7,87.37,86.7,348800.0,30364240.0,2020,4,14,10,15,2020-04-14 10:15
107,86.75,86.27,87.05,86.23,297300.0,25768144.0,2020,4,14,10,30,2020-04-14 10:30
108,86.28,86.96,87.25,86.28,338800.0,29450336.0,2020,4,14,10,45,2020-04-14 10:45
109,86.96,87.81,87.85,86.96,337200.0,29467360.0,2020,4,14,11,0,2020-04-14 11:00
110,87.81,87.71,88.15,87.15,341300.0,29890368.0,2020,4,14,11,15,2020-04-14 11:15
111,87.75,87.87,88.15,87.4,268000.0,23539744.0,2020,4,14,11,30,2020-04-14 11:30
112,87.87,88.34,88.34,87.47,321700.0,28263200.0,2020,4,14,13,15,2020-04-14 13:15
113,88.34,87.94,88.46,87.77,296000.0,26096608.0,2020,4,14,13,30,2020-04-14 13:30
114,87.94,88.35,88.88,87.94,351600.0,31133312.0,2020,4,14,13,45,2020-04-14 13:45
115,88.57,88.5,88.7,88.31,134600.0,11915360.0,2020,4,14,14,0,2020-04-14 14:00
116,88.5,87.96,88.8,87.87,273900.0,24203872.0,2020,4,14,14,15,2020-04-14 14:15
117,87.94,88.3,88.4,87.85,222200.0,19566560.0,2020,4,14,14,30,2020-04-14 14:30
118,88.3,88.45,88.66,88.0,250400.0,22149984.0,2020,4,14,14,45,2020-04-14 14:45
119,88.45,89.04,89.08,88.4,575300.0,51035840.0,2020,4,14,15,0,2020-04-14 15:00
120,87.7,90.31,91.08,87.4,1690700.0,151703504.0,2020,4,15,9,45,2020-04-15 09:45
121,90.3,88.26,90.5,87.93,981500.0,87370704.0,2020,4,15,10,0,2020-04-15 10:00
122,88.27,87.56,88.27,87.19,571300.0,50072992.0,2020,4,15,10,15,2020-04-15 10:15
123,87.51,86.57,87.55,85.99,785100.0,68026720.0,2020,4,15,10,30,2020-04-15 10:30
124,86.55,86.92,87.18,86.55,218900.0,19025248.0,2020,4,15,10,45,2020-04-15 10:45
125,87.0,87.64,87.64,86.73,181100.0,15792512.0,2020,4,15,11,0,2020-04-15 11:00
126,87.77,87.43,87.78,87.2,137100.0,11994272.0,2020,4,15,11,15,2020-04-15 11:15
127,87.43,86.78,87.43,86.73,175600.0,15262656.0,2020,4,15,11,30,2020-04-15 11:30
128,86.98,87.78,87.85,86.68,337900.0,29477440.0,2020,4,15,13,15,2020-04-15 13:15
129,87.69,87.72,87.72,86.96,145500.0,12691712.0,2020,4,15,13,30,2020-04-15 13:30
130,87.76,88.21,88.21,87.67,186500.0,16384928.0,2020,4,15,13,45,2020-04-15 13:45
131,88.22,87.79,88.25,87.7,167600.0,14756736.0,2020,4,15,14,0,2020-04-15 14:00
132,87.8,86.9,87.8,86.9,424200.0,37011296.0,2020,4,15,14,15,2020-04-15 14:15
133,86.9,86.69,87.03,86.5,347800.0,30170528.0,2020,4,15,14,30,2020-04-15 14:30
134,86.69,86.7,87.1,86.5,266900.0,23146112.0,2020,4,15,14,45,2020-04-15 14:45
135,86.7,86.96,87.11,86.56,301300.0,26165312.0,2020,4,15,15,0,2020-04-15 15:00
136,86.18,86.36,88.25,86.0,852500.0,74176056.0,2020,4,16,9,45,2020-04-16 09:45
137,86.35,86.01,86.9,85.7,482700.0,41575488.0,2020,4,16,10,0,2020-04-16 10:00
138,86.03,87.22,87.7,86.03,450800.0,39318056.0,2020,4,16,10,15,2020-04-16 10:15
139,87.07,86.99,87.29,86.87,171100.0,14897024.0,2020,4,16,10,30,2020-04-16 10:30
140,86.99,87.33,87.59,86.99,219700.0,19173904.0,2020,4,16,10,45,2020-04-16 10:45
141,87.32,87.12,87.65,86.95,247900.0,21641824.0,2020,4,16,11,0,2020-04-16 11:00
142,87.12,87.68,87.88,87.03,222700.0,19492944.0,2020,4,16,11,15,2020-04-16 11:15
143,87.68,87.68,88.0,87.41,225000.0,19760704.0,2020,4,16,11,30,2020-04-16 11:30
144,87.76,87.41,87.78,87.2,185300.0,16207760.0,2020,4,16,13,15,2020-04-16 13:15
145,87.41,87.22,87.66,87.0,184400.0,16088464.0,2020,4,16,13,30,2020-04-16 13:30
146,87.15,87.38,87.54,87.08,197800.0,17271168.0,2020,4,16,13,45,2020-04-16 13:45
147,87.4,87.24,87.5,87.18,156100.0,13627648.0,2020,4,16,14,0,2020-04-16 14:00
148,87.24,87.19,87.58,87.12,207700.0,18131904.0,2020,4,16,14,15,2020-04-16 14:15
149,87.19,87.45,87.61,87.13,177300.0,15497184.0,2020,4,16,14,30,2020-04-16 14:30
150,87.47,87.5,87.85,87.38,195200.0,17086624.0,2020,4,16,14,45,2020-04-16 14:45
151,87.51,87.67,87.86,87.38,319900.0,28036064.0,2020,4,16,15,0,2020-04-16 15:00
152,88.91,87.37,89.5,87.1,796800.0,70241864.0,2020,4,17,9,45,2020-04-17 09:45
153,87.37,86.47,87.45,86.28,610900.0,52987760.0,2020,4,17,10,0,2020-04-17 10:00
154,86.47,87.19,87.45,86.12,373700.0,32382088.0,2020,4,17,10,15,2020-04-17 10:15
155,87.14,87.6,87.6,87.05,115800.0,10111600.0,2020,4,17,10,30,2020-04-17 10:30
156,87.6,87.45,87.78,87.14,142000.0,12411936.0,2020,4,17,10,45,2020-04-17 10:45
157,87.44,87.37,87.56,87.14,84600.0,7393008.0,2020,4,17,11,0,2020-04-17 11:00
158,87.37,87.57,87.79,87.36,114300.0,10013216.0,2020,4,17,11,15,2020-04-17 11:15
159,87.6,87.89,88.05,87.57,130500.0,11463696.0,2020,4,17,11,30,2020-04-17 11:30
160,87.89,88.2,88.37,87.48,304400.0,26791856.0,2020,4,17,13,15,2020-04-17 13:15
161,88.22,87.87,88.25,87.51,148600.0,13039232.0,2020,4,17,13,30,2020-04-17 13:30
162,88.0,88.14,88.44,87.76,260800.0,22983168.0,2020,4,17,13,45,2020-04-17 13:45
163,88.13,88.58,88.72,88.05,260200.0,23025952.0,2020,4,17,14,0,2020-04-17 14:00
164,88.57,87.71,88.58,87.68,195400.0,17226848.0,2020,4,17,14,15,2020-04-17 14:15
165,87.7,87.49,87.82,87.27,206700.0,18083680.0,2020,4,17,14,30,2020-04-17 14:30
166,87.49,87.36,87.76,87.3,143400.0,12550720.0,2020,4,17,14,45,2020-04-17 14:45
167,87.37,87.89,87.98,87.3,180900.0,15841600.0,2020,4,17,15,0,2020-04-17 15:00
168,87.95,87.92,88.8,87.01,552800.0,48639416.0,2020,4,20,9,45,2020-04-20 09:45
169,87.89,89.19,89.32,87.53,519700.0,46048776.0,2020,4,20,10,0,2020-04-20 10:00
170,89.19,87.82,89.19,87.77,391800.0,34579352.0,2020,4,20,10,15,2020-04-20 10:15
171,87.86,87.84,88.21,87.77,174200.0,15314088.0,2020,4,20,10,30,2020-04-20 10:30
172,87.88,88.04,88.2,87.77,98400.0,8657552.0,2020,4,20,10,45,2020-04-20 10:45
173,88.05,87.79,88.05,87.4,147300.0,12917216.0,2020,4,20,11,0,2020-04-20 11:00
174,87.84,88.04,88.4,87.79,170300.0,15004512.0,2020,4,20,11,15,2020-04-20 11:15
175,88.03,89.03,89.03,88.03,171500.0,15172864.0,2020,4,20,11,30,2020-04-20 11:30
176,89.29,88.86,89.3,88.59,298000.0,26521792.0,2020,4,20,13,15,2020-04-20 13:15
177,88.81,89.63,89.99,88.81,460000.0,41220576.0,2020,4,20,13,30,2020-04-20 13:30
178,89.63,89.77,89.89,89.3,242200.0,21711280.0,2020,4,20,13,45,2020-04-20 13:45
179,89.75,89.11,90.29,89.01,495300.0,44479232.0,2020,4,20,14,0,2020-04-20 14:00
180,89.06,88.5,89.16,88.35,309700.0,27488224.0,2020,4,20,14,15,2020-04-20 14:15
181,88.49,88.6,88.71,88.28,170900.0,15125696.0,2020,4,20,14,30,2020-04-20 14:30
182,88.6,88.17,88.6,88.01,336800.0,29715168.0,2020,4,20,14,45,2020-04-20 14:45
183,88.18,88.58,88.9,88.15,272600.0,24107104.0,2020,4,20,15,0,2020-04-20 15:00
184,88.1,87.0,88.84,86.8,908800.0,79782952.0,2020,4,21,9,45,2020-04-21 09:45
185,86.87,87.12,87.6,86.72,431600.0,37559456.0,2020,4,21,10,0,2020-04-21 10:00
186,87.07,87.42,87.42,86.77,285400.0,24839704.0,2020,4,21,10,15,2020-04-21 10:15
187,87.42,87.91,87.98,87.41,189600.0,16631184.0,2020,4,21,10,30,2020-04-21 10:30
188,87.89,88.68,88.7,87.5,364400.0,32150976.0,2020,4,21,10,45,2020-04-21 10:45
189,88.7,89.1,89.12,88.51,482100.0,42826608.0,2020,4,21,11,0,2020-04-21 11:00
190,89.07,88.27,89.08,88.11,171300.0,15177824.0,2020,4,21,11,15,2020-04-21 11:15
191,88.27,88.0,88.3,87.9,108100.0,9522544.0,2020,4,21,11,30,2020-04-21 11:30
192,87.88,87.62,88.4,87.54,195200.0,17161072.0,2020,4,21,13,15,2020-04-21 13:15
193,87.6,88.01,88.2,87.45,168500.0,14805056.0,2020,4,21,13,30,2020-04-21 13:30
194,88.01,87.86,88.08,87.71,107900.0,9484128.0,2020,4,21,13,45,2020-04-21 13:45
195,87.83,88.33,88.34,87.83,89500.0,7880416.0,2020,4,21,14,0,2020-04-21 14:00
196,88.35,88.82,89.0,88.15,202300.0,17923072.0,2020,4,21,14,15,2020-04-21 14:15
197,88.82,88.95,89.28,88.7,240700.0,21428128.0,2020,4,21,14,30,2020-04-21 14:30
198,88.93,88.85,89.45,88.78,299400.0,26685024.0,2020,4,21,14,45,2020-04-21 14:45
199,88.84,89.1,89.1,88.64,255800.0,22736224.0,2020,4,21,15,0,2020-04-21 15:00
200,89.0,88.78,89.0,87.9,472000.0,41763068.0,2020,4,22,9,45,2020-04-22 09:45
201,88.74,89.28,89.66,88.61,494400.0,44112372.0,2020,4,22,10,0,2020-04-22 10:00
202,89.31,88.83,89.37,88.59,349400.0,31068304.0,2020,4,22,10,15,2020-04-22 10:15
203,88.84,89.02,89.33,88.83,164100.0,14614736.0,2020,4,22,10,30,2020-04-22 10:30
204,89.01,89.89,90.2,89.0,604700.0,54346064.0,2020,4,22,10,45,2020-04-22 10:45
205,89.9,90.5,90.7,89.88,489300.0,44216768.0,2020,4,22,11,0,2020-04-22 11:00
206,90.5,89.88,90.5,89.7,232000.0,20888944.0,2020,4,22,11,15,2020-04-22 11:15
207,89.9,89.96,90.14,89.3,165600.0,14873520.0,2020,4,22,11,30,2020-04-22 11:30
208,89.96,89.73,90.1,89.6,185500.0,16660032.0,2020,4,22,13,15,2020-04-22 13:15
209,89.75,90.68,90.98,89.75,424600.0,38429056.0,2020,4,22,13,30,2020-04-22 13:30
210,90.68,90.2,90.79,90.08,216700.0,19600384.0,2020,4,22,13,45,2020-04-22 13:45
211,90.2,90.06,90.45,90.01,136700.0,12324512.0,2020,4,22,14,0,2020-04-22 14:00
212,90.06,89.89,90.25,89.7,221800.0,19953664.0,2020,4,22,14,15,2020-04-22 14:15
213,89.89,89.7,90.35,89.7,162000.0,14576736.0,2020,4,22,14,30,2020-04-22 14:30
214,89.7,90.2,90.26,89.68,211900.0,19062720.0,2020,4,22,14,45,2020-04-22 14:45
215,90.05,90.43,90.45,90.02,482600.0,43588480.0,2020,4,22,15,0,2020-04-22 15:00
216,91.99,94.19,95.5,91.99,2666900.0,250219424.0,2020,4,23,9,45,2020-04-23 09:45
217,94.25,93.22,94.31,92.82,866400.0,81191552.0,2020,4,23,10,0,2020-04-23 10:00
218,93.22,92.2,93.22,91.88,640300.0,59132768.0,2020,4,23,10,15,2020-04-23 10:15
219,92.2,92.09,92.21,91.23,326400.0,29971552.0,2020,4,23,10,30,2020-04-23 10:30
220,92.05,92.52,92.64,91.59,291400.0,26849696.0,2020,4,23,10,45,2020-04-23 10:45
221,92.5,92.6,92.8,92.05,324700.0,30053600.0,2020,4,23,11,0,2020-04-23 11:00
222,92.6,92.68,93.19,92.6,285500.0,26517280.0,2020,4,23,11,15,2020-04-23 11:15
223,92.76,92.88,93.1,92.61,218100.0,20247168.0,2020,4,23,11,30,2020-04-23 11:30
224,92.95,92.9,93.0,92.5,209500.0,19452992.0,2020,4,23,13,15,2020-04-23 13:15
225,92.92,93.1,93.15,92.76,193800.0,18032320.0,2020,4,23,13,30,2020-04-23 13:30
226,93.13,92.94,93.58,92.9,348200.0,32463616.0,2020,4,23,13,45,2020-04-23 13:45
227,92.92,92.15,92.98,92.13,210400.0,19491200.0,2020,4,23,14,0,2020-04-23 14:00
228,92.14,91.03,92.26,91.02,421200.0,38670464.0,2020,4,23,14,15,2020-04-23 14:15
229,91.04,91.08,91.38,90.69,515400.0,46917696.0,2020,4,23,14,30,2020-04-23 14:30
230,91.08,90.52,91.5,90.52,376000.0,34183488.0,2020,4,23,14,45,2020-04-23 14:45
231,90.51,89.91,90.56,87.87,934500.0,84152064.0,2020,4,23,15,0,2020-04-23 15:00
232,90.34,92.16,92.62,90.13,1636100.0,149619120.0,2020,4,24,9,45,2020-04-24 09:45
233,92.15,90.0,92.16,90.0,667200.0,60837328.0,2020,4,24,10,0,2020-04-24 10:00
234,90.0,91.48,91.48,89.92,617900.0,55909568.0,2020,4,24,10,15,2020-04-24 10:15
235,91.49,91.17,91.5,90.81,285400.0,26037664.0,2020,4,24,10,30,2020-04-24 10:30
236,91.17,91.88,92.0,91.17,261500.0,23955616.0,2020,4,24,10,45,2020-04-24 10:45
237,91.85,91.92,92.17,91.84,217500.0,20016672.0,2020,4,24,11,0,2020-04-24 11:00
238,91.9,92.26,92.57,91.62,313700.0,28943936.0,2020,4,24,11,15,2020-04-24 11:15
239,92.25,92.85,92.88,92.11,307000.0,28423584.0,2020,4,24,11,30,2020-04-24 11:30
240,92.87,92.08,92.88,91.83,268700.0,24820704.0,2020,4,24,13,15,2020-04-24 13:15
241,92.08,91.8,92.2,91.73,136400.0,12550048.0,2020,4,24,13,30,2020-04-24 13:30
242,91.85,92.01,92.39,91.62,151800.0,13970688.0,2020,4,24,13,45,2020-04-24 13:45
243,92.15,92.3,92.38,91.95,198800.0,18316640.0,2020,4,24,14,0,2020-04-24 14:00
244,92.32,92.41,93.38,92.17,569800.0,52916224.0,2020,4,24,14,15,2020-04-24 14:15
245,92.4,92.35,93.01,92.1,246100.0,22778144.0,2020,4,24,14,30,2020-04-24 14:30
246,92.35,92.12,92.5,91.72,252900.0,23271424.0,2020,4,24,14,45,2020-04-24 14:45
247,92.11,92.32,92.35,91.91,210400.0,19409728.0,2020,4,24,15,0,2020-04-24 15:00
248,91.57,91.14,93.48,90.8,1091400.0,100660600.0,2020,4,27,9,45,2020-04-27 09:45
249,91.24,93.07,93.09,91.16,480900.0,44340888.0,2020,4,27,10,0,2020-04-27 10:00
250,93.1,95.12,95.5,93.01,1304500.0,123255488.0,2020,4,27,10,15,2020-04-27 10:15
251,95.03,96.5,96.5,94.99,894600.0,85725776.0,2020,4,27,10,30,2020-04-27 10:30
252,96.5,95.97,96.88,95.56,552200.0,53213632.0,2020,4,27,10,45,2020-04-27 10:45
253,95.97,97.72,97.78,95.97,449100.0,43553344.0,2020,4,27,11,0,2020-04-27 11:00
254,97.76,98.99,99.26,97.05,754900.0,74227296.0,2020,4,27,11,15,2020-04-27 11:15
255,98.99,97.2,98.99,97.18,266600.0,26062272.0,2020,4,27,11,30,2020-04-27 11:30
256,97.26,98.06,98.3,96.66,295900.0,28783872.0,2020,4,27,13,15,2020-04-27 13:15
257,98.06,98.07,98.32,97.51,212800.0,20853696.0,2020,4,27,13,30,2020-04-27 13:30
258,98.07,97.82,98.07,97.5,168800.0,16520768.0,2020,4,27,13,45,2020-04-27 13:45
259,97.81,98.56,98.78,97.81,198000.0,19475968.0,2020,4,27,14,0,2020-04-27 14:00
260,98.68,97.9,98.68,97.62,157700.0,15467776.0,2020,4,27,14,15,2020-04-27 14:15
261,97.92,98.12,98.2,97.68,117000.0,11454912.0,2020,4,27,14,30,2020-04-27 14:30
262,98.13,97.39,98.17,97.25,212500.0,20748800.0,2020,4,27,14,45,2020-04-27 14:45
263,97.38,98.06,98.06,97.35,350500.0,34293824.0,2020,4,27,15,0,2020-04-27 15:00
264,97.99,97.3,98.6,97.09,896700.0,87686040.0,2020,4,28,9,45,2020-04-28 09:45
265,97.5,95.65,98.7,95.61,704900.0,68657368.0,2020,4,28,10,0,2020-04-28 10:00
266,95.51,95.91,96.06,94.7,1010500.0,96278288.0,2020,4,28,10,15,2020-04-28 10:15
267,95.92,96.0,96.44,95.39,306600.0,29408416.0,2020,4,28,10,30,2020-04-28 10:30
268,96.0,96.74,97.2,95.99,326700.0,31577280.0,2020,4,28,10,45,2020-04-28 10:45
269,96.75,97.32,97.4,96.72,198400.0,19283232.0,2020,4,28,11,0,2020-04-28 11:00
270,97.32,97.65,97.65,96.91,192800.0,18746304.0,2020,4,28,11,15,2020-04-28 11:15
271,97.78,98.02,98.27,97.62,191800.0,18779968.0,2020,4,28,11,30,2020-04-28 11:30
272,98.07,97.88,98.38,97.49,197800.0,19367488.0,2020,4,28,13,15,2020-04-28 13:15
273,97.85,97.25,98.19,97.2,240800.0,23556320.0,2020,4,28,13,30,2020-04-28 13:30
274,97.26,96.47,97.55,96.41,274500.0,26603840.0,2020,4,28,13,45,2020-04-28 13:45
275,96.47,97.34,97.41,96.15,197700.0,19158048.0,2020,4,28,14,0,2020-04-28 14:00
276,97.34,96.79,97.35,96.65,131200.0,12723072.0,2020,4,28,14,15,2020-04-28 14:15
277,96.8,96.99,97.58,96.7,176600.0,17158400.0,2020,4,28,14,30,2020-04-28 14:30
278,96.98,97.11,97.33,96.5,144000.0,13942944.0,2020,4,28,14,45,2020-04-28 14:45
279,97.11,97.0,97.21,96.6,278300.0,26993376.0,2020,4,28,15,0,2020-04-28 15:00
280,96.9,98.31,98.58,96.6,638700.0,62276520.0,2020,4,29,9,45,2020-04-29 09:45
281,98.2,101.4,101.85,97.86,1483400.0,148410432.0,2020,4,29,10,0,2020-04-29 10:00
282,101.4,103.63,103.9,101.4,1221900.0,125487840.0,2020,4,29,10,15,2020-04-29 10:15
283,103.77,103.0,103.77,102.0,495000.0,50898848.0,2020,4,29,10,30,2020-04-29 10:30
284,103.0,102.87,103.53,102.31,284500.0,29318592.0,2020,4,29,10,45,2020-04-29 10:45
285,102.87,102.98,103.2,102.31,200200.0,20552416.0,2020,4,29,11,0,2020-04-29 11:00
286,102.9,102.94,103.39,102.31,133900.0,13777728.0,2020,4,29,11,15,2020-04-29 11:15
287,103.0,102.69,103.38,102.3,161800.0,16616608.0,2020,4,29,11,30,2020-04-29 11:30
288,102.4,102.02,102.4,101.36,374700.0,38202464.0,2020,4,29,13,15,2020-04-29 13:15
289,102.0,101.5,102.35,101.4,242200.0,24698144.0,2020,4,29,13,30,2020-04-29 13:30
290,101.5,101.2,101.84,101.2,260300.0,26440224.0,2020,4,29,13,45,2020-04-29 13:45
291,101.15,99.79,101.15,99.59,439200.0,44068032.0,2020,4,29,14,0,2020-04-29 14:00
292,99.8,98.86,100.3,98.85,512000.0,50886080.0,2020,4,29,14,15,2020-04-29 14:15
293,98.89,99.28,99.64,98.76,388800.0,38566528.0,2020,4,29,14,30,2020-04-29 14:30
294,99.28,98.7,99.6,98.5,460200.0,45598144.0,2020,4,29,14,45,2020-04-29 14:45
295,98.67,98.98,98.98,97.88,501600.0,49413824.0,2020,4,29,15,0,2020-04-29 15:00
296,99.5,97.6,99.97,96.57,1313600.0,128287720.0,2020,4,30,9,45,2020-04-30 09:45
297,97.61,96.14,97.7,96.13,831300.0,80428200.0,2020,4,30,10,0,2020-04-30 10:00
298,96.13,95.28,96.14,95.0,1071800.0,102242832.0,2020,4,30,10,15,2020-04-30 10:15
299,95.28,96.29,96.42,95.28,323000.0,30986240.0,2020,4,30,10,30,2020-04-30 10:30
300,96.29,95.68,96.49,95.6,327100.0,31427744.0,2020,4,30,10,45,2020-04-30 10:45
301,95.68,95.7,96.15,95.66,318000.0,30474624.0,2020,4,30,11,0,2020-04-30 11:00
302,95.7,95.58,95.9,95.4,370300.0,35417952.0,2020,4,30,11,15,2020-04-30 11:15
303,95.5,95.07,95.5,94.8,526400.0,50116608.0,2020,4,30,11,30,2020-04-30 11:30
304,95.19,95.29,95.34,95.03,378100.0,35984512.0,2020,4,30,13,15,2020-04-30 13:15
305,95.18,95.02,95.3,94.89,312900.0,29737248.0,2020,4,30,13,30,2020-04-30 13:30
306,95.02,94.8,95.02,94.12,610700.0,57721600.0,2020,4,30,13,45,2020-04-30 13:45
307,94.8,94.99,95.0,94.53,255900.0,24231744.0,2020,4,30,14,0,2020-04-30 14:00
308,94.99,94.86,95.6,94.71,373500.0,35531264.0,2020,4,30,14,15,2020-04-30 14:15
309,94.7,95.19,95.7,94.63,300500.0,28627904.0,2020,4,30,14,30,2020-04-30 14:30
310,95.1,94.98,95.23,94.81,370000.0,35176128.0,2020,4,30,14,45,2020-04-30 14:45
311,94.98,94.4,94.98,94.39,443800.0,41996992.0,2020,4,30,15,0,2020-04-30 15:00
312,94.05,96.99,97.0,94.05,1395700.0,133765536.0,2020,5,6,9,45,2020-05-06 09:45
313,96.95,97.0,97.91,96.68,695100.0,67677104.0,2020,5,6,10,0,2020-05-06 10:00
314,97.0,97.35,97.37,96.69,295500.0,28680240.0,2020,5,6,10,15,2020-05-06 10:15
315,97.36,98.38,98.38,97.25,456100.0,44637856.0,2020,5,6,10,30,2020-05-06 10:30
316,98.39,98.39,98.8,97.89,310500.0,30529280.0,2020,5,6,10,45,2020-05-06 10:45
317,98.39,98.17,98.47,97.78,156400.0,15346944.0,2020,5,6,11,0,2020-05-06 11:00
318,98.18,98.55,98.79,98.0,166200.0,16358016.0,2020,5,6,11,15,2020-05-06 11:15
319,98.02,99.28,99.32,98.02,192700.0,19037248.0,2020,5,6,11,30,2020-05-06 11:30
320,99.28,99.95,100.2,99.28,351600.0,35101280.0,2020,5,6,13,15,2020-05-06 13:15
321,99.96,100.47,100.79,99.61,346700.0,34738368.0,2020,5,6,13,30,2020-05-06 13:30
322,100.36,101.08,101.08,100.0,250900.0,25245056.0,2020,5,6,13,45,2020-05-06 13:45
323,101.08,101.32,101.5,100.3,233000.0,23517056.0,2020,5,6,14,0,2020-05-06 14:00
324,101.32,101.08,101.32,100.42,173200.0,17464256.0,2020,5,6,14,15,2020-05-06 14:15
325,101.08,101.88,101.99,101.04,236900.0,24045408.0,2020,5,6,14,30,2020-05-06 14:30
326,101.86,102.8,102.95,101.81,293800.0,30113248.0,2020,5,6,14,45,2020-05-06 14:45
327,102.8,101.85,102.8,101.55,331300.0,33769600.0,2020,5,6,15,0,2020-05-06 15:00
328,102.8,102.53,103.28,100.42,781200.0,79745984.0,2020,5,7,9,45,2020-05-07 09:45
329,102.7,101.34,102.7,100.87,274200.0,27833656.0,2020,5,7,10,0,2020-05-07 10:00
330,101.34,102.6,102.71,100.98,233500.0,23726032.0,2020,5,7,10,15,2020-05-07 10:15
331,102.55,101.33,102.66,101.25,218300.0,22264776.0,2020,5,7,10,30,2020-05-07 10:30
332,101.33,102.08,102.2,101.03,172900.0,17553680.0,2020,5,7,10,45,2020-05-07 10:45
333,102.0,102.98,103.3,102.0,302200.0,31044976.0,2020,5,7,11,0,2020-05-07 11:00
334,102.88,102.01,102.99,101.89,152300.0,15591808.0,2020,5,7,11,15,2020-05-07 11:15
335,102.02,102.47,102.51,101.65,156200.0,15941888.0,2020,5,7,11,30,2020-05-07 11:30
336,102.49,101.45,102.51,101.29,159900.0,16257104.0,2020,5,7,13,15,2020-05-07 13:15
337,101.45,101.35,101.67,101.15,119000.0,12061680.0,2020,5,7,13,30,2020-05-07 13:30
338,101.42,101.9,102.22,101.42,131500.0,13397328.0,2020,5,7,13,45,2020-05-07 13:45
339,101.89,102.11,102.41,101.78,130800.0,13356256.0,2020,5,7,14,0,2020-05-07 14:00
340,102.1,101.6,102.78,101.6,208000.0,21267488.0,2020,5,7,14,15,2020-05-07 14:15
341,101.59,102.0,102.11,101.41,216900.0,22050496.0,2020,5,7,14,30,2020-05-07 14:30
342,102.05,101.69,102.05,101.55,143000.0,14555328.0,2020,5,7,14,45,2020-05-07 14:45
343,101.69,102.1,102.1,101.6,285800.0,29098112.0,2020,5,7,15,0,2020-05-07 15:00
344,101.99,102.37,103.79,101.99,472700.0,48593304.0,2020,5,8,9,45,2020-05-08 09:45
345,102.37,103.15,103.17,102.02,324100.0,33234080.0,2020,5,8,10,0,2020-05-08 10:00
346,103.23,103.0,104.41,102.96,497500.0,51537784.0,2020,5,8,10,15,2020-05-08 10:15
347,102.99,102.11,102.99,102.1,277200.0,28434320.0,2020,5,8,10,30,2020-05-08 10:30
348,102.14,101.84,102.15,101.38,349000.0,35511568.0,2020,5,8,10,45,2020-05-08 10:45
349,101.82,102.22,102.33,101.8,148100.0,15110848.0,2020,5,8,11,0,2020-05-08 11:00
350,102.22,102.17,102.6,102.1,136000.0,13925184.0,2020,5,8,11,15,2020-05-08 11:15
351,102.15,101.64,102.19,101.56,210800.0,21454096.0,2020,5,8,11,30,2020-05-08 11:30
352,101.57,101.99,102.1,101.38,267800.0,27267712.0,2020,5,8,13,15,2020-05-08 13:15
353,101.99,101.95,102.24,101.82,275100.0,28069888.0,2020,5,8,13,30,2020-05-08 13:30
354,101.94,101.5,102.13,101.42,349100.0,35486432.0,2020,5,8,13,45,2020-05-08 13:45
355,101.5,100.76,101.56,100.68,507700.0,51287264.0,2020,5,8,14,0,2020-05-08 14:00
356,100.79,101.18,101.51,100.39,290200.0,29291040.0,2020,5,8,14,15,2020-05-08 14:15
357,101.18,101.49,101.49,100.95,241100.0,24399648.0,2020,5,8,14,30,2020-05-08 14:30
358,101.44,101.33,101.8,101.11,179600.0,18230176.0,2020,5,8,14,45,2020-05-08 14:45
359,101.33,101.36,101.37,100.73,252900.0,25563776.0,2020,5,8,15,0,2020-05-08 15:00
360,101.36,100.1,101.36,98.64,1166600.0,116089320.0,2020,5,11,9,45,2020-05-11 09:45
361,100.09,99.9,101.0,99.69,355800.0,35677544.0,2020,5,11,10,0,2020-05-11 10:00
362,99.9,99.4,100.2,99.23,307100.0,30586544.0,2020,5,11,10,15,2020-05-11 10:15
363,99.4,98.85,99.69,98.6,328000.0,32449056.0,2020,5,11,10,30,2020-05-11 10:30
364,99.0,98.88,99.83,98.86,277000.0,27522832.0,2020,5,11,10,45,2020-05-11 10:45
365,98.85,98.3,99.0,98.28,319800.0,31537488.0,2020,5,11,11,0,2020-05-11 11:00
366,98.39,98.78,99.14,98.39,198800.0,19643968.0,2020,5,11,11,15,2020-05-11 11:15
367,98.87,98.91,99.2,98.41,146700.0,14485184.0,2020,5,11,11,30,2020-05-11 11:30
368,98.91,99.69,99.79,98.91,285700.0,28424512.0,2020,5,11,13,15,2020-05-11 13:15
369,99.69,98.34,99.73,98.32,205800.0,20329952.0,2020,5,11,13,30,2020-05-11 13:30
370,98.31,98.56,98.78,98.1,300100.0,29536512.0,2020,5,11,13,45,2020-05-11 13:45
371,98.49,98.58,98.84,98.37,171800.0,16923520.0,2020,5,11,14,0,2020-05-11 14:00
372,98.58,98.5,98.78,98.35,163500.0,16118208.0,2020,5,11,14,15,2020-05-11 14:15
373,98.52,98.55,98.73,98.28,173900.0,17138208.0,2020,5,11,14,30,2020-05-11 14:30
374,98.58,98.78,99.16,98.53,192500.0,19011872.0,2020,5,11,14,45,2020-05-11 14:45
375,98.79,99.11,99.19,98.7,251300.0,24863168.0,2020,5,11,15,0,2020-05-11 15:00
376,99.5,103.3,103.86,99.03,1381000.0,140600784.0,2020,5,12,9,45,2020-05-12 09:45
377,103.5,103.29,104.7,103.15,845000.0,87799088.0,2020,5,12,10,0,2020-05-12 10:00
378,103.3,104.11,104.51,102.89,567500.0,58867104.0,2020,5,12,10,15,2020-05-12 10:15
379,104.1,103.08,104.24,103.04,249600.0,25868832.0,2020,5,12,10,30,2020-05-12 10:30
380,103.02,102.8,103.25,102.62,196800.0,20254272.0,2020,5,12,10,45,2020-05-12 10:45
381,102.83,102.69,102.9,102.44,149900.0,15382112.0,2020,5,12,11,0,2020-05-12 11:00
382,102.62,102.34,102.69,102.1,111000.0,11358400.0,2020,5,12,11,15,2020-05-12 11:15
383,102.53,101.73,102.65,101.73,135500.0,13842112.0,2020,5,12,11,30,2020-05-12 11:30
384,101.5,102.41,102.53,101.48,323200.0,32975424.0,2020,5,12,13,15,2020-05-12 13:15
385,102.13,102.38,102.66,102.05,121700.0,12460768.0,2020,5,12,13,30,2020-05-12 13:30
386,102.43,101.78,102.55,101.6,166500.0,16984960.0,2020,5,12,13,45,2020-05-12 13:45
387,101.68,102.21,102.5,101.68,102500.0,10461216.0,2020,5,12,14,0,2020-05-12 14:00
388,102.03,102.0,102.34,101.86,119300.0,12177984.0,2020,5,12,14,15,2020-05-12 14:15
389,101.93,102.18,102.34,101.93,122800.0,12548352.0,2020,5,12,14,30,2020-05-12 14:30
390,102.2,102.11,102.79,101.93,231900.0,23713984.0,2020,5,12,14,45,2020-05-12 14:45
391,102.17,102.66,102.67,102.0,259900.0,26614880.0,2020,5,12,15,0,2020-05-12 15:00
392,102.5,102.87,103.47,101.93,568900.0,58357116.0,2020,5,13,9,45,2020-05-13 09:45
393,103.04,102.75,103.49,102.36,324100.0,33358692.0,2020,5,13,10,0,2020-05-13 10:00
394,102.8,105.0,105.05,102.8,558000.0,58168240.0,2020,5,13,10,15,2020-05-13 10:15
395,105.0,105.06,105.15,104.13,269300.0,28236096.0,2020,5,13,10,30,2020-05-13 10:30
396,105.08,105.88,105.98,104.58,563500.0,59428096.0,2020,5,13,10,45,2020-05-13 10:45
397,105.89,105.15,106.0,104.91,237600.0,25079232.0,2020,5,13,11,0,2020-05-13 11:00
398,105.15,105.09,105.3,104.7,140500.0,14753616.0,2020,5,13,11,15,2020-05-13 11:15
399,105.09,105.45,105.59,104.61,147200.0,15474656.0,2020,5,13,11,30,2020-05-13 11:30
400,105.38,104.91,105.45,104.6,178700.0,18768544.0,2020,5,13,13,15,2020-05-13 13:15
401,104.91,104.62,105.13,104.6,122000.0,12794496.0,2020,5,13,13,30,2020-05-13 13:30
402,104.61,104.3,104.74,104.0,133800.0,13985184.0,2020,5,13,13,45,2020-05-13 13:45
403,104.3,104.6,104.79,104.19,133300.0,13911712.0,2020,5,13,14,0,2020-05-13 14:00
404,104.6,104.73,104.88,104.41,101400.0,10619776.0,2020,5,13,14,15,2020-05-13 14:15
405,104.72,105.0,105.24,104.72,183500.0,19270592.0,2020,5,13,14,30,2020-05-13 14:30
406,104.88,104.96,105.08,104.76,160300.0,16829248.0,2020,5,13,14,45,2020-05-13 14:45
407,104.96,104.96,105.01,104.49,238400.0,24981824.0,2020,5,13,15,0,2020-05-13 15:00
408,104.01,103.6,105.39,103.51,498400.0,51862044.0,2020,5,14,9,45,2020-05-14 09:45
409,103.67,103.42,104.3,103.06,298000.0,30869180.0,2020,5,14,10,0,2020-05-14 10:00
410,103.43,103.89,104.1,103.28,131000.0,13594424.0,2020,5,14,10,15,2020-05-14 10:15
411,103.9,103.83,104.35,103.8,127200.0,13235552.0,2020,5,14,10,30,2020-05-14 10:30
412,103.83,103.78,104.08,103.42,134500.0,13946480.0,2020,5,14,10,45,2020-05-14 10:45
413,103.78,103.4,103.83,103.35,95900.0,9929456.0,2020,5,14,11,0,2020-05-14 11:00
414,103.55,104.11,104.18,103.55,103500.0,10758784.0,2020,5,14,11,15,2020-05-14 11:15
415,104.04,104.21,104.24,103.8,77100.0,8028208.0,2020,5,14,11,30,2020-05-14 11:30
416,104.19,103.92,104.3,103.8,102100.0,10622032.0,2020,5,14,13,15,2020-05-14 13:15
417,103.93,104.25,104.5,103.93,86100.0,8976016.0,2020,5,14,13,30,2020-05-14 13:30
418,104.19,104.13,104.37,104.0,68800.0,7171712.0,2020,5,14,13,45,2020-05-14 13:45
419,104.18,104.2,104.44,104.0,59900.0,6242704.0,2020,5,14,14,0,2020-05-14 14:00
420,104.2,104.13,104.48,104.04,123800.0,12906528.0,2020,5,14,14,15,2020-05-14 14:15
421,104.2,104.32,104.34,103.92,154300.0,16056256.0,2020,5,14,14,30,2020-05-14 14:30
422,104.31,104.5,104.63,104.15,171500.0,17913696.0,2020,5,14,14,45,2020-05-14 14:45
423,104.5,104.19,104.52,103.93,162600.0,16955664.0,2020,5,14,15,0,2020-05-14 15:00
424,104.86,103.61,105.16,103.33,398100.0,41424292.0,2020,5,15,9,45,2020-05-15 09:45
425,103.52,101.32,103.6,100.8,1142900.0,116230672.0,2020,5,15,10,0,2020-05-15 10:00
426,101.3,99.89,101.48,99.87,755400.0,76132752.0,2020,5,15,10,15,2020-05-15 10:15
427,99.89,100.3,100.7,99.8,486800.0,48760800.0,2020,5,15,10,30,2020-05-15 10:30
428,100.38,100.05,100.38,99.3,514300.0,51333728.0,2020,5,15,10,45,2020-05-15 10:45
429,100.05,98.8,100.05,98.67,643400.0,63813920.0,2020,5,15,11,0,2020-05-15 11:00
430,98.99,99.45,99.83,98.9,276300.0,27476480.0,2020,5,15,11,15,2020-05-15 11:15
431,99.46,100.04,100.06,99.4,188500.0,18783520.0,2020,5,15,11,30,2020-05-15 11:30
432,100.04,100.92,100.93,99.81,336500.0,33779104.0,2020,5,15,13,15,2020-05-15 13:15
433,100.92,101.2,101.4,100.92,210600.0,21288032.0,2020,5,15,13,30,2020-05-15 13:30
434,101.29,101.36,101.77,101.14,236000.0,23951744.0,2020,5,15,13,45,2020-05-15 13:45
435,101.36,101.19,101.64,101.02,114200.0,11575872.0,2020,5,15,14,0,2020-05-15 14:00
436,101.38,100.89,101.38,100.78,118300.0,11939392.0,2020,5,15,14,15,2020-05-15 14:15
437,100.9,100.8,101.0,100.62,141400.0,14250880.0,2020,5,15,14,30,2020-05-15 14:30
438,100.8,100.78,101.56,100.55,213500.0,21604864.0,2020,5,15,14,45,2020-05-15 14:45
439,100.8,101.4,101.5,100.8,196500.0,19883328.0,2020,5,15,15,0,2020-05-15 15:00
440,100.01,101.2,103.78,100.01,926000.0,94539992.0,2020,5,18,9,45,2020-05-18 09:45
441,101.2,101.44,102.33,101.09,406400.0,41338776.0,2020,5,18,10,0,2020-05-18 10:00
442,101.43,102.28,102.5,101.33,291700.0,29724080.0,2020,5,18,10,15,2020-05-18 10:15
443,102.27,103.34,103.35,102.21,302300.0,31106528.0,2020,5,18,10,30,2020-05-18 10:30
444,103.34,104.0,104.3,103.27,538600.0,55893312.0,2020,5,18,10,45,2020-05-18 10:45
445,104.0,104.36,104.49,103.9,302600.0,31501632.0,2020,5,18,11,0,2020-05-18 11:00
446,104.36,103.85,104.86,103.8,250900.0,26206400.0,2020,5,18,11,15,2020-05-18 11:15
447,104.0,104.29,104.45,103.31,187900.0,19518464.0,2020,5,18,11,30,2020-05-18 11:30
448,104.1,104.05,104.29,103.78,195800.0,20377184.0,2020,5,18,13,15,2020-05-18 13:15
449,104.09,103.91,104.36,103.86,137000.0,14259392.0,2020,5,18,13,30,2020-05-18 13:30
450,103.89,104.09,104.29,103.53,152300.0,15835968.0,2020,5,18,13,45,2020-05-18 13:45
451,104.16,104.2,104.4,103.91,157800.0,16447648.0,2020,5,18,14,0,2020-05-18 14:00
452,104.07,104.47,104.98,103.95,334500.0,34946240.0,2020,5,18,14,15,2020-05-18 14:15
453,104.47,104.46,104.7,104.17,115300.0,12040992.0,2020,5,18,14,30,2020-05-18 14:30
454,104.46,103.21,104.46,103.21,253700.0,26312576.0,2020,5,18,14,45,2020-05-18 14:45
455,103.21,103.75,103.97,103.21,214900.0,22272448.0,2020,5,18,15,0,2020-05-18 15:00
456,105.0,103.7,106.6,103.6,833300.0,87684456.0,2020,5,19,9,45,2020-05-19 09:45
457,103.57,103.93,104.12,103.38,230900.0,23949216.0,2020,5,19,10,0,2020-05-19 10:00
458,103.94,103.31,103.94,102.9,271300.0,28038520.0,2020,5,19,10,15,2020-05-19 10:15
459,103.13,103.75,104.0,103.12,133400.0,13839536.0,2020,5,19,10,30,2020-05-19 10:30
460,103.74,103.77,103.86,103.38,85600.0,8875760.0,2020,5,19,10,45,2020-05-19 10:45
461,103.77,104.11,104.3,103.7,77300.0,8037488.0,2020,5,19,11,0,2020-05-19 11:00
462,104.08,104.22,104.4,104.06,63300.0,6593888.0,2020,5,19,11,15,2020-05-19 11:15
463,104.22,104.92,105.01,104.09,180500.0,18875632.0,2020,5,19,11,30,2020-05-19 11:30
464,104.99,105.3,105.38,104.22,224600.0,23534864.0,2020,5,19,13,15,2020-05-19 13:15
465,105.33,105.37,105.81,105.06,210100.0,22169744.0,2020,5,19,13,30,2020-05-19 13:30
466,105.34,105.37,105.8,105.12,183100.0,19316144.0,2020,5,19,13,45,2020-05-19 13:45
467,105.36,105.63,105.81,104.86,191900.0,20241936.0,2020,5,19,14,0,2020-05-19 14:00
468,105.63,105.35,105.9,105.01,167100.0,17657920.0,2020,5,19,14,15,2020-05-19 14:15
469,105.35,105.41,105.49,105.16,142100.0,14973216.0,2020,5,19,14,30,2020-05-19 14:30
470,105.41,105.24,105.47,105.02,148100.0,15584000.0,2020,5,19,14,45,2020-05-19 14:45
471,105.25,105.33,105.46,105.05,251400.0,26471904.0,2020,5,19,15,0,2020-05-19 15:00
472,105.99,105.68,106.22,104.25,623800.0,65879336.0,2020,5,20,9,45,2020-05-20 09:45
473,105.68,104.94,105.68,104.52,296500.0,31166368.0,2020,5,20,10,0,2020-05-20 10:00
474,104.9,104.42,105.1,104.26,198000.0,20716368.0,2020,5,20,10,15,2020-05-20 10:15
475,104.45,103.76,104.7,103.76,189900.0,19775704.0,2020,5,20,10,30,2020-05-20 10:30
476,103.8,104.02,104.21,103.46,203600.0,21160432.0,2020,5,20,10,45,2020-05-20 10:45
477,104.02,103.85,104.21,103.84,90700.0,9434352.0,2020,5,20,11,0,2020-05-20 11:00
478,103.83,103.4,103.83,103.07,162500.0,16808496.0,2020,5,20,11,15,2020-05-20 11:15
479,103.4,103.13,103.67,103.07,106800.0,11030736.0,2020,5,20,11,30,2020-05-20 11:30
480,103.1,102.15,103.1,101.8,462900.0,47420192.0,2020,5,20,13,15,2020-05-20 13:15
481,102.15,102.49,102.55,101.63,212900.0,21734304.0,2020,5,20,13,30,2020-05-20 13:30
482,102.41,102.57,103.09,102.14,235100.0,24148016.0,2020,5,20,13,45,2020-05-20 13:45
483,102.55,102.07,102.6,102.02,138300.0,14145088.0,2020,5,20,14,0,2020-05-20 14:00
484,102.03,101.83,102.38,101.63,219700.0,22396096.0,2020,5,20,14,15,2020-05-20 14:15
485,101.83,101.21,101.98,100.52,618600.0,62573120.0,2020,5,20,14,30,2020-05-20 14:30
486,101.21,100.97,101.8,100.58,275500.0,27845824.0,2020,5,20,14,45,2020-05-20 14:45
487,100.84,101.0,101.65,100.72,301800.0,30523872.0,2020,5,20,15,0,2020-05-20 15:00
488,102.01,104.75,104.87,102.01,1164100.0,120464032.0,2020,5,21,9,45,2020-05-21 09:45
489,104.8,104.48,105.3,104.43,894100.0,93839344.0,2020,5,21,10,0,2020-05-21 10:00
490,104.48,103.8,104.48,103.4,369600.0,38428160.0,2020,5,21,10,15,2020-05-21 10:15
491,103.8,104.83,105.25,103.7,443500.0,46441904.0,2020,5,21,10,30,2020-05-21 10:30
492,104.8,105.05,105.27,104.22,299000.0,31372544.0,2020,5,21,10,45,2020-05-21 10:45
493,105.05,105.9,105.9,104.81,1222900.0,128928736.0,2020,5,21,11,0,2020-05-21 11:00
494,105.88,105.97,106.14,105.42,441600.0,46747904.0,2020,5,21,11,15,2020-05-21 11:15
495,105.75,105.33,106.49,105.21,338600.0,35893664.0,2020,5,21,11,30,2020-05-21 11:30
496,105.31,104.11,105.71,104.11,300500.0,31492352.0,2020,5,21,13,15,2020-05-21 13:15
497,104.12,103.96,104.43,103.78,270500.0,28134208.0,2020,5,21,13,30,2020-05-21 13:30
498,103.96,103.06,104.0,102.8,337300.0,34874304.0,2020,5,21,13,45,2020-05-21 13:45
499,103.05,102.81,103.29,102.69,214500.0,22073088.0,2020,5,21,14,0,2020-05-21 14:00
500,103.0,102.73,103.35,102.4,254600.0,26185728.0,2020,5,21,14,15,2020-05-21 14:15
501,102.71,102.68,102.81,102.11,266300.0,27273920.0,2020,5,21,14,30,2020-05-21 14:30
502,102.7,101.98,102.77,101.8,280000.0,28646208.0,2020,5,21,14,45,2020-05-21 14:45
503,101.98,102.44,102.46,101.88,332700.0,33973568.0,2020,5,21,15,0,2020-05-21 15:00
504,103.39,102.71,104.02,101.91,667300.0,68645984.0,2020,5,22,9,45,2020-05-22 09:45
505,102.62,102.29,103.23,102.07,286500.0,29368296.0,2020,5,22,10,0,2020-05-22 10:00
506,102.0,103.22,103.42,101.7,325900.0,33366136.0,2020,5,22,10,15,2020-05-22 10:15
507,103.22,103.05,104.0,103.0,237300.0,24580176.0,2020,5,22,10,30,2020-05-22 10:30
508,103.05,102.77,103.1,102.61,152200.0,15657648.0,2020,5,22,10,45,2020-05-22 10:45
509,102.79,101.41,102.8,101.39,333100.0,33925760.0,2020,5,22,11,0,2020-05-22 11:00
510,101.46,100.6,102.0,100.5,220600.0,22373728.0,2020,5,22,11,15,2020-05-22 11:15
511,100.8,100.5,100.8,99.99,354000.0,35520400.0,2020,5,22,11,30,2020-05-22 11:30
512,100.2,100.99,101.5,99.99,259200.0,26071792.0,2020,5,22,13,15,2020-05-22 13:15
513,100.99,100.4,100.99,100.0,205700.0,20626240.0,2020,5,22,13,30,2020-05-22 13:30
514,100.26,100.0,100.65,99.93,252800.0,25340128.0,2020,5,22,13,45,2020-05-22 13:45
515,99.99,99.5,100.0,99.31,345300.0,34424032.0,2020,5,22,14,0,2020-05-22 14:00
516,99.5,100.0,100.4,99.4,246900.0,24640384.0,2020,5,22,14,15,2020-05-22 14:15
517,99.99,100.23,100.71,99.99,178400.0,17911296.0,2020,5,22,14,30,2020-05-22 14:30
518,100.28,99.47,100.47,99.47,268300.0,26754496.0,2020,5,22,14,45,2020-05-22 14:45
519,99.45,99.3,99.72,99.15,335100.0,33303232.0,2020,5,22,15,0,2020-05-22 15:00
520,99.39,100.35,100.8,98.6,805500.0,80333912.0,2020,5,25,9,45,2020-05-25 09:45
521,100.35,101.0,101.29,100.14,479300.0,48342464.0,2020,5,25,10,0,2020-05-25 10:00
522,101.0,101.25,101.96,100.81,304600.0,30895592.0,2020,5,25,10,15,2020-05-25 10:15
523,101.22,101.0,101.33,100.52,121200.0,12242880.0,2020,5,25,10,30,2020-05-25 10:30
524,101.0,100.8,101.18,100.54,158100.0,15935408.0,2020,5,25,10,45,2020-05-25 10:45
525,100.8,101.28,101.3,100.63,124300.0,12559424.0,2020,5,25,11,0,2020-05-25 11:00
526,101.28,102.76,102.85,101.16,350300.0,35787728.0,2020,5,25,11,15,2020-05-25 11:15
527,102.8,102.28,102.8,102.0,137200.0,14052416.0,2020,5,25,11,30,2020-05-25 11:30
528,102.0,102.96,103.3,101.95,277700.0,28508000.0,2020,5,25,13,15,2020-05-25 13:15
529,102.96,103.07,103.12,102.67,120500.0,12398944.0,2020,5,25,13,30,2020-05-25 13:30
530,103.1,103.02,103.5,102.8,248000.0,25570496.0,2020,5,25,13,45,2020-05-25 13:45
531,103.04,102.45,103.18,102.41,169800.0,17443712.0,2020,5,25,14,0,2020-05-25 14:00
532,102.55,103.16,103.2,102.4,153100.0,15743840.0,2020,5,25,14,15,2020-05-25 14:15
533,103.16,103.04,103.29,102.65,225700.0,23265632.0,2020,5,25,14,30,2020-05-25 14:30
534,103.29,103.86,103.91,102.85,298300.0,30831328.0,2020,5,25,14,45,2020-05-25 14:45
535,103.8,103.3,104.0,102.81,350100.0,36187936.0,2020,5,25,15,0,2020-05-25 15:00
536,104.0,102.6,104.17,102.31,632400.0,65347636.0,2020,5,26,9,45,2020-05-26 09:45
537,102.64,103.48,103.76,102.62,248400.0,25610804.0,2020,5,26,10,0,2020-05-26 10:00
538,103.22,103.53,104.16,103.0,310200.0,32158744.0,2020,5,26,10,15,2020-05-26 10:15
539,103.99,104.0,104.16,103.5,231300.0,24050544.0,2020,5,26,10,30,2020-05-26 10:30
540,104.03,104.17,104.2,103.5,160900.0,16716192.0,2020,5,26,10,45,2020-05-26 10:45
541,104.18,104.24,104.26,103.83,172200.0,17926432.0,2020,5,26,11,0,2020-05-26 11:00
542,104.03,104.7,105.31,103.85,309100.0,32408496.0,2020,5,26,11,15,2020-05-26 11:15
543,104.89,105.0,105.1,104.0,133000.0,13933968.0,2020,5,26,11,30,2020-05-26 11:30
544,104.9,104.89,105.06,104.28,141300.0,14798848.0,2020,5,26,13,15,2020-05-26 13:15
545,104.88,104.97,105.0,104.56,120900.0,12671184.0,2020,5,26,13,30,2020-05-26 13:30
546,104.97,104.49,105.2,104.35,217200.0,22797376.0,2020,5,26,13,45,2020-05-26 13:45
547,104.51,104.4,104.75,104.35,98000.0,10238176.0,2020,5,26,14,0,2020-05-26 14:00
548,104.38,104.18,104.44,104.0,152300.0,15869856.0,2020,5,26,14,15,2020-05-26 14:15
549,104.12,104.0,104.3,103.7,180900.0,18804160.0,2020,5,26,14,30,2020-05-26 14:30
550,103.75,104.09,104.37,103.75,146300.0,15238688.0,2020,5,26,14,45,2020-05-26 14:45
551,104.0,104.2,104.2,103.8,245500.0,25542752.0,2020,5,26,15,0,2020-05-26 15:00
552,104.0,103.33,104.6,103.02,419600.0,43568500.0,2020,5,27,9,45,2020-05-27 09:45
553,103.29,102.7,103.36,102.61,327600.0,33731324.0,2020,5,27,10,0,2020-05-27 10:00
554,102.88,102.23,102.88,101.89,305200.0,31224304.0,2020,5,27,10,15,2020-05-27 10:15
555,102.17,101.54,102.22,101.4,220500.0,22433600.0,2020,5,27,10,30,2020-05-27 10:30
556,101.5,101.31,101.5,100.72,314600.0,31825296.0,2020,5,27,10,45,2020-05-27 10:45
557,101.31,101.95,101.95,101.3,153700.0,15626896.0,2020,5,27,11,0,2020-05-27 11:00
558,101.97,101.73,102.23,101.5,118900.0,12113168.0,2020,5,27,11,15,2020-05-27 11:15
559,101.73,102.0,102.2,101.7,68200.0,6952128.0,2020,5,27,11,30,2020-05-27 11:30
560,102.0,101.44,102.02,101.13,132800.0,13470000.0,2020,5,27,13,15,2020-05-27 13:15
561,101.44,101.3,101.87,101.1,108700.0,11006592.0,2020,5,27,13,30,2020-05-27 13:30
562,101.28,101.58,101.74,100.85,264500.0,26751728.0,2020,5,27,13,45,2020-05-27 13:45
563,101.5,101.18,101.58,101.0,118700.0,12027328.0,2020,5,27,14,0,2020-05-27 14:00
564,101.13,100.94,101.49,100.83,197500.0,19955024.0,2020,5,27,14,15,2020-05-27 14:15
565,100.91,100.76,101.29,100.58,220000.0,22189696.0,2020,5,27,14,30,2020-05-27 14:30
566,100.76,100.34,100.91,100.29,248100.0,24956896.0,2020,5,27,14,45,2020-05-27 14:45
567,100.34,100.87,101.14,100.34,226800.0,22858528.0,2020,5,27,15,0,2020-05-27 15:00
568,100.7,101.43,101.5,99.72,610300.0,61331720.0,2020,5,28,9,45,2020-05-28 09:45
569,101.43,100.38,101.69,100.01,265400.0,26813688.0,2020,5,28,10,0,2020-05-28 10:00
570,100.38,99.86,100.52,99.71,275000.0,27490240.0,2020,5,28,10,15,2020-05-28 10:15
571,99.89,99.97,100.18,99.5,261300.0,26062816.0,2020,5,28,10,30,2020-05-28 10:30
572,99.93,100.0,100.15,99.7,82400.0,8237120.0,2020,5,28,10,45,2020-05-28 10:45
573,100.0,99.97,100.44,99.92,124400.0,12447888.0,2020,5,28,11,0,2020-05-28 11:00
574,99.97,99.1,100.0,99.0,341400.0,33906464.0,2020,5,28,11,15,2020-05-28 11:15
575,99.1,98.0,99.1,97.77,531300.0,52309280.0,2020,5,28,11,30,2020-05-28 11:30
576,97.78,99.7,99.74,97.58,465100.0,45893520.0,2020,5,28,13,15,2020-05-28 13:15
577,99.66,100.25,100.32,99.3,218600.0,21829984.0,2020,5,28,13,30,2020-05-28 13:30
578,100.25,100.35,100.6,100.19,190300.0,19095488.0,2020,5,28,13,45,2020-05-28 13:45
579,100.3,100.19,100.43,99.9,247000.0,24750880.0,2020,5,28,14,0,2020-05-28 14:00
580,100.19,100.78,100.78,100.1,120300.0,12081088.0,2020,5,28,14,15,2020-05-28 14:15
581,100.84,100.84,101.0,100.55,128100.0,12916704.0,2020,5,28,14,30,2020-05-28 14:30
582,100.85,100.28,101.08,100.0,264100.0,26527872.0,2020,5,28,14,45,2020-05-28 14:45
583,100.28,100.62,100.62,99.92,326300.0,32713728.0,2020,5,28,15,0,2020-05-28 15:00
584,100.0,102.71,102.9,100.0,826100.0,84216408.0,2020,5,29,9,45,2020-05-29 09:45
585,102.6,103.7,104.2,102.6,761400.0,78957208.0,2020,5,29,10,0,2020-05-29 10:00
586,103.7,104.29,104.63,103.7,516700.0,53865984.0,2020,5,29,10,15,2020-05-29 10:15
587,104.23,104.94,105.47,104.2,606400.0,63711760.0,2020,5,29,10,30,2020-05-29 10:30
588,104.93,104.5,105.1,104.11,246200.0,25791680.0,2020,5,29,10,45,2020-05-29 10:45
589,104.5,105.27,105.3,104.5,197500.0,20725664.0,2020,5,29,11,0,2020-05-29 11:00
590,105.28,105.4,106.36,105.11,654200.0,69188480.0,2020,5,29,11,15,2020-05-29 11:15
591,105.3,105.9,106.07,105.27,231300.0,24443520.0,2020,5,29,11,30,2020-05-29 11:30
592,105.82,105.0,105.84,104.37,361700.0,37968288.0,2020,5,29,13,15,2020-05-29 13:15
593,104.83,105.54,105.55,104.8,218600.0,22978272.0,2020,5,29,13,30,2020-05-29 13:30
594,105.55,104.93,105.55,104.73,317800.0,33403552.0,2020,5,29,13,45,2020-05-29 13:45
595,104.93,105.27,105.46,104.8,289800.0,30469440.0,2020,5,29,14,0,2020-05-29 14:00
596,105.27,105.01,105.88,104.92,381600.0,40214912.0,2020,5,29,14,15,2020-05-29 14:15
597,105.02,105.02,105.5,104.9,413500.0,43501696.0,2020,5,29,14,30,2020-05-29 14:30
598,105.01,105.12,105.21,104.87,315200.0,33104768.0,2020,5,29,14,45,2020-05-29 14:45
599,105.1,105.11,105.17,104.87,577300.0,60668160.0,2020,5,29,15,0,2020-05-29 15:00
600,105.55,105.55,106.47,104.72,645400.0,67996016.0,2020,6,1,9,45,2020-06-01 09:45
601,105.55,105.1,105.62,104.68,360800.0,37875248.0,2020,6,1,10,0,2020-06-01 10:00
602,105.1,105.98,106.06,104.88,395700.0,41779104.0,2020,6,1,10,15,2020-06-01 10:15
603,105.97,105.32,105.99,105.02,369700.0,39002544.0,2020,6,1,10,30,2020-06-01 10:30
604,105.31,105.11,105.37,104.82,214000.0,22460848.0,2020,6,1,10,45,2020-06-01 10:45
605,105.12,105.55,105.55,104.99,187800.0,19747632.0,2020,6,1,11,0,2020-06-01 11:00
606,105.55,105.23,106.0,105.1,284100.0,29992784.0,2020,6,1,11,15,2020-06-01 11:15
607,105.2,105.58,105.58,105.07,180800.0,19052064.0,2020,6,1,11,30,2020-06-01 11:30
608,105.57,105.4,105.58,104.87,234000.0,24624288.0,2020,6,1,13,15,2020-06-01 13:15
609,105.4,105.7,106.13,105.36,452000.0,47842016.0,2020,6,1,13,30,2020-06-01 13:30
610,105.79,105.4,105.8,105.3,272200.0,28730208.0,2020,6,1,13,45,2020-06-01 13:45
611,105.42,105.74,105.9,105.38,175100.0,18513568.0,2020,6,1,14,0,2020-06-01 14:00
612,105.74,105.0,105.81,104.91,298800.0,31463200.0,2020,6,1,14,15,2020-06-01 14:15
613,105.0,105.0,105.02,104.94,179900.0,18887744.0,2020,6,1,14,30,2020-06-01 14:30
614,104.98,104.88,105.02,104.44,320100.0,33542496.0,2020,6,1,14,45,2020-06-01 14:45
615,104.98,105.1,105.18,104.86,261900.0,27507104.0,2020,6,1,15,0,2020-06-01 15:00
616,105.5,104.4,105.91,103.51,694800.0,72831896.0,2020,6,2,9,45,2020-06-02 09:45
617,104.5,104.01,104.5,103.3,303800.0,31533888.0,2020,6,2,10,0,2020-06-02 10:00
618,104.0,103.34,104.0,103.32,206500.0,21396256.0,2020,6,2,10,15,2020-06-02 10:15
619,103.34,103.81,103.96,103.3,120000.0,12439544.0,2020,6,2,10,30,2020-06-02 10:30
620,103.79,103.8,103.94,103.46,156400.0,16213632.0,2020,6,2,10,45,2020-06-02 10:45
621,103.66,103.71,103.87,103.35,164100.0,16989984.0,2020,6,2,11,0,2020-06-02 11:00
622,103.71,102.78,103.84,102.76,307300.0,31679792.0,2020,6,2,11,15,2020-06-02 11:15
623,102.77,102.2,103.1,102.02,281000.0,28768592.0,2020,6,2,11,30,2020-06-02 11:30
624,102.2,101.97,102.59,101.73,327100.0,33367200.0,2020,6,2,13,15,2020-06-02 13:15
625,102.12,101.73,102.31,101.66,299300.0,30513392.0,2020,6,2,13,30,2020-06-02 13:30
626,101.72,101.82,102.22,101.3,303900.0,30949856.0,2020,6,2,13,45,2020-06-02 13:45
627,101.85,102.1,102.28,101.8,169500.0,17276544.0,2020,6,2,14,0,2020-06-02 14:00
628,102.1,101.75,102.1,101.55,326800.0,33247360.0,2020,6,2,14,15,2020-06-02 14:15
629,101.68,102.4,102.7,101.68,285300.0,29147104.0,2020,6,2,14,30,2020-06-02 14:30
630,102.37,102.29,102.44,102.05,221400.0,22635904.0,2020,6,2,14,45,2020-06-02 14:45
631,102.31,102.41,102.57,102.03,263000.0,26920640.0,2020,6,2,15,0,2020-06-02 15:00
632,102.8,102.69,103.3,102.38,435500.0,44785556.0,2020,6,3,9,45,2020-06-03 09:45
633,102.81,103.74,103.75,102.69,306900.0,31673156.0,2020,6,3,10,0,2020-06-03 10:00
634,103.74,104.38,104.38,103.53,392200.0,40805504.0,2020,6,3,10,15,2020-06-03 10:15
635,104.39,104.56,104.8,104.0,248500.0,25959672.0,2020,6,3,10,30,2020-06-03 10:30
636,104.55,104.7,105.19,104.48,291800.0,30595872.0,2020,6,3,10,45,2020-06-03 10:45
637,104.6,104.49,104.69,104.08,161600.0,16874656.0,2020,6,3,11,0,2020-06-03 11:00
638,104.49,103.9,104.88,103.83,140000.0,14584032.0,2020,6,3,11,15,2020-06-03 11:15
639,103.9,103.2,103.9,102.79,271500.0,28063728.0,2020,6,3,11,30,2020-06-03 11:30
640,103.2,104.18,104.3,103.14,159800.0,16581808.0,2020,6,3,13,15,2020-06-03 13:15
641,104.05,103.81,104.7,103.66,160500.0,16732208.0,2020,6,3,13,30,2020-06-03 13:30
642,104.05,104.5,104.58,103.81,164200.0,17117312.0,2020,6,3,13,45,2020-06-03 13:45
643,104.5,104.75,105.08,104.34,312400.0,32737760.0,2020,6,3,14,0,2020-06-03 14:00
644,104.8,105.71,106.15,104.8,747100.0,78887744.0,2020,6,3,14,15,2020-06-03 14:15
645,106.0,106.19,106.58,105.81,630200.0,66939968.0,2020,6,3,14,30,2020-06-03 14:30
646,106.2,107.05,107.19,105.62,686100.0,73061536.0,2020,6,3,14,45,2020-06-03 14:45
647,107.05,107.28,107.32,106.7,534100.0,57194560.0,2020,6,3,15,0,2020-06-03 15:00
648,106.9,106.32,107.97,106.19,773200.0,82627968.0,2020,6,4,9,45,2020-06-04 09:45
649,106.34,106.43,106.8,106.01,298400.0,31739944.0,2020,6,4,10,0,2020-06-04 10:00
650,106.42,106.1,107.26,106.0,292300.0,31168392.0,2020,6,4,10,15,2020-06-04 10:15
651,106.1,106.1,106.53,106.1,129900.0,13804288.0,2020,6,4,10,30,2020-06-04 10:30
652,106.1,106.22,106.48,106.08,141200.0,15001520.0,2020,6,4,10,45,2020-06-04 10:45
653,106.25,106.28,106.45,106.11,83700.0,8891632.0,2020,6,4,11,0,2020-06-04 11:00
654,106.28,105.92,106.35,105.54,175200.0,18555328.0,2020,6,4,11,15,2020-06-04 11:15
655,105.91,106.33,106.4,105.87,92500.0,9819824.0,2020,6,4,11,30,2020-06-04 11:30
656,106.37,106.68,106.86,106.26,158400.0,16880976.0,2020,6,4,13,15,2020-06-04 13:15
657,106.68,106.58,106.96,106.5,220700.0,23561056.0,2020,6,4,13,30,2020-06-04 13:30
658,106.4,106.78,107.01,106.4,148400.0,15857600.0,2020,6,4,13,45,2020-06-04 13:45
659,106.78,106.66,106.95,106.5,124300.0,13273936.0,2020,6,4,14,0,2020-06-04 14:00
660,106.66,106.77,106.89,106.5,164900.0,17591136.0,2020,6,4,14,15,2020-06-04 14:15
661,106.75,106.63,106.77,106.2,169200.0,18005984.0,2020,6,4,14,30,2020-06-04 14:30
662,106.59,106.22,106.85,106.1,182900.0,19489696.0,2020,6,4,14,45,2020-06-04 14:45
663,106.33,106.7,106.79,106.05,207700.0,22105664.0,2020,6,4,15,0,2020-06-04 15:00
664,106.7,108.5,109.5,106.6,738900.0,79918152.0,2020,6,5,9,45,2020-06-05 09:45
665,108.4,107.87,108.59,106.9,438900.0,47316200.0,2020,6,5,10,0,2020-06-05 10:00
666,107.9,109.97,110.38,107.82,580700.0,63576960.0,2020,6,5,10,15,2020-06-05 10:15
667,109.8,110.49,110.51,109.45,330000.0,36349728.0,2020,6,5,10,30,2020-06-05 10:30
668,110.49,110.44,110.95,110.01,302900.0,33498336.0,2020,6,5,10,45,2020-06-05 10:45
669,110.44,110.55,111.16,110.4,357300.0,39596976.0,2020,6,5,11,0,2020-06-05 11:00
670,110.5,110.02,110.99,109.53,297300.0,32780576.0,2020,6,5,11,15,2020-06-05 11:15
671,110.02,110.38,111.1,110.02,267700.0,29643232.0,2020,6,5,11,30,2020-06-05 11:30
672,110.23,110.25,110.7,110.0,193400.0,21356768.0,2020,6,5,13,15,2020-06-05 13:15
673,110.26,112.8,112.8,110.25,554900.0,61827424.0,2020,6,5,13,30,2020-06-05 13:30
674,112.6,111.94,113.19,111.85,356500.0,40139776.0,2020,6,5,13,45,2020-06-05 13:45
675,112.0,112.01,112.22,111.41,153200.0,17138272.0,2020,6,5,14,0,2020-06-05 14:00
676,112.1,111.75,112.79,111.5,261800.0,29383744.0,2020,6,5,14,15,2020-06-05 14:15
677,111.75,112.35,112.55,111.43,141600.0,15867776.0,2020,6,5,14,30,2020-06-05 14:30
678,112.35,112.41,112.48,111.8,151300.0,16959168.0,2020,6,5,14,45,2020-06-05 14:45
679,112.41,112.7,112.76,112.17,293200.0,33015488.0,2020,6,5,15,0,2020-06-05 15:00
680,114.0,114.41,114.5,112.51,932700.0,105963952.0,2020,6,8,9,45,2020-06-08 09:45
681,114.38,114.57,115.34,113.7,767000.0,88000304.0,2020,6,8,10,0,2020-06-08 10:00
682,114.57,112.6,114.73,112.57,476500.0,54157248.0,2020,6,8,10,15,2020-06-08 10:15
683,112.58,111.55,112.93,111.5,389600.0,43682880.0,2020,6,8,10,30,2020-06-08 10:30
684,111.55,112.97,113.08,111.55,326200.0,36650496.0,2020,6,8,10,45,2020-06-08 10:45
685,112.9,113.37,113.58,112.86,238700.0,27029184.0,2020,6,8,11,0,2020-06-08 11:00
686,113.37,113.07,113.5,112.29,186500.0,21066112.0,2020,6,8,11,15,2020-06-08 11:15
687,113.09,112.41,113.21,112.18,124900.0,14076000.0,2020,6,8,11,30,2020-06-08 11:30
688,112.56,112.32,112.96,112.26,138500.0,15596672.0,2020,6,8,13,15,2020-06-08 13:15
689,112.38,111.57,112.51,111.51,177700.0,19897376.0,2020,6,8,13,30,2020-06-08 13:30
690,111.56,112.36,112.37,111.5,170800.0,19126336.0,2020,6,8,13,45,2020-06-08 13:45
691,112.39,111.97,112.39,111.89,140900.0,15797984.0,2020,6,8,14,0,2020-06-08 14:00
692,111.97,111.82,112.19,111.71,236300.0,26446080.0,2020,6,8,14,15,2020-06-08 14:15
693,111.81,111.76,111.94,111.5,314200.0,35106496.0,2020,6,8,14,30,2020-06-08 14:30
694,111.51,111.91,112.17,111.51,272900.0,30544256.0,2020,6,8,14,45,2020-06-08 14:45
695,112.05,111.98,112.06,111.49,277500.0,31016768.0,2020,6,8,15,0,2020-06-08 15:00
696,111.91,113.05,113.1,110.6,745600.0,83241080.0,2020,6,9,9,45,2020-06-09 09:45
697,112.96,112.35,113.08,112.09,347400.0,39140320.0,2020,6,9,10,0,2020-06-09 10:00
698,112.7,112.34,114.0,112.3,523400.0,59184120.0,2020,6,9,10,15,2020-06-09 10:15
699,112.3,111.9,112.3,111.58,229100.0,25626336.0,2020,6,9,10,30,2020-06-09 10:30
700,111.9,111.9,112.2,111.33,168700.0,18841968.0,2020,6,9,10,45,2020-06-09 10:45
701,111.86,111.72,112.0,111.48,151000.0,16877216.0,2020,6,9,11,0,2020-06-09 11:00
702,111.67,111.65,112.19,111.53,187600.0,20972528.0,2020,6,9,11,15,2020-06-09 11:15
703,111.56,112.11,112.15,111.51,107700.0,12051120.0,2020,6,9,11,30,2020-06-09 11:30
704,112.15,112.32,112.65,112.11,217800.0,24473920.0,2020,6,9,13,15,2020-06-09 13:15
705,112.28,111.62,112.38,111.61,178900.0,20029536.0,2020,6,9,13,30,2020-06-09 13:30
706,111.63,111.85,112.03,111.63,164200.0,18363040.0,2020,6,9,13,45,2020-06-09 13:45
707,111.86,111.79,112.17,111.71,187800.0,21002752.0,2020,6,9,14,0,2020-06-09 14:00
708,111.79,111.7,112.11,111.62,197100.0,22038400.0,2020,6,9,14,15,2020-06-09 14:15
709,111.69,111.52,111.69,111.52,218500.0,24377440.0,2020,6,9,14,30,2020-06-09 14:30
710,111.52,111.75,111.78,111.32,292500.0,32604256.0,2020,6,9,14,45,2020-06-09 14:45
711,111.71,112.14,112.14,111.56,301400.0,33700640.0,2020,6,9,15,0,2020-06-09 15:00
712,111.8,113.11,113.61,111.76,635500.0,71609696.0,2020,6,10,9,45,2020-06-10 09:45
713,113.1,113.75,114.07,112.56,508000.0,57592624.0,2020,6,10,10,0,2020-06-10 10:00
714,113.8,114.33,114.88,113.8,352800.0,40324992.0,2020,6,10,10,15,2020-06-10 10:15
715,114.41,114.22,114.5,113.8,166100.0,18972240.0,2020,6,10,10,30,2020-06-10 10:30
716,114.22,113.31,114.22,113.02,194100.0,22023344.0,2020,6,10,10,45,2020-06-10 10:45
717,113.24,113.24,113.55,113.04,114200.0,12932672.0,2020,6,10,11,0,2020-06-10 11:00
718,113.24,113.43,113.48,113.04,104700.0,11858448.0,2020,6,10,11,15,2020-06-10 11:15
719,113.37,113.84,114.01,113.37,98700.0,11226048.0,2020,6,10,11,30,2020-06-10 11:30
720,113.84,114.22,114.28,113.76,201800.0,22994592.0,2020,6,10,13,15,2020-06-10 13:15
721,114.22,113.95,114.39,113.87,122100.0,13931552.0,2020,6,10,13,30,2020-06-10 13:30
722,113.95,113.05,114.05,112.9,263200.0,29845056.0,2020,6,10,13,45,2020-06-10 13:45
723,113.05,113.4,113.4,112.72,217700.0,24610432.0,2020,6,10,14,0,2020-06-10 14:00
724,113.41,113.28,113.58,112.97,98300.0,11130784.0,2020,6,10,14,15,2020-06-10 14:15
725,113.26,112.99,113.6,112.99,115500.0,13085696.0,2020,6,10,14,30,2020-06-10 14:30
726,112.99,113.08,113.27,112.88,103600.0,11709504.0,2020,6,10,14,45,2020-06-10 14:45
727,113.06,113.7,113.7,112.93,265100.0,30046016.0,2020,6,10,15,0,2020-06-10 15:00
728,113.6,113.94,115.0,113.22,629900.0,72019576.0,2020,6,11,9,45,2020-06-11 09:45
729,113.95,114.6,114.66,113.88,360100.0,41110824.0,2020,6,11,10,0,2020-06-11 10:00
730,114.6,114.62,114.75,114.13,250000.0,28619296.0,2020,6,11,10,15,2020-06-11 10:15
731,114.68,113.96,114.95,113.9,301500.0,34510448.0,2020,6,11,10,30,2020-06-11 10:30
732,113.93,113.05,113.94,112.8,334200.0,37812912.0,2020,6,11,10,45,2020-06-11 10:45
733,113.18,112.4,113.23,112.28,241700.0,27275088.0,2020,6,11,11,0,2020-06-11 11:00
734,112.44,112.47,112.72,111.92,372600.0,41824016.0,2020,6,11,11,15,2020-06-11 11:15
735,112.47,113.03,113.16,112.39,138000.0,15572800.0,2020,6,11,11,30,2020-06-11 11:30
736,113.02,112.36,113.02,112.0,209400.0,23558624.0,2020,6,11,13,15,2020-06-11 13:15
737,112.35,112.29,112.5,111.5,191800.0,21460832.0,2020,6,11,13,30,2020-06-11 13:30
738,112.29,112.2,112.29,111.0,252000.0,28112800.0,2020,6,11,13,45,2020-06-11 13:45
739,112.2,111.71,112.21,111.71,97500.0,10922368.0,2020,6,11,14,0,2020-06-11 14:00
740,111.71,111.23,111.71,110.8,229000.0,25470816.0,2020,6,11,14,15,2020-06-11 14:15
741,111.29,111.41,111.7,111.23,129600.0,14442880.0,2020,6,11,14,30,2020-06-11 14:30
742,111.58,112.19,112.28,111.54,162300.0,18154208.0,2020,6,11,14,45,2020-06-11 14:45
743,112.17,112.07,112.35,111.44,214000.0,23956896.0,2020,6,11,15,0,2020-06-11 15:00
744,109.6,112.8,113.56,109.08,964000.0,107329232.0,2020,6,12,9,45,2020-06-12 09:45
745,113.0,113.1,113.66,112.82,457600.0,51824960.0,2020,6,12,10,0,2020-06-12 10:00
746,113.2,113.02,113.7,112.26,300000.0,33891552.0,2020,6,12,10,15,2020-06-12 10:15
747,113.44,113.86,114.16,113.13,326700.0,37191712.0,2020,6,12,10,30,2020-06-12 10:30
748,113.76,114.8,114.87,113.36,349600.0,39954928.0,2020,6,12,10,45,2020-06-12 10:45
749,114.79,115.6,115.87,114.51,481300.0,55470560.0,2020,6,12,11,0,2020-06-12 11:00
750,115.57,115.3,115.6,114.73,192600.0,22181120.0,2020,6,12,11,15,2020-06-12 11:15
751,115.3,115.77,115.79,114.9,219300.0,25292032.0,2020,6,12,11,30,2020-06-12 11:30
752,115.8,116.02,116.49,115.37,482400.0,55965568.0,2020,6,12,13,15,2020-06-12 13:15
753,116.0,115.91,116.25,115.75,206900.0,24016928.0,2020,6,12,13,30,2020-06-12 13:30
754,115.9,115.72,115.9,115.22,252000.0,29139808.0,2020,6,12,13,45,2020-06-12 13:45
755,115.78,116.4,116.54,115.56,321700.0,37385632.0,2020,6,12,14,0,2020-06-12 14:00
756,116.45,116.73,116.8,116.24,316700.0,36923840.0,2020,6,12,14,15,2020-06-12 14:15
757,116.74,117.07,117.08,115.99,460900.0,53796160.0,2020,6,12,14,30,2020-06-12 14:30
758,117.08,116.67,117.37,116.6,555900.0,65086144.0,2020,6,12,14,45,2020-06-12 14:45
759,116.68,115.1,116.87,115.1,730100.0,84536000.0,2020,6,12,15,0,2020-06-12 15:00
760,117.21,117.6,120.01,117.21,1593000.0,189280800.0,2020,6,15,9,45,2020-06-15 09:45
761,117.62,117.82,119.0,117.49,455800.0,53850160.0,2020,6,15,10,0,2020-06-15 10:00
762,117.81,119.17,119.28,117.73,350100.0,41530992.0,2020,6,15,10,15,2020-06-15 10:15
763,119.08,118.43,119.2,118.18,152300.0,18090624.0,2020,6,15,10,30,2020-06-15 10:30
764,118.43,117.8,118.53,117.61,351600.0,41465888.0,2020,6,15,10,45,2020-06-15 10:45
765,117.8,118.33,118.33,117.79,127400.0,15029120.0,2020,6,15,11,0,2020-06-15 11:00
766,118.35,118.48,118.8,118.11,158300.0,18762112.0,2020,6,15,11,15,2020-06-15 11:15
767,118.34,118.58,118.58,118.14,106500.0,12603232.0,2020,6,15,11,30,2020-06-15 11:30
768,118.5,117.32,118.55,117.3,316700.0,37265248.0,2020,6,15,13,15,2020-06-15 13:15
769,117.31,117.7,118.14,117.28,189300.0,22268224.0,2020,6,15,13,30,2020-06-15 13:30
770,117.7,117.48,118.11,117.48,178000.0,20962848.0,2020,6,15,13,45,2020-06-15 13:45
771,117.49,117.15,117.96,116.92,252900.0,29712576.0,2020,6,15,14,0,2020-06-15 14:00
772,117.15,117.28,117.7,116.82,215700.0,25274880.0,2020,6,15,14,15,2020-06-15 14:15
773,117.3,117.48,118.0,117.28,200800.0,23640448.0,2020,6,15,14,30,2020-06-15 14:30
774,117.48,117.2,117.83,116.98,216100.0,25364544.0,2020,6,15,14,45,2020-06-15 14:45
775,117.3,116.51,117.39,116.51,273200.0,31954496.0,2020,6,15,15,0,2020-06-15 15:00
776,117.04,117.99,117.99,116.3,813500.0,95294688.0,2020,6,16,9,45,2020-06-16 09:45
777,117.99,119.09,119.18,117.71,611600.0,72398864.0,2020,6,16,10,0,2020-06-16 10:00
778,119.1,119.39,119.5,118.4,312500.0,37201456.0,2020,6,16,10,15,2020-06-16 10:15
779,119.39,119.88,120.15,119.11,424900.0,50865280.0,2020,6,16,10,30,2020-06-16 10:30
780,119.86,119.27,119.86,118.92,256900.0,30682240.0,2020,6,16,10,45,2020-06-16 10:45
781,119.27,119.34,119.5,118.84,140300.0,16704480.0,2020,6,16,11,0,2020-06-16 11:00
782,119.41,118.33,119.41,118.17,183700.0,21809952.0,2020,6,16,11,15,2020-06-16 11:15
783,118.24,118.31,118.5,118.0,135200.0,15971296.0,2020,6,16,11,30,2020-06-16 11:30
784,118.3,118.0,118.46,117.88,189800.0,22400000.0,2020,6,16,13,15,2020-06-16 13:15
785,117.99,118.1,118.31,117.62,192300.0,22697664.0,2020,6,16,13,30,2020-06-16 13:30
786,118.09,118.69,118.81,118.03,198700.0,23549728.0,2020,6,16,13,45,2020-06-16 13:45
787,118.67,118.61,118.77,118.34,133600.0,15830880.0,2020,6,16,14,0,2020-06-16 14:00
788,118.67,118.59,118.8,118.51,121800.0,14458336.0,2020,6,16,14,15,2020-06-16 14:15
789,118.58,118.99,119.2,118.56,182000.0,21632896.0,2020,6,16,14,30,2020-06-16 14:30
790,119.0,119.0,119.0,118.4,157000.0,18633824.0,2020,6,16,14,45,2020-06-16 14:45
791,118.99,118.88,119.0,118.5,247900.0,29455008.0,2020,6,16,15,0,2020-06-16 15:00
792,118.88,119.05,119.78,118.52,600400.0,71560544.0,2020,6,17,9,45,2020-06-17 09:45
793,119.05,120.79,120.81,119.0,569700.0,68301088.0,2020,6,17,10,0,2020-06-17 10:00
794,120.8,120.79,121.46,120.7,696500.0,84371968.0,2020,6,17,10,15,2020-06-17 10:15
795,120.68,121.5,121.5,120.6,315200.0,38155744.0,2020,6,17,10,30,2020-06-17 10:30
796,121.55,120.35,121.64,120.08,532900.0,64308512.0,2020,6,17,10,45,2020-06-17 10:45
797,120.35,120.7,120.72,120.08,271000.0,32605600.0,2020,6,17,11,0,2020-06-17 11:00
798,120.71,122.22,122.26,120.69,445800.0,54205984.0,2020,6,17,11,15,2020-06-17 11:15
799,122.27,122.07,122.27,121.86,191300.0,23358496.0,2020,6,17,13,0,2020-06-17 13:00
