,open,close,high,low,vol,amount,year,month,day,hour,minute,datetime
0,12.68,12.61,12.68,12.61,66200.0,836996.0,2020,4,2,13,15,2020-04-02 13:15
1,12.6,12.62,12.65,12.59,137000.0,1729992.0,2020,4,2,13,30,2020-04-02 13:30
2,12.62,12.64,12.67,12.58,193000.0,2437154.0,2020,4,2,13,45,2020-04-02 13:45
3,12.64,12.66,12.67,12.6,114900.0,1452116.0,2020,4,2,14,0,2020-04-02 14:00
4,12.66,12.72,12.78,12.64,437800.0,5561856.0,2020,4,2,14,15,2020-04-02 14:15
5,12.72,12.81,12.82,12.67,341000.0,4348840.0,2020,4,2,14,30,2020-04-02 14:30
6,12.82,12.83,12.85,12.76,569200.0,7291060.0,2020,4,2,14,45,2020-04-02 14:45
7,12.81,12.88,12.88,12.81,772700.0,9929160.0,2020,4,2,15,0,2020-04-02 15:00
8,12.82,12.8,12.86,12.69,473600.0,6052182.0,2020,4,3,9,45,2020-04-03 09:45
9,12.81,12.94,12.97,12.8,354800.0,4570466.0,2020,4,3,10,0,2020-04-03 10:00
10,12.95,12.87,12.96,12.83,305700.0,3940528.0,2020,4,3,10,15,2020-04-03 10:15
11,12.89,12.98,12.99,12.86,332700.0,4308226.0,2020,4,3,10,30,2020-04-03 10:30
12,12.98,12.94,12.98,12.9,225500.0,2917168.0,2020,4,3,10,45,2020-04-03 10:45
13,12.94,12.81,12.94,12.75,240200.0,3076802.0,2020,4,3,11,0,2020-04-03 11:00
14,12.81,12.81,12.85,12.76,126900.0,1623128.0,2020,4,3,11,15,2020-04-03 11:15
15,12.81,12.77,12.81,12.71,230000.0,2933034.0,2020,4,3,11,30,2020-04-03 11:30
16,12.76,12.75,12.79,12.71,155900.0,1987888.0,2020,4,3,13,15,2020-04-03 13:15
17,12.75,12.76,12.81,12.73,116000.0,1481430.0,2020,4,3,13,30,2020-04-03 13:30
18,12.76,12.86,12.91,12.73,313500.0,4025296.0,2020,4,3,13,45,2020-04-03 13:45
19,12.86,12.8,12.89,12.8,134500.0,1729076.0,2020,4,3,14,0,2020-04-03 14:00
20,12.8,12.75,12.84,12.73,248000.0,3168168.0,2020,4,3,14,15,2020-04-03 14:15
21,12.75,12.8,12.81,12.73,297800.0,3800380.0,2020,4,3,14,30,2020-04-03 14:30
22,12.81,12.81,12.9,12.8,281200.0,3612232.0,2020,4,3,14,45,2020-04-03 14:45
23,12.81,12.83,12.89,12.79,524500.0,6733428.0,2020,4,3,15,0,2020-04-03 15:00
24,13.12,13.07,13.21,12.96,1069200.0,14011157.0,2020,4,7,9,45,2020-04-07 09:45
25,13.06,13.03,13.13,12.96,611100.0,7961735.0,2020,4,7,10,0,2020-04-07 10:00
26,13.01,13.06,13.1,12.96,208400.0,2713278.0,2020,4,7,10,15,2020-04-07 10:15
27,13.07,13.01,13.07,12.98,193100.0,2514598.0,2020,4,7,10,30,2020-04-07 10:30
28,13.01,13.03,13.04,12.99,169700.0,2207712.0,2020,4,7,10,45,2020-04-07 10:45
29,13.03,13.03,13.04,12.99,196200.0,2551876.0,2020,4,7,11,0,2020-04-07 11:00
30,13.02,13.06,13.06,13.0,192800.0,2511572.0,2020,4,7,11,15,2020-04-07 11:15
31,13.06,13.04,13.07,13.04,113000.0,1475092.0,2020,4,7,11,30,2020-04-07 11:30
32,13.03,13.06,13.1,13.01,314700.0,4109672.0,2020,4,7,13,15,2020-04-07 13:15
33,13.06,13.12,13.15,13.06,154300.0,2021368.0,2020,4,7,13,30,2020-04-07 13:30
34,13.12,13.11,13.12,13.01,332500.0,4345920.0,2020,4,7,13,45,2020-04-07 13:45
35,13.11,13.16,13.17,13.08,321000.0,4212180.0,2020,4,7,14,0,2020-04-07 14:00
36,13.17,13.19,13.19,13.1,405900.0,5342600.0,2020,4,7,14,15,2020-04-07 14:15
37,13.18,13.22,13.23,13.16,376500.0,4968704.0,2020,4,7,14,30,2020-04-07 14:30
38,13.21,13.14,13.23,13.12,385200.0,5067356.0,2020,4,7,14,45,2020-04-07 14:45
39,13.13,13.18,13.22,13.08,1004300.0,13210324.0,2020,4,7,15,0,2020-04-07 15:00
40,13.1,13.14,13.14,13.0,520200.0,6800540.0,2020,4,8,9,45,2020-04-08 09:45
41,13.14,13.24,13.25,13.1,428100.0,5635968.0,2020,4,8,10,0,2020-04-08 10:00
42,13.24,13.23,13.27,13.17,466800.0,6172620.0,2020,4,8,10,15,2020-04-08 10:15
43,13.23,13.23,13.26,13.19,188500.0,2492252.0,2020,4,8,10,30,2020-04-08 10:30
44,13.23,13.19,13.23,13.17,150400.0,1985424.0,2020,4,8,10,45,2020-04-08 10:45
45,13.18,13.17,13.22,13.14,173100.0,2282340.0,2020,4,8,11,0,2020-04-08 11:00
46,13.16,13.21,13.21,13.13,211700.0,2785408.0,2020,4,8,11,15,2020-04-08 11:15
47,13.21,13.26,13.26,13.18,169100.0,2235660.0,2020,4,8,11,30,2020-04-08 11:30
48,13.26,13.26,13.33,13.25,326100.0,4334832.0,2020,4,8,13,15,2020-04-08 13:15
49,13.26,13.24,13.28,13.22,86400.0,1144292.0,2020,4,8,13,30,2020-04-08 13:30
50,13.23,13.29,13.3,13.2,233300.0,3087388.0,2020,4,8,13,45,2020-04-08 13:45
51,13.3,13.28,13.31,13.25,127900.0,1699200.0,2020,4,8,14,0,2020-04-08 14:00
52,13.27,13.17,13.27,13.17,177200.0,2341524.0,2020,4,8,14,15,2020-04-08 14:15
53,13.17,13.1,13.18,13.09,294800.0,3874128.0,2020,4,8,14,30,2020-04-08 14:30
54,13.11,13.23,13.25,13.11,360200.0,4747164.0,2020,4,8,14,45,2020-04-08 14:45
55,13.23,13.24,13.27,13.21,553700.0,7332816.0,2020,4,8,15,0,2020-04-08 15:00
56,13.44,13.45,13.48,13.19,805500.0,10764180.0,2020,4,9,9,45,2020-04-09 09:45
57,13.48,13.36,13.58,13.36,966700.0,13046264.0,2020,4,9,10,0,2020-04-09 10:00
58,13.36,13.37,13.4,13.29,339700.0,4528652.0,2020,4,9,10,15,2020-04-09 10:15
59,13.37,13.36,13.44,13.29,296700.0,3964052.0,2020,4,9,10,30,2020-04-09 10:30
60,13.36,13.22,13.39,13.22,256300.0,3408580.0,2020,4,9,10,45,2020-04-09 10:45
61,13.24,13.26,13.29,13.21,221500.0,2931064.0,2020,4,9,11,0,2020-04-09 11:00
62,13.25,13.22,13.26,13.18,188100.0,2486328.0,2020,4,9,11,15,2020-04-09 11:15
63,13.22,13.27,13.33,13.19,198400.0,2633252.0,2020,4,9,11,30,2020-04-09 11:30
64,13.29,13.23,13.31,13.23,133100.0,1766020.0,2020,4,9,13,15,2020-04-09 13:15
65,13.23,13.24,13.26,13.19,116400.0,1538476.0,2020,4,9,13,30,2020-04-09 13:30
66,13.24,13.28,13.28,13.21,182000.0,2410824.0,2020,4,9,13,45,2020-04-09 13:45
67,13.26,13.29,13.29,13.2,166700.0,2209920.0,2020,4,9,14,0,2020-04-09 14:00
68,13.29,13.36,13.45,13.25,565900.0,7559064.0,2020,4,9,14,15,2020-04-09 14:15
69,13.35,13.38,13.42,13.31,222200.0,2969428.0,2020,4,9,14,30,2020-04-09 14:30
70,13.38,13.24,13.38,13.23,570500.0,7573208.0,2020,4,9,14,45,2020-04-09 14:45
71,13.23,13.29,13.32,13.23,646700.0,8587352.0,2020,4,9,15,0,2020-04-09 15:00
72,13.13,12.89,13.2,12.89,1526300.0,19864522.0,2020,4,10,9,45,2020-04-10 09:45
73,12.88,13.04,13.1,12.77,1395600.0,17957650.0,2020,4,10,10,0,2020-04-10 10:00
74,13.04,13.2,13.21,13.01,703500.0,9234860.0,2020,4,10,10,15,2020-04-10 10:15
75,13.19,13.17,13.29,13.15,585700.0,7744776.0,2020,4,10,10,30,2020-04-10 10:30
76,13.17,13.11,13.22,13.07,394100.0,5167976.0,2020,4,10,10,45,2020-04-10 10:45
77,13.1,13.14,13.15,13.06,233900.0,3064032.0,2020,4,10,11,0,2020-04-10 11:00
78,13.14,13.18,13.19,13.07,207900.0,2732500.0,2020,4,10,11,15,2020-04-10 11:15
79,13.18,13.0,13.19,12.92,236400.0,3085100.0,2020,4,10,11,30,2020-04-10 11:30
80,12.99,12.95,13.04,12.89,148500.0,1923816.0,2020,4,10,13,15,2020-04-10 13:15
81,12.95,12.92,12.97,12.87,104700.0,1352576.0,2020,4,10,13,30,2020-04-10 13:30
82,12.91,12.85,12.91,12.81,145500.0,1871720.0,2020,4,10,13,45,2020-04-10 13:45
83,12.86,12.83,12.88,12.83,182300.0,2344128.0,2020,4,10,14,0,2020-04-10 14:00
84,12.83,12.77,12.83,12.7,405800.0,5177344.0,2020,4,10,14,15,2020-04-10 14:15
85,12.78,12.77,12.8,12.76,135300.0,1730120.0,2020,4,10,14,30,2020-04-10 14:30
86,12.77,12.67,12.79,12.65,435200.0,5536648.0,2020,4,10,14,45,2020-04-10 14:45
87,12.69,13.0,13.0,12.68,555500.0,7111944.0,2020,4,10,15,0,2020-04-10 15:00
88,12.71,12.49,12.75,12.46,884000.0,11088587.0,2020,4,13,9,45,2020-04-13 09:45
89,12.47,12.33,12.47,12.3,771700.0,9562193.0,2020,4,13,10,0,2020-04-13 10:00
90,12.35,12.4,12.42,12.31,571100.0,7067922.0,2020,4,13,10,15,2020-04-13 10:15
91,12.38,12.39,12.43,12.34,229300.0,2839058.0,2020,4,13,10,30,2020-04-13 10:30
92,12.39,12.39,12.41,12.33,355100.0,4391864.0,2020,4,13,10,45,2020-04-13 10:45
93,12.4,12.36,12.41,12.35,187700.0,2321944.0,2020,4,13,11,0,2020-04-13 11:00
94,12.36,12.34,12.4,12.33,199600.0,2467488.0,2020,4,13,11,15,2020-04-13 11:15
95,12.34,12.33,12.36,12.29,242900.0,2990916.0,2020,4,13,11,30,2020-04-13 11:30
96,12.34,12.36,12.43,12.25,435700.0,5374792.0,2020,4,13,13,15,2020-04-13 13:15
97,12.36,12.4,12.43,12.34,228600.0,2831776.0,2020,4,13,13,30,2020-04-13 13:30
98,12.4,12.42,12.49,12.34,271200.0,3362660.0,2020,4,13,13,45,2020-04-13 13:45
99,12.41,12.48,12.48,12.37,84000.0,1045268.0,2020,4,13,14,0,2020-04-13 14:00
100,12.48,12.37,12.48,12.36,120700.0,1499780.0,2020,4,13,14,15,2020-04-13 14:15
101,12.39,12.43,12.44,12.37,202300.0,2508816.0,2020,4,13,14,30,2020-04-13 14:30
102,12.43,12.37,12.45,12.31,286800.0,3547736.0,2020,4,13,14,45,2020-04-13 14:45
103,12.37,12.32,12.39,12.26,492700.0,6067352.0,2020,4,13,15,0,2020-04-13 15:00
104,12.4,12.72,12.77,12.31,1640900.0,20710760.0,2020,4,14,9,45,2020-04-14 09:45
105,12.72,12.93,13.3,12.71,1457300.0,18905120.0,2020,4,14,10,0,2020-04-14 10:00
106,12.93,12.73,12.93,12.7,673500.0,8603264.0,2020,4,14,10,15,2020-04-14 10:15
107,12.74,12.7,12.74,12.65,227400.0,2885028.0,2020,4,14,10,30,2020-04-14 10:30
108,12.7,12.72,12.8,12.7,149000.0,1899316.0,2020,4,14,10,45,2020-04-14 10:45
109,12.72,12.68,12.75,12.61,180700.0,2289768.0,2020,4,14,11,0,2020-04-14 11:00
110,12.67,12.64,12.71,12.62,167800.0,2123540.0,2020,4,14,11,15,2020-04-14 11:15
111,12.64,12.62,12.65,12.57,154400.0,1946628.0,2020,4,14,11,30,2020-04-14 11:30
112,12.61,12.57,12.65,12.55,151500.0,1905552.0,2020,4,14,13,15,2020-04-14 13:15
113,12.58,12.63,12.65,12.58,85000.0,1072028.0,2020,4,14,13,30,2020-04-14 13:30
114,12.61,12.57,12.65,12.57,203900.0,2569816.0,2020,4,14,13,45,2020-04-14 13:45
115,12.57,12.57,12.59,12.55,121100.0,1522184.0,2020,4,14,14,0,2020-04-14 14:00
116,12.57,12.57,12.67,12.56,192100.0,2422092.0,2020,4,14,14,15,2020-04-14 14:15
117,12.57,12.58,12.61,12.55,140300.0,1764584.0,2020,4,14,14,30,2020-04-14 14:30
118,12.59,12.64,12.64,12.55,303600.0,3824104.0,2020,4,14,14,45,2020-04-14 14:45
119,12.64,12.67,12.8,12.6,473700.0,5986688.0,2020,4,14,15,0,2020-04-14 15:00
120,12.66,12.66,12.75,12.56,744800.0,9416841.0,2020,4,15,9,45,2020-04-15 09:45
121,12.66,12.68,12.72,12.6,433400.0,5488743.0,2020,4,15,10,0,2020-04-15 10:00
122,12.66,12.71,12.73,12.6,362100.0,4584598.0,2020,4,15,10,15,2020-04-15 10:15
123,12.68,12.67,12.73,12.67,110500.0,1403874.0,2020,4,15,10,30,2020-04-15 10:30
124,12.67,12.65,12.74,12.64,189800.0,2407412.0,2020,4,15,10,45,2020-04-15 10:45
125,12.65,12.59,12.66,12.58,218600.0,2756492.0,2020,4,15,11,0,2020-04-15 11:00
126,12.59,12.6,12.62,12.57,117300.0,1476908.0,2020,4,15,11,15,2020-04-15 11:15
127,12.61,12.58,12.64,12.53,124700.0,1568144.0,2020,4,15,11,30,2020-04-15 11:30
128,12.58,12.67,12.68,12.57,156500.0,1975124.0,2020,4,15,13,15,2020-04-15 13:15
129,12.67,12.64,12.68,12.59,175800.0,2220918.0,2020,4,15,13,30,2020-04-15 13:30
130,12.64,12.6,12.66,12.6,150700.0,1904522.0,2020,4,15,13,45,2020-04-15 13:45
131,12.6,12.57,12.64,12.57,135500.0,1707092.0,2020,4,15,14,0,2020-04-15 14:00
132,12.57,12.46,12.6,12.46,270100.0,3382000.0,2020,4,15,14,15,2020-04-15 14:15
133,12.46,12.43,12.49,12.41,324200.0,4034640.0,2020,4,15,14,30,2020-04-15 14:30
134,12.43,12.41,12.45,12.38,376800.0,4679456.0,2020,4,15,14,45,2020-04-15 14:45
135,12.41,12.32,12.45,12.32,517700.0,6400460.0,2020,4,15,15,0,2020-04-15 15:00
136,12.23,12.44,12.56,12.23,892900.0,11123437.0,2020,4,16,9,45,2020-04-16 09:45
137,12.43,12.4,12.47,12.35,465600.0,5779181.0,2020,4,16,10,0,2020-04-16 10:00
138,12.41,12.44,12.46,12.38,146800.0,1825154.0,2020,4,16,10,15,2020-04-16 10:15
139,12.44,12.42,12.48,12.38,189700.0,2356382.0,2020,4,16,10,30,2020-04-16 10:30
140,12.41,12.46,12.48,12.41,119100.0,1483198.0,2020,4,16,10,45,2020-04-16 10:45
141,12.46,12.36,12.46,12.36,153600.0,1904476.0,2020,4,16,11,0,2020-04-16 11:00
142,12.37,12.38,12.38,12.33,117600.0,1452962.0,2020,4,16,11,15,2020-04-16 11:15
143,12.38,12.33,12.38,12.32,81700.0,1008704.0,2020,4,16,11,30,2020-04-16 11:30
144,12.33,12.32,12.36,12.3,138700.0,1708746.0,2020,4,16,13,15,2020-04-16 13:15
145,12.35,12.31,12.38,12.3,132900.0,1637758.0,2020,4,16,13,30,2020-04-16 13:30
146,12.32,12.37,12.4,12.3,161800.0,1995674.0,2020,4,16,13,45,2020-04-16 13:45
147,12.36,12.35,12.4,12.3,141200.0,1742984.0,2020,4,16,14,0,2020-04-16 14:00
148,12.33,12.34,12.37,12.32,124600.0,1536884.0,2020,4,16,14,15,2020-04-16 14:15
149,12.34,12.38,12.4,12.34,127500.0,1576324.0,2020,4,16,14,30,2020-04-16 14:30
150,12.37,12.38,12.39,12.33,247300.0,3056072.0,2020,4,16,14,45,2020-04-16 14:45
151,12.38,12.37,12.39,12.34,431800.0,5339944.0,2020,4,16,15,0,2020-04-16 15:00
152,12.45,12.57,12.61,12.45,699900.0,8787820.0,2020,4,17,9,45,2020-04-17 09:45
153,12.58,12.53,12.6,12.5,366400.0,4597868.0,2020,4,17,10,0,2020-04-17 10:00
154,12.52,12.59,12.61,12.5,248300.0,3121810.0,2020,4,17,10,15,2020-04-17 10:15
155,12.59,12.53,12.59,12.51,119000.0,1494234.0,2020,4,17,10,30,2020-04-17 10:30
156,12.53,12.48,12.54,12.48,106900.0,1336346.0,2020,4,17,10,45,2020-04-17 10:45
157,12.48,12.48,12.5,12.45,128300.0,1600284.0,2020,4,17,11,0,2020-04-17 11:00
158,12.48,12.48,12.53,12.47,107700.0,1346256.0,2020,4,17,11,15,2020-04-17 11:15
159,12.48,12.51,12.54,12.48,79600.0,996308.0,2020,4,17,11,30,2020-04-17 11:30
160,12.54,12.56,12.57,12.52,271400.0,3402560.0,2020,4,17,13,15,2020-04-17 13:15
161,12.57,12.57,12.62,12.56,216700.0,2727950.0,2020,4,17,13,30,2020-04-17 13:30
162,12.57,12.59,12.65,12.56,276800.0,3489198.0,2020,4,17,13,45,2020-04-17 13:45
163,12.6,12.55,12.6,12.52,211600.0,2656450.0,2020,4,17,14,0,2020-04-17 14:00
164,12.59,12.5,12.6,12.5,206300.0,2588932.0,2020,4,17,14,15,2020-04-17 14:15
165,12.5,12.47,12.51,12.47,223300.0,2788044.0,2020,4,17,14,30,2020-04-17 14:30
166,12.47,12.48,12.58,12.46,421400.0,5273780.0,2020,4,17,14,45,2020-04-17 14:45
167,12.48,12.56,12.56,12.48,483500.0,6051156.0,2020,4,17,15,0,2020-04-17 15:00
168,12.56,12.39,12.68,12.37,542800.0,6762262.0,2020,4,20,9,45,2020-04-20 09:45
169,12.39,12.42,12.44,12.37,223300.0,2770564.0,2020,4,20,10,0,2020-04-20 10:00
170,12.41,12.42,12.45,12.38,161800.0,2008163.0,2020,4,20,10,15,2020-04-20 10:15
171,12.43,12.44,12.48,12.42,150400.0,1870819.0,2020,4,20,10,30,2020-04-20 10:30
172,12.44,12.41,12.45,12.39,120700.0,1498755.0,2020,4,20,10,45,2020-04-20 10:45
173,12.41,12.38,12.42,12.35,242200.0,2998153.0,2020,4,20,11,0,2020-04-20 11:00
174,12.37,12.44,12.45,12.36,90300.0,1119860.0,2020,4,20,11,15,2020-04-20 11:15
175,12.44,12.44,12.46,12.4,20100.0,250108.0,2020,4,20,11,30,2020-04-20 11:30
176,12.44,12.44,12.47,12.42,53500.0,665692.0,2020,4,20,13,15,2020-04-20 13:15
177,12.44,12.39,12.44,12.37,76500.0,948460.0,2020,4,20,13,30,2020-04-20 13:30
178,12.4,12.4,12.4,12.37,43100.0,533872.0,2020,4,20,13,45,2020-04-20 13:45
179,12.39,12.38,12.41,12.36,113800.0,1409242.0,2020,4,20,14,0,2020-04-20 14:00
180,12.38,12.38,12.42,12.38,144500.0,1790590.0,2020,4,20,14,15,2020-04-20 14:15
181,12.39,12.43,12.45,12.39,125800.0,1563576.0,2020,4,20,14,30,2020-04-20 14:30
182,12.43,12.41,12.45,12.4,266200.0,3306360.0,2020,4,20,14,45,2020-04-20 14:45
183,12.42,12.48,12.48,12.39,285400.0,3550580.0,2020,4,20,15,0,2020-04-20 15:00
184,12.4,12.31,12.46,12.31,363800.0,4497326.0,2020,4,21,9,45,2020-04-21 09:45
185,12.31,12.29,12.33,12.29,253500.0,3120263.0,2020,4,21,10,0,2020-04-21 10:00
186,12.29,12.4,12.4,12.28,410300.0,5052895.0,2020,4,21,10,15,2020-04-21 10:15
187,12.4,12.35,12.4,12.34,151400.0,1873422.0,2020,4,21,10,30,2020-04-21 10:30
188,12.35,12.3,12.35,12.29,263500.0,3244056.0,2020,4,21,10,45,2020-04-21 10:45
189,12.3,12.37,12.4,12.3,151100.0,1867354.0,2020,4,21,11,0,2020-04-21 11:00
190,12.37,12.34,12.4,12.33,89000.0,1099848.0,2020,4,21,11,15,2020-04-21 11:15
191,12.34,12.31,12.35,12.29,125600.0,1546610.0,2020,4,21,11,30,2020-04-21 11:30
192,12.3,12.29,12.32,12.26,148300.0,1822634.0,2020,4,21,13,15,2020-04-21 13:15
193,12.29,12.31,12.33,12.28,75400.0,927500.0,2020,4,21,13,30,2020-04-21 13:30
194,12.3,12.29,12.35,12.29,83800.0,1032196.0,2020,4,21,13,45,2020-04-21 13:45
195,12.29,12.28,12.31,12.25,175100.0,2148776.0,2020,4,21,14,0,2020-04-21 14:00
196,12.28,12.35,12.35,12.28,76400.0,940272.0,2020,4,21,14,15,2020-04-21 14:15
197,12.35,12.34,12.37,12.31,118500.0,1462312.0,2020,4,21,14,30,2020-04-21 14:30
198,12.33,12.34,12.38,12.32,197800.0,2441568.0,2020,4,21,14,45,2020-04-21 14:45
199,12.34,12.44,12.44,12.33,269600.0,3342708.0,2020,4,21,15,0,2020-04-21 15:00
200,12.4,12.33,12.4,12.23,273400.0,3362157.0,2020,4,22,9,45,2020-04-22 09:45
201,12.32,12.29,12.34,12.27,154300.0,1898035.0,2020,4,22,10,0,2020-04-22 10:00
202,12.28,12.28,12.31,12.27,200600.0,2465782.0,2020,4,22,10,15,2020-04-22 10:15
203,12.29,12.29,12.32,12.27,135300.0,1663189.0,2020,4,22,10,30,2020-04-22 10:30
204,12.29,12.21,12.3,12.2,406100.0,4969358.0,2020,4,22,10,45,2020-04-22 10:45
205,12.22,12.25,12.26,12.21,124900.0,1527631.0,2020,4,22,11,0,2020-04-22 11:00
206,12.25,12.17,12.25,12.15,282600.0,3445460.0,2020,4,22,11,15,2020-04-22 11:15
207,12.17,12.16,12.17,12.12,248800.0,3019446.0,2020,4,22,11,30,2020-04-22 11:30
208,12.18,12.21,12.23,12.15,154900.0,1887122.0,2020,4,22,13,15,2020-04-22 13:15
209,12.21,12.26,12.27,12.21,90700.0,1109860.0,2020,4,22,13,30,2020-04-22 13:30
210,12.27,12.35,12.37,12.25,321100.0,3951012.0,2020,4,22,13,45,2020-04-22 13:45
211,12.35,12.33,12.35,12.26,146100.0,1798352.0,2020,4,22,14,0,2020-04-22 14:00
212,12.33,12.33,12.36,12.31,164200.0,2025596.0,2020,4,22,14,15,2020-04-22 14:15
213,12.32,12.38,12.42,12.32,243700.0,3017148.0,2020,4,22,14,30,2020-04-22 14:30
214,12.37,12.41,12.45,12.33,298500.0,3697716.0,2020,4,22,14,45,2020-04-22 14:45
215,12.41,12.43,12.47,12.41,511800.0,6368856.0,2020,4,22,15,0,2020-04-22 15:00
216,12.43,12.53,12.58,12.41,765200.0,9564742.0,2020,4,23,9,45,2020-04-23 09:45
217,12.53,12.55,12.55,12.46,291500.0,3645897.0,2020,4,23,10,0,2020-04-23 10:00
218,12.56,12.57,12.64,12.54,487500.0,6135629.0,2020,4,23,10,15,2020-04-23 10:15
219,12.57,12.52,12.57,12.49,358400.0,4485060.0,2020,4,23,10,30,2020-04-23 10:30
220,12.52,12.46,12.53,12.45,264000.0,3296116.0,2020,4,23,10,45,2020-04-23 10:45
221,12.45,12.43,12.45,12.4,197000.0,2448972.0,2020,4,23,11,0,2020-04-23 11:00
222,12.43,12.39,12.45,12.38,203300.0,2523672.0,2020,4,23,11,15,2020-04-23 11:15
223,12.4,12.38,12.42,12.35,144500.0,1788900.0,2020,4,23,11,30,2020-04-23 11:30
224,12.36,12.42,12.44,12.36,187800.0,2327128.0,2020,4,23,13,15,2020-04-23 13:15
225,12.41,12.45,12.45,12.38,105900.0,1315332.0,2020,4,23,13,30,2020-04-23 13:30
226,12.45,12.43,12.47,12.42,128500.0,1599548.0,2020,4,23,13,45,2020-04-23 13:45
227,12.43,12.5,12.5,12.43,152200.0,1898060.0,2020,4,23,14,0,2020-04-23 14:00
228,12.5,12.43,12.5,12.42,265100.0,3300684.0,2020,4,23,14,15,2020-04-23 14:15
229,12.44,12.4,12.45,12.38,229000.0,2841424.0,2020,4,23,14,30,2020-04-23 14:30
230,12.39,12.32,12.41,12.32,303100.0,3746908.0,2020,4,23,14,45,2020-04-23 14:45
231,12.32,12.28,12.32,12.23,571600.0,7010208.0,2020,4,23,15,0,2020-04-23 15:00
232,12.25,12.2,12.28,12.15,503200.0,6147703.0,2020,4,24,9,45,2020-04-24 09:45
233,12.19,12.15,12.2,12.15,287400.0,3498282.0,2020,4,24,10,0,2020-04-24 10:00
234,12.14,12.12,12.14,12.06,346000.0,4186933.0,2020,4,24,10,15,2020-04-24 10:15
235,12.12,12.01,12.13,11.97,322700.0,3880910.0,2020,4,24,10,30,2020-04-24 10:30
236,12.01,12.11,12.11,11.99,286700.0,3449644.0,2020,4,24,10,45,2020-04-24 10:45
237,12.12,12.2,12.21,12.05,326000.0,3968852.0,2020,4,24,11,0,2020-04-24 11:00
238,12.17,12.17,12.19,12.14,49500.0,602136.0,2020,4,24,11,15,2020-04-24 11:15
239,12.16,12.14,12.18,12.11,85200.0,1035034.0,2020,4,24,11,30,2020-04-24 11:30
240,12.14,12.1,12.14,12.07,79600.0,962806.0,2020,4,24,13,15,2020-04-24 13:15
241,12.1,12.06,12.12,12.03,101700.0,1226608.0,2020,4,24,13,30,2020-04-24 13:30
242,12.06,12.0,12.06,12.0,150400.0,1807152.0,2020,4,24,13,45,2020-04-24 13:45
243,11.99,11.96,12.01,11.93,267500.0,3201176.0,2020,4,24,14,0,2020-04-24 14:00
244,11.97,11.88,11.98,11.85,301100.0,3587040.0,2020,4,24,14,15,2020-04-24 14:15
245,11.88,11.9,11.96,11.88,149100.0,1775860.0,2020,4,24,14,30,2020-04-24 14:30
246,11.9,11.83,11.92,11.8,445900.0,5279196.0,2020,4,24,14,45,2020-04-24 14:45
247,11.84,11.79,11.86,11.79,526500.0,6222184.0,2020,4,24,15,0,2020-04-24 15:00
248,12.0,11.98,12.06,11.91,738300.0,8861756.0,2020,4,27,9,45,2020-04-27 09:45
249,11.98,12.04,12.06,11.94,301700.0,3616296.0,2020,4,27,10,0,2020-04-27 10:00
250,12.03,11.92,12.04,11.91,193900.0,2325945.0,2020,4,27,10,15,2020-04-27 10:15
251,11.93,11.82,11.93,11.81,317200.0,3764797.0,2020,4,27,10,30,2020-04-27 10:30
252,11.8,11.89,11.9,11.8,209700.0,2483230.0,2020,4,27,10,45,2020-04-27 10:45
253,11.88,11.86,11.9,11.85,49400.0,586596.0,2020,4,27,11,0,2020-04-27 11:00
254,11.85,11.85,11.88,11.81,64100.0,759044.0,2020,4,27,11,15,2020-04-27 11:15
255,11.84,11.87,11.87,11.84,40300.0,477984.0,2020,4,27,11,30,2020-04-27 11:30
256,11.89,11.9,11.94,11.84,307500.0,3654172.0,2020,4,27,13,15,2020-04-27 13:15
257,11.91,11.88,11.91,11.87,82000.0,974578.0,2020,4,27,13,30,2020-04-27 13:30
258,11.87,11.87,11.91,11.85,98300.0,1168682.0,2020,4,27,13,45,2020-04-27 13:45
259,11.89,11.87,11.89,11.87,84300.0,1001292.0,2020,4,27,14,0,2020-04-27 14:00
260,11.86,11.75,11.86,11.7,261200.0,3078534.0,2020,4,27,14,15,2020-04-27 14:15
261,11.75,11.69,11.76,11.69,210500.0,2466094.0,2020,4,27,14,30,2020-04-27 14:30
262,11.68,11.65,11.71,11.64,414300.0,4834796.0,2020,4,27,14,45,2020-04-27 14:45
263,11.66,11.7,11.73,11.65,259700.0,3035628.0,2020,4,27,15,0,2020-04-27 15:00
264,11.62,11.35,11.75,11.35,623700.0,7234424.5,2020,4,28,9,45,2020-04-28 09:45
265,11.39,10.81,11.39,10.64,967400.0,10735092.0,2020,4,28,10,0,2020-04-28 10:00
266,10.81,11.02,11.13,10.8,715200.0,7831648.0,2020,4,28,10,15,2020-04-28 10:15
267,11.03,11.09,11.15,11.02,251600.0,2790786.0,2020,4,28,10,30,2020-04-28 10:30
268,11.05,11.19,11.25,11.05,445900.0,4972218.0,2020,4,28,10,45,2020-04-28 10:45
269,11.19,11.21,11.26,11.16,171200.0,1916820.0,2020,4,28,11,0,2020-04-28 11:00
270,11.21,11.21,11.27,11.17,168000.0,1884532.0,2020,4,28,11,15,2020-04-28 11:15
271,11.2,11.26,11.29,11.19,137200.0,1545596.0,2020,4,28,11,30,2020-04-28 11:30
272,11.27,11.29,11.31,11.23,218900.0,2466764.0,2020,4,28,13,15,2020-04-28 13:15
273,11.29,11.25,11.35,11.25,163300.0,1845944.0,2020,4,28,13,30,2020-04-28 13:30
274,11.26,11.3,11.31,11.23,149500.0,1686000.0,2020,4,28,13,45,2020-04-28 13:45
275,11.3,11.33,11.41,11.29,168900.0,1915824.0,2020,4,28,14,0,2020-04-28 14:00
276,11.34,11.31,11.35,11.23,102100.0,1155672.0,2020,4,28,14,15,2020-04-28 14:15
277,11.3,11.24,11.35,11.24,89800.0,1017380.0,2020,4,28,14,30,2020-04-28 14:30
278,11.27,11.28,11.32,11.23,147400.0,1661292.0,2020,4,28,14,45,2020-04-28 14:45
279,11.28,11.27,11.3,11.23,251600.0,2836536.0,2020,4,28,15,0,2020-04-28 15:00
280,11.21,11.37,11.43,11.21,403300.0,4574831.0,2020,4,29,9,45,2020-04-29 09:45
281,11.37,11.3,11.4,11.27,149000.0,1691645.0,2020,4,29,10,0,2020-04-29 10:00
282,11.3,11.33,11.34,11.22,251800.0,2841034.0,2020,4,29,10,15,2020-04-29 10:15
283,11.32,11.36,11.39,11.32,286800.0,3257160.0,2020,4,29,10,30,2020-04-29 10:30
284,11.36,11.31,11.37,11.28,53900.0,609832.0,2020,4,29,10,45,2020-04-29 10:45
285,11.3,11.3,11.31,11.27,69200.0,781285.0,2020,4,29,11,0,2020-04-29 11:00
286,11.32,11.26,11.32,11.25,60000.0,676527.0,2020,4,29,11,15,2020-04-29 11:15
287,11.26,11.25,11.28,11.21,99400.0,1117236.0,2020,4,29,11,30,2020-04-29 11:30
288,11.24,11.18,11.24,11.0,352100.0,3925458.0,2020,4,29,13,15,2020-04-29 13:15
289,11.18,11.13,11.2,11.13,113500.0,1267176.0,2020,4,29,13,30,2020-04-29 13:30
290,11.13,11.17,11.19,11.1,81100.0,903262.0,2020,4,29,13,45,2020-04-29 13:45
291,11.16,11.22,11.23,11.14,96400.0,1077390.0,2020,4,29,14,0,2020-04-29 14:00
292,11.2,11.17,11.24,11.17,96000.0,1075652.0,2020,4,29,14,15,2020-04-29 14:15
293,11.19,11.22,11.22,11.17,101300.0,1134512.0,2020,4,29,14,30,2020-04-29 14:30
294,11.22,11.26,11.34,11.2,552600.0,6225540.0,2020,4,29,14,45,2020-04-29 14:45
295,11.26,11.35,11.38,11.25,530800.0,6005060.0,2020,4,29,15,0,2020-04-29 15:00
296,11.31,11.44,11.51,11.31,460500.0,5251459.0,2020,4,30,9,45,2020-04-30 09:45
297,11.45,11.45,11.5,11.43,248100.0,2843655.0,2020,4,30,10,0,2020-04-30 10:00
298,11.44,11.49,11.53,11.41,302900.0,3473715.0,2020,4,30,10,15,2020-04-30 10:15
299,11.49,11.52,11.54,11.47,166900.0,1919814.0,2020,4,30,10,30,2020-04-30 10:30
300,11.53,11.49,11.54,11.49,117600.0,1354340.0,2020,4,30,10,45,2020-04-30 10:45
301,11.5,11.51,11.55,11.45,240400.0,2761621.0,2020,4,30,11,0,2020-04-30 11:00
302,11.51,11.57,11.59,11.51,120000.0,1386976.0,2020,4,30,11,15,2020-04-30 11:15
303,11.57,11.63,11.63,11.54,152400.0,1765106.0,2020,4,30,11,30,2020-04-30 11:30
304,11.64,11.6,11.67,11.57,106800.0,1242042.0,2020,4,30,13,15,2020-04-30 13:15
305,11.58,11.61,11.62,11.56,67000.0,777200.0,2020,4,30,13,30,2020-04-30 13:30
306,11.61,11.62,11.63,11.59,63300.0,734842.0,2020,4,30,13,45,2020-04-30 13:45
307,11.63,11.64,11.64,11.62,45600.0,530398.0,2020,4,30,14,0,2020-04-30 14:00
308,11.64,11.62,11.65,11.6,191300.0,2223216.0,2020,4,30,14,15,2020-04-30 14:15
309,11.63,11.64,11.66,11.59,190400.0,2212728.0,2020,4,30,14,30,2020-04-30 14:30
310,11.66,11.63,11.68,11.61,260000.0,3027900.0,2020,4,30,14,45,2020-04-30 14:45
311,11.63,11.64,11.65,11.59,367200.0,4267000.0,2020,4,30,15,0,2020-04-30 15:00
312,11.63,11.65,11.71,11.55,424600.0,4948145.0,2020,5,6,9,45,2020-05-06 09:45
313,11.67,11.62,11.67,11.6,105400.0,1225957.0,2020,5,6,10,0,2020-05-06 10:00
314,11.61,11.64,11.65,11.57,233200.0,2706621.0,2020,5,6,10,15,2020-05-06 10:15
315,11.63,11.64,11.68,11.61,61300.0,712848.0,2020,5,6,10,30,2020-05-06 10:30
316,11.63,11.57,11.63,11.57,87100.0,1009649.0,2020,5,6,10,45,2020-05-06 10:45
317,11.57,11.6,11.62,11.55,134700.0,1563186.0,2020,5,6,11,0,2020-05-06 11:00
318,11.62,11.7,11.72,11.62,136400.0,1593440.0,2020,5,6,11,15,2020-05-06 11:15
319,11.7,11.73,11.77,11.69,150400.0,1764558.0,2020,5,6,11,30,2020-05-06 11:30
320,11.73,11.75,11.76,11.7,152900.0,1793464.0,2020,5,6,13,15,2020-05-06 13:15
321,11.75,11.7,11.77,11.7,65500.0,768776.0,2020,5,6,13,30,2020-05-06 13:30
322,11.7,11.74,11.74,11.68,100600.0,1177052.0,2020,5,6,13,45,2020-05-06 13:45
323,11.72,11.73,11.74,11.7,49400.0,578584.0,2020,5,6,14,0,2020-05-06 14:00
324,11.73,11.74,11.75,11.7,137500.0,1612448.0,2020,5,6,14,15,2020-05-06 14:15
325,11.75,11.76,11.79,11.73,150600.0,1771276.0,2020,5,6,14,30,2020-05-06 14:30
326,11.77,11.79,11.81,11.77,246200.0,2901950.0,2020,5,6,14,45,2020-05-06 14:45
327,11.79,11.8,11.83,11.76,324400.0,3824636.0,2020,5,6,15,0,2020-05-06 15:00
328,11.8,11.82,11.9,11.76,439200.0,5187008.0,2020,5,7,9,45,2020-05-07 09:45
329,11.82,11.8,11.82,11.76,97200.0,1146025.0,2020,5,7,10,0,2020-05-07 10:00
330,11.81,11.76,11.81,11.76,89600.0,1055659.0,2020,5,7,10,15,2020-05-07 10:15
331,11.76,11.75,11.78,11.75,68700.0,808219.0,2020,5,7,10,30,2020-05-07 10:30
332,11.75,11.8,11.8,11.75,47800.0,562993.0,2020,5,7,10,45,2020-05-07 10:45
333,11.8,11.8,11.81,11.78,40400.0,476434.0,2020,5,7,11,0,2020-05-07 11:00
334,11.79,11.79,11.8,11.78,31200.0,367790.0,2020,5,7,11,15,2020-05-07 11:15
335,11.79,11.79,11.8,11.78,46600.0,549324.0,2020,5,7,11,30,2020-05-07 11:30
336,11.79,11.72,11.79,11.71,140100.0,1646694.0,2020,5,7,13,15,2020-05-07 13:15
337,11.72,11.66,11.73,11.66,182600.0,2133740.0,2020,5,7,13,30,2020-05-07 13:30
338,11.67,11.68,11.7,11.66,59800.0,698528.0,2020,5,7,13,45,2020-05-07 13:45
339,11.67,11.68,11.7,11.67,42100.0,491654.0,2020,5,7,14,0,2020-05-07 14:00
340,11.69,11.67,11.7,11.66,135400.0,1580907.0,2020,5,7,14,15,2020-05-07 14:15
341,11.66,11.63,11.69,11.62,171600.0,1999601.0,2020,5,7,14,30,2020-05-07 14:30
342,11.63,11.58,11.63,11.58,358300.0,4157090.0,2020,5,7,14,45,2020-05-07 14:45
343,11.58,11.61,11.61,11.55,341700.0,3956802.0,2020,5,7,15,0,2020-05-07 15:00
344,11.76,11.8,11.84,11.67,383100.0,4500022.0,2020,5,8,9,45,2020-05-08 09:45
345,11.79,11.86,11.95,11.77,413800.0,4906643.0,2020,5,8,10,0,2020-05-08 10:00
346,11.86,11.86,11.88,11.81,191500.0,2269329.0,2020,5,8,10,15,2020-05-08 10:15
347,11.85,11.81,11.86,11.8,162600.0,1921141.0,2020,5,8,10,30,2020-05-08 10:30
348,11.81,11.76,11.81,11.75,147100.0,1731511.0,2020,5,8,10,45,2020-05-08 10:45
349,11.75,11.79,11.8,11.74,79900.0,940602.0,2020,5,8,11,0,2020-05-08 11:00
350,11.79,11.8,11.81,11.76,53100.0,625888.0,2020,5,8,11,15,2020-05-08 11:15
351,11.8,11.84,11.86,11.8,108900.0,1288108.0,2020,5,8,11,30,2020-05-08 11:30
352,11.85,11.85,11.87,11.83,146100.0,1731972.0,2020,5,8,13,15,2020-05-08 13:15
353,11.81,11.89,11.95,11.81,531300.0,6317278.0,2020,5,8,13,30,2020-05-08 13:30
354,11.89,11.87,11.89,11.85,101100.0,1199486.0,2020,5,8,13,45,2020-05-08 13:45
355,11.87,11.83,11.88,11.82,117200.0,1387816.0,2020,5,8,14,0,2020-05-08 14:00
356,11.82,11.84,11.86,11.81,77800.0,920886.0,2020,5,8,14,15,2020-05-08 14:15
357,11.83,11.84,11.85,11.82,86800.0,1027410.0,2020,5,8,14,30,2020-05-08 14:30
358,11.84,11.91,11.92,11.84,208400.0,2474686.0,2020,5,8,14,45,2020-05-08 14:45
359,11.91,11.84,11.92,11.84,238900.0,2834626.0,2020,5,8,15,0,2020-05-08 15:00
360,11.88,11.87,12.0,11.85,322100.0,3837380.0,2020,5,11,9,45,2020-05-11 09:45
361,11.88,11.89,11.96,11.87,180500.0,2149071.0,2020,5,11,10,0,2020-05-11 10:00
362,11.9,11.93,11.96,11.89,123800.0,1476159.0,2020,5,11,10,15,2020-05-11 10:15
363,11.9,11.8,11.94,11.8,249600.0,2960627.0,2020,5,11,10,30,2020-05-11 10:30
364,11.8,11.81,11.84,11.78,232400.0,2742184.0,2020,5,11,10,45,2020-05-11 10:45
365,11.8,11.88,11.88,11.8,173000.0,2048408.0,2020,5,11,11,0,2020-05-11 11:00
366,11.88,11.88,11.9,11.87,38600.0,458590.0,2020,5,11,11,15,2020-05-11 11:15
367,11.88,11.85,11.89,11.8,78700.0,931712.0,2020,5,11,11,30,2020-05-11 11:30
368,11.84,11.71,11.84,11.71,272400.0,3201921.0,2020,5,11,13,15,2020-05-11 13:15
369,11.71,11.76,11.77,11.71,91500.0,1074536.0,2020,5,11,13,30,2020-05-11 13:30
370,11.74,11.75,11.78,11.7,149100.0,1750392.0,2020,5,11,13,45,2020-05-11 13:45
371,11.75,11.78,11.78,11.7,100700.0,1181996.0,2020,5,11,14,0,2020-05-11 14:00
372,11.77,11.76,11.8,11.75,53000.0,622900.0,2020,5,11,14,15,2020-05-11 14:15
373,11.75,11.71,11.76,11.65,273600.0,3201230.0,2020,5,11,14,30,2020-05-11 14:30
374,11.72,11.75,11.76,11.7,127100.0,1490834.0,2020,5,11,14,45,2020-05-11 14:45
375,11.75,11.8,11.84,11.72,281300.0,3316896.0,2020,5,11,15,0,2020-05-11 15:00
376,11.85,11.67,11.85,11.65,227200.0,2667213.0,2020,5,12,9,45,2020-05-12 09:45
377,11.67,11.72,11.72,11.58,385600.0,4486780.0,2020,5,12,10,0,2020-05-12 10:00
378,11.72,11.73,11.75,11.69,55800.0,654168.0,2020,5,12,10,15,2020-05-12 10:15
379,11.72,11.73,11.75,11.68,60100.0,704767.0,2020,5,12,10,30,2020-05-12 10:30
380,11.73,11.67,11.73,11.67,60400.0,706515.0,2020,5,12,10,45,2020-05-12 10:45
381,11.67,11.65,11.68,11.65,45800.0,534369.0,2020,5,12,11,0,2020-05-12 11:00
382,11.65,11.61,11.66,11.61,105700.0,1229303.0,2020,5,12,11,15,2020-05-12 11:15
383,11.61,11.54,11.61,11.51,252800.0,2918485.0,2020,5,12,11,30,2020-05-12 11:30
384,11.54,11.51,11.54,11.48,137900.0,1586604.0,2020,5,12,13,15,2020-05-12 13:15
385,11.51,11.56,11.58,11.51,84800.0,979413.0,2020,5,12,13,30,2020-05-12 13:30
386,11.58,11.61,11.63,11.56,131700.0,1526027.0,2020,5,12,13,45,2020-05-12 13:45
387,11.6,11.62,11.63,11.6,52900.0,614218.0,2020,5,12,14,0,2020-05-12 14:00
388,11.6,11.6,11.64,11.58,99900.0,1159432.0,2020,5,12,14,15,2020-05-12 14:15
389,11.59,11.6,11.64,11.59,86100.0,999450.0,2020,5,12,14,30,2020-05-12 14:30
390,11.61,11.64,11.65,11.59,180000.0,2092136.0,2020,5,12,14,45,2020-05-12 14:45
391,11.64,11.71,11.73,11.63,300800.0,3519444.0,2020,5,12,15,0,2020-05-12 15:00
392,11.65,11.69,11.75,11.48,397000.0,4609667.0,2020,5,13,9,45,2020-05-13 09:45
393,11.69,11.82,11.84,11.66,395800.0,4651857.0,2020,5,13,10,0,2020-05-13 10:00
394,11.82,11.88,11.95,11.79,318800.0,3782919.0,2020,5,13,10,15,2020-05-13 10:15
395,11.88,11.86,11.9,11.84,206700.0,2455670.0,2020,5,13,10,30,2020-05-13 10:30
396,11.85,11.82,11.87,11.76,62600.0,739944.0,2020,5,13,10,45,2020-05-13 10:45
397,11.82,11.78,11.83,11.77,63400.0,748153.0,2020,5,13,11,0,2020-05-13 11:00
398,11.77,11.71,11.77,11.7,157800.0,1851362.0,2020,5,13,11,15,2020-05-13 11:15
399,11.71,11.72,11.72,11.69,44200.0,517260.0,2020,5,13,11,30,2020-05-13 11:30
400,11.73,11.71,11.74,11.68,65700.0,769358.0,2020,5,13,13,15,2020-05-13 13:15
401,11.7,11.79,11.83,11.7,175600.0,2069010.0,2020,5,13,13,30,2020-05-13 13:30
402,11.79,11.82,11.9,11.79,227300.0,2692916.0,2020,5,13,13,45,2020-05-13 13:45
403,11.82,11.84,11.85,11.8,136700.0,1616656.0,2020,5,13,14,0,2020-05-13 14:00
404,11.82,11.86,11.86,11.8,113300.0,1339396.0,2020,5,13,14,15,2020-05-13 14:15
405,11.86,11.93,11.93,11.83,325100.0,3861936.0,2020,5,13,14,30,2020-05-13 14:30
406,11.93,11.89,11.97,11.87,301800.0,3598280.0,2020,5,13,14,45,2020-05-13 14:45
407,11.89,11.99,11.99,11.88,500400.0,5976304.0,2020,5,13,15,0,2020-05-13 15:00
408,12.0,11.82,12.09,11.8,469000.0,5576478.0,2020,5,14,9,45,2020-05-14 09:45
409,11.81,11.79,11.82,11.74,274300.0,3232669.0,2020,5,14,10,0,2020-05-14 10:00
410,11.79,11.78,11.81,11.76,178900.0,2107456.0,2020,5,14,10,15,2020-05-14 10:15
411,11.77,11.75,11.78,11.72,166100.0,1952470.0,2020,5,14,10,30,2020-05-14 10:30
412,11.75,11.77,11.79,11.74,48900.0,575304.0,2020,5,14,10,45,2020-05-14 10:45
413,11.77,11.77,11.78,11.75,62200.0,731733.0,2020,5,14,11,0,2020-05-14 11:00
414,11.77,11.79,11.83,11.77,66300.0,782344.0,2020,5,14,11,15,2020-05-14 11:15
415,11.79,11.78,11.82,11.76,77600.0,914293.0,2020,5,14,11,30,2020-05-14 11:30
416,11.8,11.76,11.82,11.75,101400.0,1193897.0,2020,5,14,13,15,2020-05-14 13:15
417,11.76,11.76,11.77,11.73,219500.0,2578398.0,2020,5,14,13,30,2020-05-14 13:30
418,11.76,11.77,11.79,11.75,109300.0,1286520.0,2020,5,14,13,45,2020-05-14 13:45
419,11.77,11.75,11.78,11.71,107100.0,1257106.0,2020,5,14,14,0,2020-05-14 14:00
420,11.74,11.72,11.75,11.71,182900.0,2144710.0,2020,5,14,14,15,2020-05-14 14:15
421,11.72,11.73,11.77,11.71,139400.0,1634898.0,2020,5,14,14,30,2020-05-14 14:30
422,11.71,11.7,11.74,11.7,151400.0,1774632.0,2020,5,14,14,45,2020-05-14 14:45
423,11.7,11.74,11.77,11.68,315700.0,3699516.0,2020,5,14,15,0,2020-05-14 15:00
424,11.77,11.74,11.84,11.71,165700.0,1951033.0,2020,5,15,9,45,2020-05-15 09:45
425,11.73,11.73,11.76,11.68,81400.0,954014.0,2020,5,15,10,0,2020-05-15 10:00
426,11.73,11.74,11.76,11.7,92900.0,1089823.0,2020,5,15,10,15,2020-05-15 10:15
427,11.72,11.69,11.72,11.66,89900.0,1050880.0,2020,5,15,10,30,2020-05-15 10:30
428,11.69,11.71,11.71,11.67,66100.0,773196.0,2020,5,15,10,45,2020-05-15 10:45
429,11.7,11.66,11.72,11.66,70900.0,828845.0,2020,5,15,11,0,2020-05-15 11:00
430,11.67,11.68,11.7,11.66,69300.0,808405.0,2020,5,15,11,15,2020-05-15 11:15
431,11.68,11.74,11.74,11.68,33900.0,397308.0,2020,5,15,11,30,2020-05-15 11:30
432,11.75,11.75,11.76,11.74,76500.0,898740.0,2020,5,15,13,15,2020-05-15 13:15
433,11.75,11.72,11.75,11.72,74800.0,877616.0,2020,5,15,13,30,2020-05-15 13:30
434,11.71,11.7,11.71,11.67,181800.0,2124749.0,2020,5,15,13,45,2020-05-15 13:45
435,11.69,11.69,11.71,11.67,76100.0,889116.0,2020,5,15,14,0,2020-05-15 14:00
436,11.69,11.69,11.69,11.65,87300.0,1019149.0,2020,5,15,14,15,2020-05-15 14:15
437,11.69,11.67,11.71,11.67,72000.0,841477.0,2020,5,15,14,30,2020-05-15 14:30
438,11.66,11.58,11.68,11.55,411600.0,4778917.0,2020,5,15,14,45,2020-05-15 14:45
439,11.57,11.6,11.64,11.56,228600.0,2651068.0,2020,5,15,15,0,2020-05-15 15:00
440,11.56,11.4,11.69,11.4,407800.0,4679387.0,2020,5,18,9,45,2020-05-18 09:45
441,11.39,11.27,11.39,11.22,483000.0,5455763.0,2020,5,18,10,0,2020-05-18 10:00
442,11.28,11.36,11.37,11.25,110500.0,1250374.0,2020,5,18,10,15,2020-05-18 10:15
443,11.35,11.43,11.43,11.35,97400.0,1107488.0,2020,5,18,10,30,2020-05-18 10:30
444,11.43,11.39,11.43,11.35,93700.0,1066750.0,2020,5,18,10,45,2020-05-18 10:45
445,11.39,11.4,11.41,11.36,65400.0,744870.0,2020,5,18,11,0,2020-05-18 11:00
446,11.4,11.43,11.44,11.36,99300.0,1131364.0,2020,5,18,11,15,2020-05-18 11:15
447,11.41,11.4,11.43,11.37,53700.0,611626.0,2020,5,18,11,30,2020-05-18 11:30
448,11.39,11.38,11.43,11.37,48000.0,547977.0,2020,5,18,13,15,2020-05-18 13:15
449,11.39,11.4,11.43,11.37,107700.0,1227125.0,2020,5,18,13,30,2020-05-18 13:30
450,11.42,11.42,11.42,11.38,60100.0,685112.0,2020,5,18,13,45,2020-05-18 13:45
451,11.41,11.38,11.43,11.37,155800.0,1776008.0,2020,5,18,14,0,2020-05-18 14:00
452,11.39,11.35,11.4,11.35,97400.0,1108318.0,2020,5,18,14,15,2020-05-18 14:15
453,11.34,11.29,11.36,11.29,186200.0,2108160.0,2020,5,18,14,30,2020-05-18 14:30
454,11.3,11.23,11.3,11.23,192600.0,2170586.0,2020,5,18,14,45,2020-05-18 14:45
455,11.24,11.28,11.29,11.22,232200.0,2612212.0,2020,5,18,15,0,2020-05-18 15:00
456,11.55,11.52,11.58,11.42,478300.0,5504775.0,2020,5,19,9,45,2020-05-19 09:45
457,11.52,11.43,11.53,11.42,113500.0,1302826.0,2020,5,19,10,0,2020-05-19 10:00
458,11.43,11.36,11.46,11.36,97300.0,1109920.0,2020,5,19,10,15,2020-05-19 10:15
459,11.36,11.42,11.44,11.35,75900.0,864232.0,2020,5,19,10,30,2020-05-19 10:30
460,11.43,11.41,11.44,11.4,39800.0,454445.0,2020,5,19,10,45,2020-05-19 10:45
461,11.4,11.38,11.41,11.38,34600.0,394122.0,2020,5,19,11,0,2020-05-19 11:00
462,11.4,11.38,11.4,11.38,24900.0,283589.0,2020,5,19,11,15,2020-05-19 11:15
463,11.38,11.41,11.41,11.37,98000.0,1116269.0,2020,5,19,11,30,2020-05-19 11:30
464,11.37,11.4,11.43,11.37,55200.0,629477.0,2020,5,19,13,15,2020-05-19 13:15
465,11.41,11.5,11.53,11.4,117800.0,1350068.0,2020,5,19,13,30,2020-05-19 13:30
466,11.5,11.45,11.5,11.44,151500.0,1737881.0,2020,5,19,13,45,2020-05-19 13:45
467,11.45,11.41,11.46,11.39,113400.0,1294963.0,2020,5,19,14,0,2020-05-19 14:00
468,11.43,11.45,11.45,11.42,77500.0,886689.0,2020,5,19,14,15,2020-05-19 14:15
469,11.45,11.43,11.47,11.42,55900.0,639472.0,2020,5,19,14,30,2020-05-19 14:30
470,11.43,11.42,11.45,11.38,135800.0,1548190.0,2020,5,19,14,45,2020-05-19 14:45
471,11.42,11.42,11.42,11.39,201700.0,2301388.0,2020,5,19,15,0,2020-05-19 15:00
472,11.45,11.32,11.45,11.25,317300.0,3592834.0,2020,5,20,9,45,2020-05-20 09:45
473,11.32,11.33,11.38,11.28,110600.0,1250722.0,2020,5,20,10,0,2020-05-20 10:00
474,11.32,11.33,11.34,11.31,56200.0,636153.0,2020,5,20,10,15,2020-05-20 10:15
475,11.33,11.38,11.39,11.32,107800.0,1223892.0,2020,5,20,10,30,2020-05-20 10:30
476,11.37,11.35,11.38,11.33,31300.0,355602.0,2020,5,20,10,45,2020-05-20 10:45
477,11.36,11.33,11.36,11.3,132300.0,1498648.0,2020,5,20,11,0,2020-05-20 11:00
478,11.33,11.29,11.36,11.27,77300.0,873639.0,2020,5,20,11,15,2020-05-20 11:15
479,11.3,11.27,11.31,11.24,109800.0,1237350.0,2020,5,20,11,30,2020-05-20 11:30
480,11.26,11.26,11.28,11.25,67900.0,764733.0,2020,5,20,13,15,2020-05-20 13:15
481,11.27,11.27,11.29,11.24,79100.0,890501.0,2020,5,20,13,30,2020-05-20 13:30
482,11.27,11.25,11.27,11.24,67300.0,758004.0,2020,5,20,13,45,2020-05-20 13:45
483,11.25,11.25,11.26,11.21,95300.0,1070184.0,2020,5,20,14,0,2020-05-20 14:00
484,11.25,11.19,11.26,11.16,177500.0,1990310.0,2020,5,20,14,15,2020-05-20 14:15
485,11.19,11.21,11.23,11.18,85300.0,956500.0,2020,5,20,14,30,2020-05-20 14:30
486,11.21,11.24,11.27,11.19,91200.0,1023906.0,2020,5,20,14,45,2020-05-20 14:45
487,11.24,11.21,11.27,11.21,140100.0,1573402.0,2020,5,20,15,0,2020-05-20 15:00
488,11.22,11.4,11.42,11.22,366200.0,4155132.0,2020,5,21,9,45,2020-05-21 09:45
489,11.4,11.35,11.4,11.34,197000.0,2240955.5,2020,5,21,10,0,2020-05-21 10:00
490,11.34,11.3,11.35,11.3,145700.0,1650608.0,2020,5,21,10,15,2020-05-21 10:15
491,11.3,11.28,11.32,11.26,47400.0,535518.5,2020,5,21,10,30,2020-05-21 10:30
492,11.27,11.27,11.3,11.25,43000.0,484398.0,2020,5,21,10,45,2020-05-21 10:45
493,11.27,11.28,11.31,11.27,31300.0,353398.0,2020,5,21,11,0,2020-05-21 11:00
494,11.29,11.25,11.29,11.25,54700.0,616970.0,2020,5,21,11,15,2020-05-21 11:15
495,11.26,11.24,11.27,11.24,49000.0,551184.0,2020,5,21,11,30,2020-05-21 11:30
496,11.23,11.19,11.26,11.19,100800.0,1131742.0,2020,5,21,13,15,2020-05-21 13:15
497,11.19,11.13,11.19,11.11,144000.0,1606672.0,2020,5,21,13,30,2020-05-21 13:30
498,11.14,11.16,11.16,11.12,58600.0,652554.0,2020,5,21,13,45,2020-05-21 13:45
499,11.17,11.16,11.17,11.14,61500.0,686102.0,2020,5,21,14,0,2020-05-21 14:00
500,11.19,11.1,11.19,11.08,129200.0,1436242.0,2020,5,21,14,15,2020-05-21 14:15
501,11.1,11.12,11.14,11.05,129700.0,1437744.0,2020,5,21,14,30,2020-05-21 14:30
502,11.11,11.09,11.12,11.05,165400.0,1832990.0,2020,5,21,14,45,2020-05-21 14:45
503,11.09,11.11,11.15,11.07,213300.0,2369522.0,2020,5,21,15,0,2020-05-21 15:00
504,11.0,11.04,11.1,10.96,282000.0,3111463.0,2020,5,22,9,45,2020-05-22 09:45
505,11.02,11.04,11.06,11.0,171000.0,1885398.0,2020,5,22,10,0,2020-05-22 10:00
506,11.04,11.07,11.1,11.03,45400.0,502579.0,2020,5,22,10,15,2020-05-22 10:15
507,11.06,10.98,11.07,10.97,121100.0,1334195.0,2020,5,22,10,30,2020-05-22 10:30
508,10.99,11.0,11.04,10.95,88700.0,975108.0,2020,5,22,10,45,2020-05-22 10:45
509,11.01,10.96,11.02,10.95,72600.0,796471.0,2020,5,22,11,0,2020-05-22 11:00
510,10.99,11.0,11.0,10.95,78400.0,860222.0,2020,5,22,11,15,2020-05-22 11:15
511,11.0,10.95,11.0,10.92,95800.0,1050222.0,2020,5,22,11,30,2020-05-22 11:30
512,10.94,10.89,10.94,10.87,134200.0,1463865.0,2020,5,22,13,15,2020-05-22 13:15
513,10.87,10.92,10.94,10.86,192400.0,2096657.0,2020,5,22,13,30,2020-05-22 13:30
514,10.91,10.94,10.98,10.86,225000.0,2458750.0,2020,5,22,13,45,2020-05-22 13:45
515,10.94,10.93,10.96,10.9,121300.0,1324230.0,2020,5,22,14,0,2020-05-22 14:00
516,10.93,10.95,10.97,10.92,107600.0,1177408.0,2020,5,22,14,15,2020-05-22 14:15
517,10.95,10.95,11.02,10.95,230400.0,2529888.0,2020,5,22,14,30,2020-05-22 14:30
518,10.97,10.95,11.0,10.94,156800.0,1719710.0,2020,5,22,14,45,2020-05-22 14:45
519,10.96,10.91,11.0,10.91,243400.0,2663258.0,2020,5,22,15,0,2020-05-22 15:00
520,10.97,10.89,10.97,10.8,218200.0,2367856.0,2020,5,25,9,45,2020-05-25 09:45
521,10.89,10.89,10.93,10.88,87900.0,957742.0,2020,5,25,10,0,2020-05-25 10:00
522,10.89,10.86,10.91,10.85,57200.0,621878.0,2020,5,25,10,15,2020-05-25 10:15
523,10.85,10.85,10.87,10.79,203200.0,2196646.0,2020,5,25,10,30,2020-05-25 10:30
524,10.84,10.8,10.85,10.78,108000.0,1167033.0,2020,5,25,10,45,2020-05-25 10:45
525,10.8,10.8,10.83,10.79,116000.0,1253071.0,2020,5,25,11,0,2020-05-25 11:00
526,10.8,10.84,10.84,10.8,42200.0,456985.0,2020,5,25,11,15,2020-05-25 11:15
527,10.84,10.84,10.86,10.81,25900.0,280726.0,2020,5,25,11,30,2020-05-25 11:30
528,10.82,10.83,10.86,10.8,59500.0,643679.0,2020,5,25,13,15,2020-05-25 13:15
529,10.82,10.83,10.83,10.81,46600.0,504214.0,2020,5,25,13,30,2020-05-25 13:30
530,10.83,10.8,10.85,10.79,84300.0,911602.0,2020,5,25,13,45,2020-05-25 13:45
531,10.8,10.79,10.82,10.75,139200.0,1502610.0,2020,5,25,14,0,2020-05-25 14:00
532,10.79,10.8,10.84,10.78,66600.0,719222.0,2020,5,25,14,15,2020-05-25 14:15
533,10.8,10.82,10.83,10.79,80400.0,868704.0,2020,5,25,14,30,2020-05-25 14:30
534,10.82,10.82,10.83,10.79,99600.0,1076026.0,2020,5,25,14,45,2020-05-25 14:45
535,10.83,10.79,10.83,10.79,164300.0,1774702.0,2020,5,25,15,0,2020-05-25 15:00
536,10.85,10.99,11.01,10.85,349700.0,3822353.0,2020,5,26,9,45,2020-05-26 09:45
537,10.98,10.99,11.07,10.98,146200.0,1611250.0,2020,5,26,10,0,2020-05-26 10:00
538,11.0,10.99,11.03,10.97,50300.0,552748.0,2020,5,26,10,15,2020-05-26 10:15
539,11.0,11.03,11.08,10.98,254400.0,2812159.0,2020,5,26,10,30,2020-05-26 10:30
540,11.03,11.04,11.07,11.02,169800.0,1876942.0,2020,5,26,10,45,2020-05-26 10:45
541,11.05,10.99,11.06,10.99,61200.0,674414.0,2020,5,26,11,0,2020-05-26 11:00
542,10.99,10.98,11.01,10.98,57800.0,635907.0,2020,5,26,11,15,2020-05-26 11:15
543,10.98,10.97,11.0,10.97,34300.0,376721.0,2020,5,26,11,30,2020-05-26 11:30
544,10.99,11.01,11.04,10.98,100200.0,1102461.0,2020,5,26,13,15,2020-05-26 13:15
545,11.02,11.05,11.05,11.02,59500.0,657173.0,2020,5,26,13,30,2020-05-26 13:30
546,11.05,11.06,11.06,11.02,44300.0,488887.0,2020,5,26,13,45,2020-05-26 13:45
547,11.04,11.03,11.05,11.03,45400.0,501351.0,2020,5,26,14,0,2020-05-26 14:00
548,11.03,11.02,11.05,11.01,65000.0,716805.0,2020,5,26,14,15,2020-05-26 14:15
549,11.02,11.02,11.04,11.02,23300.0,257045.0,2020,5,26,14,30,2020-05-26 14:30
550,11.02,11.05,11.06,11.02,127700.0,1410284.0,2020,5,26,14,45,2020-05-26 14:45
551,11.05,11.05,11.09,11.05,227800.0,2520894.0,2020,5,26,15,0,2020-05-26 15:00
552,11.09,11.1,11.17,11.0,349200.0,3873823.0,2020,5,27,9,45,2020-05-27 09:45
553,11.12,11.16,11.19,11.11,194900.0,2174946.0,2020,5,27,10,0,2020-05-27 10:00
554,11.16,11.18,11.19,11.11,191000.0,2131264.0,2020,5,27,10,15,2020-05-27 10:15
555,11.18,11.09,11.19,11.08,213600.0,2378097.0,2020,5,27,10,30,2020-05-27 10:30
556,11.11,11.07,11.13,11.04,123000.0,1362372.0,2020,5,27,10,45,2020-05-27 10:45
557,11.09,11.12,11.13,11.09,58700.0,652428.0,2020,5,27,11,0,2020-05-27 11:00
558,11.12,11.1,11.16,11.1,137100.0,1525947.0,2020,5,27,11,15,2020-05-27 11:15
559,11.12,11.22,11.24,11.12,229000.0,2562086.0,2020,5,27,11,30,2020-05-27 11:30
560,11.22,11.24,11.24,11.19,123500.0,1384909.0,2020,5,27,13,15,2020-05-27 13:15
561,11.24,11.25,11.27,11.22,217500.0,2446904.0,2020,5,27,13,30,2020-05-27 13:30
562,11.24,11.23,11.24,11.18,105300.0,1181870.0,2020,5,27,13,45,2020-05-27 13:45
563,11.22,11.23,11.25,11.21,126600.0,1421956.0,2020,5,27,14,0,2020-05-27 14:00
564,11.23,11.2,11.24,11.18,71800.0,804848.0,2020,5,27,14,15,2020-05-27 14:15
565,11.19,11.15,11.22,11.15,90400.0,1011364.0,2020,5,27,14,30,2020-05-27 14:30
566,11.15,11.16,11.2,11.13,91700.0,1023804.0,2020,5,27,14,45,2020-05-27 14:45
567,11.16,11.16,11.17,11.13,193600.0,2159230.0,2020,5,27,15,0,2020-05-27 15:00
568,11.16,11.21,11.22,11.13,140800.0,1573424.0,2020,5,28,9,45,2020-05-28 09:45
569,11.22,11.21,11.24,11.17,167300.0,1875308.0,2020,5,28,10,0,2020-05-28 10:00
570,11.21,11.15,11.22,11.15,85300.0,953874.0,2020,5,28,10,15,2020-05-28 10:15
571,11.14,11.12,11.17,11.07,123800.0,1377224.0,2020,5,28,10,30,2020-05-28 10:30
572,11.09,11.07,11.12,11.05,107200.0,1186860.0,2020,5,28,10,45,2020-05-28 10:45
573,11.07,11.06,11.09,11.06,20600.0,228086.0,2020,5,28,11,0,2020-05-28 11:00
574,11.06,11.01,11.08,11.0,84600.0,932998.0,2020,5,28,11,15,2020-05-28 11:15
575,11.02,10.92,11.02,10.91,205300.0,2248774.0,2020,5,28,11,30,2020-05-28 11:30
576,10.92,10.96,10.97,10.91,100900.0,1102938.0,2020,5,28,13,15,2020-05-28 13:15
577,10.96,10.95,10.97,10.94,22500.0,246560.0,2020,5,28,13,30,2020-05-28 13:30
578,10.97,11.03,11.03,10.97,113100.0,1244084.0,2020,5,28,13,45,2020-05-28 13:45
579,11.02,10.95,11.04,10.95,50900.0,559177.0,2020,5,28,14,0,2020-05-28 14:00
580,10.95,10.99,10.99,10.95,80100.0,878729.0,2020,5,28,14,15,2020-05-28 14:15
581,10.99,10.98,11.02,10.98,50700.0,557422.0,2020,5,28,14,30,2020-05-28 14:30
582,10.98,11.0,11.02,10.98,140800.0,1549119.0,2020,5,28,14,45,2020-05-28 14:45
583,10.99,11.01,11.03,10.98,217600.0,2394365.0,2020,5,28,15,0,2020-05-28 15:00
584,11.06,11.11,11.13,10.95,192700.0,2133663.0,2020,5,29,9,45,2020-05-29 09:45
585,11.12,11.16,11.2,11.12,210300.0,2346221.0,2020,5,29,10,0,2020-05-29 10:00
586,11.17,11.15,11.2,11.13,135700.0,1516731.0,2020,5,29,10,15,2020-05-29 10:15
587,11.14,11.19,11.21,11.14,131200.0,1466654.0,2020,5,29,10,30,2020-05-29 10:30
588,11.2,11.22,11.22,11.17,68600.0,768006.0,2020,5,29,10,45,2020-05-29 10:45
589,11.21,11.2,11.21,11.18,57400.0,642718.0,2020,5,29,11,0,2020-05-29 11:00
590,11.19,11.15,11.2,11.15,37800.0,422746.0,2020,5,29,11,15,2020-05-29 11:15
591,11.15,11.14,11.16,11.12,34700.0,386280.0,2020,5,29,11,30,2020-05-29 11:30
592,11.13,11.14,11.14,11.11,34300.0,381537.0,2020,5,29,13,15,2020-05-29 13:15
593,11.14,11.13,11.14,11.12,36400.0,405134.0,2020,5,29,13,30,2020-05-29 13:30
594,11.13,11.13,11.13,11.12,23600.0,262464.0,2020,5,29,13,45,2020-05-29 13:45
595,11.13,11.19,11.2,11.12,114700.0,1279980.0,2020,5,29,14,0,2020-05-29 14:00
596,11.18,11.16,11.18,11.14,50100.0,558758.0,2020,5,29,14,15,2020-05-29 14:15
597,11.17,11.23,11.23,11.17,279000.0,3124360.0,2020,5,29,14,30,2020-05-29 14:30
598,11.24,11.19,11.24,11.19,152500.0,1711116.0,2020,5,29,14,45,2020-05-29 14:45
599,11.2,11.18,11.21,11.17,202300.0,2263404.0,2020,5,29,15,0,2020-05-29 15:00
600,12.3,12.3,12.3,12.3,901000.0,11082472.0,2020,6,1,9,45,2020-06-01 09:45
601,12.3,12.3,12.3,12.3,33800.0,415740.0,2020,6,1,10,0,2020-06-01 10:00
602,12.3,12.3,12.3,12.3,36900.0,453870.0,2020,6,1,10,15,2020-06-01 10:15
603,12.3,12.3,12.3,12.3,121500.0,1494450.0,2020,6,1,10,30,2020-06-01 10:30
604,12.3,12.3,12.3,12.3,5400.0,66420.0,2020,6,1,10,45,2020-06-01 10:45
605,12.3,12.3,12.3,12.3,7500.0,92250.0,2020,6,1,11,0,2020-06-01 11:00
606,12.3,12.3,12.3,12.3,2400.0,29520.0,2020,6,1,11,15,2020-06-01 11:15
607,12.3,12.3,12.3,12.3,4700.0,57810.0,2020,6,1,11,30,2020-06-01 11:30
608,12.3,12.3,12.3,12.3,11200.0,137760.0,2020,6,1,13,15,2020-06-01 13:15
609,12.3,12.3,12.3,12.3,22200.0,273060.0,2020,6,1,13,30,2020-06-01 13:30
610,12.3,12.3,12.3,12.3,18600.0,228780.0,2020,6,1,13,45,2020-06-01 13:45
611,12.3,12.3,12.3,12.3,1800.0,22140.0,2020,6,1,14,0,2020-06-01 14:00
612,12.3,12.3,12.3,12.3,1800.0,21525.0,2020,6,1,14,15,2020-06-01 14:15
613,12.3,12.3,12.3,12.3,1000.0,12300.0,2020,6,1,14,30,2020-06-01 14:30
614,12.3,12.3,12.3,12.3,5.877471754111438e-39,5.877471754111438e-39,2020,6,1,14,45,2020-06-01 14:45
615,12.3,12.3,12.3,12.3,14700.0,180810.0,2020,6,1,15,0,2020-06-01 15:00
616,13.53,13.53,13.53,13.53,424100.0,5737396.5,2020,6,2,9,45,2020-06-02 09:45
617,13.53,13.53,13.53,13.53,23700.0,320661.0,2020,6,2,10,0,2020-06-02 10:00
618,13.53,13.53,13.53,13.53,6400.0,86592.0,2020,6,2,10,15,2020-06-02 10:15
619,13.53,13.53,13.53,13.53,2800.0,37884.0,2020,6,2,10,30,2020-06-02 10:30
620,13.53,13.53,13.53,13.53,3900.0,52767.0,2020,6,2,10,45,2020-06-02 10:45
621,13.53,13.53,13.53,13.53,3400.0,46002.0,2020,6,2,11,0,2020-06-02 11:00
622,13.53,13.53,13.53,13.53,1000.0,13530.0,2020,6,2,11,15,2020-06-02 11:15
623,13.53,13.53,13.53,13.53,1800.0,24354.0,2020,6,2,11,30,2020-06-02 11:30
624,13.53,13.53,13.53,13.53,4800.0,64944.0,2020,6,2,13,15,2020-06-02 13:15
625,13.53,13.53,13.53,13.53,5.877471754111438e-39,5.877471754111438e-39,2020,6,2,13,30,2020-06-02 13:30
626,13.53,13.53,13.53,13.53,2500.0,33825.0,2020,6,2,13,45,2020-06-02 13:45
627,13.53,13.53,13.53,13.53,300.0,4059.0,2020,6,2,14,0,2020-06-02 14:00
628,13.53,13.53,13.53,13.53,1200.0,16236.0,2020,6,2,14,15,2020-06-02 14:15
629,13.53,13.53,13.53,13.53,100.0,1353.0,2020,6,2,14,30,2020-06-02 14:30
630,13.53,13.53,13.53,13.53,200.0,2706.0,2020,6,2,14,45,2020-06-02 14:45
631,13.53,13.53,13.53,13.53,15400.0,208362.0,2020,6,2,15,0,2020-06-02 15:00
632,14.88,14.88,14.88,14.88,1085000.0,16145514.0,2020,6,3,9,45,2020-06-03 09:45
633,14.88,14.88,14.88,14.88,455000.0,6770400.0,2020,6,3,10,0,2020-06-03 10:00
634,14.88,14.88,14.88,14.88,424700.0,6318792.0,2020,6,3,10,15,2020-06-03 10:15
635,14.88,14.88,14.88,14.88,151200.0,2249320.0,2020,6,3,10,30,2020-06-03 10:30
636,14.88,14.88,14.88,14.88,5200.0,77376.0,2020,6,3,10,45,2020-06-03 10:45
637,14.88,14.88,14.88,14.88,1800.0,26784.0,2020,6,3,11,0,2020-06-03 11:00
638,14.88,14.88,14.88,14.88,1000.0,14880.0,2020,6,3,11,15,2020-06-03 11:15
639,14.88,14.88,14.88,14.88,5.877471754111438e-39,5.877471754111438e-39,2020,6,3,11,30,2020-06-03 11:30
640,14.88,14.88,14.88,14.88,5700.0,84816.0,2020,6,3,13,15,2020-06-03 13:15
641,14.88,14.88,14.88,14.88,1200.0,17856.0,2020,6,3,13,30,2020-06-03 13:30
642,14.88,14.88,14.88,14.88,100.0,1488.0,2020,6,3,13,45,2020-06-03 13:45
643,14.88,14.88,14.88,14.88,5.877471754111438e-39,5.877471754111438e-39,2020,6,3,14,0,2020-06-03 14:00
644,14.88,14.88,14.88,14.88,1500.0,22320.0,2020,6,3,14,15,2020-06-03 14:15
645,14.88,14.88,14.88,14.88,2800.0,41664.0,2020,6,3,14,30,2020-06-03 14:30
646,14.88,14.88,14.88,14.88,9400.0,139872.0,2020,6,3,14,45,2020-06-03 14:45
647,14.88,14.88,14.88,14.88,15200.0,226176.0,2020,6,3,15,0,2020-06-03 15:00
648,13.42,13.73,13.87,13.42,5424200.0,73613856.0,2020,6,4,9,45,2020-06-04 09:45
649,13.74,13.67,13.74,13.57,1347100.0,18409280.0,2020,6,4,10,0,2020-06-04 10:00
650,13.66,13.39,13.69,13.39,1779900.0,23929224.0,2020,6,4,10,15,2020-06-04 10:15
651,13.39,13.39,13.39,13.39,867400.0,11614488.0,2020,6,4,10,30,2020-06-04 10:30
652,13.39,13.39,13.39,13.39,65600.0,878384.0,2020,6,4,10,45,2020-06-04 10:45
653,13.39,13.39,13.39,13.39,70600.0,945336.0,2020,6,4,11,0,2020-06-04 11:00
654,13.39,13.39,13.39,13.39,20500.0,274496.0,2020,6,4,11,15,2020-06-04 11:15
655,13.39,13.39,13.39,13.39,68500.0,917208.0,2020,6,4,11,30,2020-06-04 11:30
656,13.39,13.39,13.39,13.39,43500.0,582472.0,2020,6,4,13,15,2020-06-04 13:15
657,13.39,13.39,13.39,13.39,10100.0,135232.0,2020,6,4,13,30,2020-06-04 13:30
658,13.39,13.39,13.39,13.39,33300.0,445888.0,2020,6,4,13,45,2020-06-04 13:45
659,13.39,13.39,13.39,13.39,23900.0,320024.0,2020,6,4,14,0,2020-06-04 14:00
660,13.39,13.39,13.39,13.39,21700.0,290560.0,2020,6,4,14,15,2020-06-04 14:15
661,13.39,13.39,13.39,13.39,16300.0,218256.0,2020,6,4,14,30,2020-06-04 14:30
662,13.39,13.39,13.39,13.39,34800.0,465976.0,2020,6,4,14,45,2020-06-04 14:45
663,13.39,13.39,13.39,13.39,60900.0,815448.0,2020,6,4,15,0,2020-06-04 15:00
664,12.68,12.47,12.74,12.31,4821900.0,60224600.0,2020,6,5,9,45,2020-06-05 09:45
665,12.49,12.45,12.59,12.39,1053100.0,13146384.0,2020,6,5,10,0,2020-06-05 10:00
666,12.45,12.42,12.48,12.31,949200.0,11749696.0,2020,6,5,10,15,2020-06-05 10:15
667,12.42,12.34,12.5,12.33,697200.0,8637768.0,2020,6,5,10,30,2020-06-05 10:30
668,12.3,12.31,12.37,12.19,843200.0,10346008.0,2020,6,5,10,45,2020-06-05 10:45
669,12.32,12.25,12.33,12.24,510000.0,6260848.0,2020,6,5,11,0,2020-06-05 11:00
670,12.25,12.24,12.28,12.07,954500.0,11589072.0,2020,6,5,11,15,2020-06-05 11:15
671,12.23,12.24,12.27,12.12,280900.0,3425952.0,2020,6,5,11,30,2020-06-05 11:30
672,12.27,12.22,12.33,12.19,302700.0,3712888.0,2020,6,5,13,15,2020-06-05 13:15
673,12.23,12.23,12.29,12.19,257200.0,3146720.0,2020,6,5,13,30,2020-06-05 13:30
674,12.23,12.2,12.25,12.13,376600.0,4587760.0,2020,6,5,13,45,2020-06-05 13:45
675,12.21,12.28,12.3,12.2,223700.0,2740592.0,2020,6,5,14,0,2020-06-05 14:00
676,12.27,12.25,12.37,12.25,300400.0,3696576.0,2020,6,5,14,15,2020-06-05 14:15
677,12.25,12.23,12.32,12.22,266700.0,3268576.0,2020,6,5,14,30,2020-06-05 14:30
678,12.22,12.14,12.23,12.13,521900.0,6343904.0,2020,6,5,14,45,2020-06-05 14:45
679,12.14,12.13,12.19,12.09,1174600.0,14248640.0,2020,6,5,15,0,2020-06-05 15:00
680,12.0,12.23,12.26,11.9,2028900.0,24444712.0,2020,6,8,9,45,2020-06-08 09:45
681,12.22,12.09,12.23,12.05,767300.0,9310184.0,2020,6,8,10,0,2020-06-08 10:00
682,12.1,12.05,12.12,12.03,459500.0,5544504.0,2020,6,8,10,15,2020-06-08 10:15
683,12.05,12.16,12.2,12.05,294100.0,3570980.0,2020,6,8,10,30,2020-06-08 10:30
684,12.16,12.18,12.19,12.1,222900.0,2708640.0,2020,6,8,10,45,2020-06-08 10:45
685,12.18,12.18,12.22,12.15,227800.0,2777580.0,2020,6,8,11,0,2020-06-08 11:00
686,12.19,12.29,12.33,12.19,493200.0,6057156.0,2020,6,8,11,15,2020-06-08 11:15
687,12.28,12.22,12.28,12.16,222000.0,2711272.0,2020,6,8,11,30,2020-06-08 11:30
688,12.24,12.15,12.24,12.11,147800.0,1796868.0,2020,6,8,13,15,2020-06-08 13:15
689,12.16,12.12,12.16,12.04,227400.0,2751844.0,2020,6,8,13,30,2020-06-08 13:30
690,12.12,12.09,12.17,12.05,217400.0,2631652.0,2020,6,8,13,45,2020-06-08 13:45
691,12.1,12.08,12.11,12.07,121400.0,1467416.0,2020,6,8,14,0,2020-06-08 14:00
692,12.08,12.22,12.25,12.08,273800.0,3333232.0,2020,6,8,14,15,2020-06-08 14:15
693,12.22,12.16,12.22,12.16,201200.0,2452144.0,2020,6,8,14,30,2020-06-08 14:30
694,12.15,12.17,12.18,12.1,391700.0,4757392.0,2020,6,8,14,45,2020-06-08 14:45
695,12.17,12.33,12.33,12.1,1455300.0,17798872.0,2020,6,8,15,0,2020-06-08 15:00
696,12.2,12.09,12.2,12.05,1073300.0,13004601.0,2020,6,9,9,45,2020-06-09 09:45
697,12.08,12.02,12.11,12.0,799600.0,9625983.0,2020,6,9,10,0,2020-06-09 10:00
698,12.02,11.99,12.03,11.95,480000.0,5755112.0,2020,6,9,10,15,2020-06-09 10:15
699,11.99,11.98,12.01,11.95,454600.0,5443836.0,2020,6,9,10,30,2020-06-09 10:30
700,11.98,12.13,12.18,11.97,586100.0,7073860.0,2020,6,9,10,45,2020-06-09 10:45
701,12.13,12.14,12.14,12.08,170800.0,2069464.0,2020,6,9,11,0,2020-06-09 11:00
702,12.15,12.17,12.17,12.1,125000.0,1516168.0,2020,6,9,11,15,2020-06-09 11:15
703,12.17,12.15,12.18,12.09,130200.0,1579968.0,2020,6,9,11,30,2020-06-09 11:30
704,12.15,12.18,12.2,12.13,221400.0,2692736.0,2020,6,9,13,15,2020-06-09 13:15
705,12.17,12.15,12.21,12.14,168500.0,2051364.0,2020,6,9,13,30,2020-06-09 13:30
706,12.16,12.13,12.19,12.07,238300.0,2889580.0,2020,6,9,13,45,2020-06-09 13:45
707,12.13,12.22,12.29,12.1,276000.0,3366156.0,2020,6,9,14,0,2020-06-09 14:00
708,12.23,12.16,12.24,12.15,135300.0,1649008.0,2020,6,9,14,15,2020-06-09 14:15
709,12.17,12.15,12.18,12.13,157400.0,1912464.0,2020,6,9,14,30,2020-06-09 14:30
710,12.15,12.15,12.17,12.13,159400.0,1936252.0,2020,6,9,14,45,2020-06-09 14:45
711,12.16,12.17,12.21,12.14,665100.0,8097448.0,2020,6,9,15,0,2020-06-09 15:00
712,12.09,11.99,12.09,11.92,816100.0,9783083.0,2020,6,10,9,45,2020-06-10 09:45
713,12.0,11.92,12.01,11.91,431300.0,5154957.0,2020,6,10,10,0,2020-06-10 10:00
714,11.92,11.87,11.96,11.87,549900.0,6551604.0,2020,6,10,10,15,2020-06-10 10:15
715,11.88,11.86,11.9,11.81,778100.0,9216444.0,2020,6,10,10,30,2020-06-10 10:30
716,11.85,11.75,11.85,11.74,562100.0,6622856.0,2020,6,10,10,45,2020-06-10 10:45
717,11.76,11.77,11.83,11.74,246700.0,2904364.0,2020,6,10,11,0,2020-06-10 11:00
718,11.77,11.79,11.82,11.76,102300.0,1207000.0,2020,6,10,11,15,2020-06-10 11:15
719,11.81,11.78,11.81,11.76,161800.0,1906372.0,2020,6,10,11,30,2020-06-10 11:30
720,11.78,11.83,11.83,11.76,126200.0,1488020.0,2020,6,10,13,15,2020-06-10 13:15
721,11.83,11.8,11.83,11.8,71600.0,845528.0,2020,6,10,13,30,2020-06-10 13:30
722,11.79,11.78,11.83,11.78,137500.0,1622568.0,2020,6,10,13,45,2020-06-10 13:45
723,11.79,11.79,11.82,11.77,143300.0,1689220.0,2020,6,10,14,0,2020-06-10 14:00
724,11.79,11.71,11.79,11.67,466200.0,5464548.0,2020,6,10,14,15,2020-06-10 14:15
725,11.72,11.74,11.78,11.71,226000.0,2654532.0,2020,6,10,14,30,2020-06-10 14:30
726,11.74,11.72,11.76,11.7,265600.0,3113448.0,2020,6,10,14,45,2020-06-10 14:45
727,11.72,11.73,11.74,11.68,640700.0,7505680.0,2020,6,10,15,0,2020-06-10 15:00
728,11.9,11.8,11.94,11.77,837100.0,9927056.0,2020,6,11,9,45,2020-06-11 09:45
729,11.79,11.79,11.85,11.78,299500.0,3538707.0,2020,6,11,10,0,2020-06-11 10:00
730,11.79,11.89,11.92,11.79,322300.0,3822161.0,2020,6,11,10,15,2020-06-11 10:15
731,11.89,11.87,11.91,11.87,158500.0,1884594.0,2020,6,11,10,30,2020-06-11 10:30
732,11.88,11.83,11.88,11.81,189700.0,2246302.0,2020,6,11,10,45,2020-06-11 10:45
733,11.83,11.81,11.84,11.8,106800.0,1261660.0,2020,6,11,11,0,2020-06-11 11:00
734,11.82,11.85,11.85,11.79,116300.0,1373498.0,2020,6,11,11,15,2020-06-11 11:15
735,11.85,11.85,11.88,11.84,109900.0,1302910.0,2020,6,11,11,30,2020-06-11 11:30
736,11.85,11.82,11.86,11.79,263600.0,3115344.0,2020,6,11,13,15,2020-06-11 13:15
737,11.82,11.8,11.82,11.75,173700.0,2045938.0,2020,6,11,13,30,2020-06-11 13:30
738,11.79,11.74,11.79,11.7,244800.0,2872476.0,2020,6,11,13,45,2020-06-11 13:45
739,11.74,11.71,11.75,11.7,227300.0,2664178.0,2020,6,11,14,0,2020-06-11 14:00
740,11.71,11.65,11.71,11.6,433800.0,5050688.0,2020,6,11,14,15,2020-06-11 14:15
741,11.65,11.68,11.7,11.65,97200.0,1134240.0,2020,6,11,14,30,2020-06-11 14:30
742,11.69,11.63,11.7,11.62,182900.0,2132424.0,2020,6,11,14,45,2020-06-11 14:45
743,11.63,11.64,11.66,11.62,457300.0,5322052.0,2020,6,11,15,0,2020-06-11 15:00
744,11.38,11.43,11.49,11.26,787300.0,8961967.0,2020,6,12,9,45,2020-06-12 09:45
745,11.43,11.49,11.51,11.39,276200.0,3162049.0,2020,6,12,10,0,2020-06-12 10:00
746,11.5,11.79,11.88,11.48,1006800.0,11804814.0,2020,6,12,10,15,2020-06-12 10:15
747,11.78,11.7,11.78,11.69,265500.0,3116282.0,2020,6,12,10,30,2020-06-12 10:30
748,11.7,11.71,11.78,11.69,123800.0,1453150.0,2020,6,12,10,45,2020-06-12 10:45
749,11.71,11.7,11.76,11.7,75500.0,885078.0,2020,6,12,11,0,2020-06-12 11:00
750,11.7,11.74,11.74,11.7,62900.0,738076.0,2020,6,12,11,15,2020-06-12 11:15
751,11.74,11.72,11.74,11.7,44600.0,522604.0,2020,6,12,11,30,2020-06-12 11:30
752,11.72,11.67,11.74,11.67,54800.0,641002.0,2020,6,12,13,15,2020-06-12 13:15
753,11.67,11.68,11.7,11.65,86200.0,1006162.0,2020,6,12,13,30,2020-06-12 13:30
754,11.68,11.69,11.72,11.66,111500.0,1301620.0,2020,6,12,13,45,2020-06-12 13:45
755,11.69,11.69,11.74,11.67,101900.0,1193788.0,2020,6,12,14,0,2020-06-12 14:00
756,11.69,11.73,11.76,11.69,148400.0,1739828.0,2020,6,12,14,15,2020-06-12 14:15
757,11.72,11.7,11.72,11.68,138100.0,1615412.0,2020,6,12,14,30,2020-06-12 14:30
758,11.7,11.71,11.75,11.7,201700.0,2365720.0,2020,6,12,14,45,2020-06-12 14:45
759,11.71,11.65,11.74,11.65,310800.0,3638040.0,2020,6,12,15,0,2020-06-12 15:00
760,11.65,11.91,11.94,11.65,979300.0,11537605.0,2020,6,15,9,45,2020-06-15 09:45
761,11.9,11.9,11.94,11.85,527100.0,6271237.0,2020,6,15,10,0,2020-06-15 10:00
762,11.89,11.9,11.91,11.86,221200.0,2630446.0,2020,6,15,10,15,2020-06-15 10:15
763,11.9,11.99,12.02,11.89,426200.0,5103334.0,2020,6,15,10,30,2020-06-15 10:30
764,12.0,11.93,12.01,11.91,256000.0,3064010.0,2020,6,15,10,45,2020-06-15 10:45
765,11.93,11.98,12.0,11.92,226300.0,2708220.0,2020,6,15,11,0,2020-06-15 11:00
766,11.98,12.08,12.14,11.96,545700.0,6584688.0,2020,6,15,11,15,2020-06-15 11:15
767,12.08,12.05,12.1,12.05,180900.0,2184376.0,2020,6,15,11,30,2020-06-15 11:30
768,12.05,11.93,12.11,11.93,275100.0,3302408.0,2020,6,15,13,15,2020-06-15 13:15
769,11.93,11.98,11.98,11.93,137300.0,1641664.0,2020,6,15,13,30,2020-06-15 13:30
770,11.98,11.96,12.0,11.95,213800.0,2561040.0,2020,6,15,13,45,2020-06-15 13:45
771,11.96,11.97,12.0,11.96,183600.0,2199048.0,2020,6,15,14,0,2020-06-15 14:00
772,11.97,12.06,12.13,11.97,372900.0,4495980.0,2020,6,15,14,15,2020-06-15 14:15
773,12.07,12.1,12.1,12.03,296000.0,3574648.0,2020,6,15,14,30,2020-06-15 14:30
774,12.08,12.04,12.12,12.01,362300.0,4376484.0,2020,6,15,14,45,2020-06-15 14:45
775,12.04,12.02,12.05,11.98,585600.0,7039356.0,2020,6,15,15,0,2020-06-15 15:00
776,12.05,12.03,12.13,11.95,811600.0,9764815.0,2020,6,16,9,45,2020-06-16 09:45
777,12.02,11.88,12.07,11.85,538100.0,6438313.0,2020,6,16,10,0,2020-06-16 10:00
778,11.88,11.91,11.95,11.86,353700.0,4212266.0,2020,6,16,10,15,2020-06-16 10:15
779,11.91,11.89,11.91,11.85,346800.0,4117502.0,2020,6,16,10,30,2020-06-16 10:30
780,11.89,11.93,11.97,11.89,194400.0,2320132.0,2020,6,16,10,45,2020-06-16 10:45
781,11.93,11.92,11.94,11.9,93600.0,1115700.0,2020,6,16,11,0,2020-06-16 11:00
782,11.92,11.9,11.94,11.87,146100.0,1738512.0,2020,6,16,11,15,2020-06-16 11:15
783,11.9,11.87,11.92,11.86,226000.0,2687064.0,2020,6,16,11,30,2020-06-16 11:30
784,11.87,11.9,11.91,11.87,103300.0,1228792.0,2020,6,16,13,15,2020-06-16 13:15
785,11.9,11.92,11.93,11.89,106100.0,1263556.0,2020,6,16,13,30,2020-06-16 13:30
786,11.92,11.98,11.98,11.9,216100.0,2580072.0,2020,6,16,13,45,2020-06-16 13:45
787,11.98,11.97,11.98,11.95,105600.0,1263008.0,2020,6,16,14,0,2020-06-16 14:00
788,11.97,11.98,11.98,11.95,87800.0,1050360.0,2020,6,16,14,15,2020-06-16 14:15
789,11.98,11.99,12.01,11.96,162300.0,1945544.0,2020,6,16,14,30,2020-06-16 14:30
790,11.98,11.94,11.98,11.92,181100.0,2164072.0,2020,6,16,14,45,2020-06-16 14:45
791,11.95,12.0,12.0,11.94,448400.0,5371208.0,2020,6,16,15,0,2020-06-16 15:00
792,9.4,9.28,9.58,9.25,2915900.0,27402504.0,2020,6,17,9,45,2020-06-17 09:45
793,9.28,9.27,9.31,9.25,595600.0,5526882.0,2020,6,17,10,0,2020-06-17 10:00
794,9.28,9.27,9.28,9.21,663300.0,6131858.0,2020,6,17,10,15,2020-06-17 10:15
795,9.28,9.27,9.31,9.25,393700.0,3651344.0,2020,6,17,10,30,2020-06-17 10:30
796,9.27,9.26,9.3,9.25,354600.0,3292164.0,2020,6,17,10,45,2020-06-17 10:45
797,9.27,9.28,9.28,9.21,334600.0,3094740.0,2020,6,17,11,0,2020-06-17 11:00
798,9.28,9.3,9.3,9.28,166300.0,1544368.0,2020,6,17,11,15,2020-06-17 11:15
799,9.3,9.34,9.36,9.29,305900.0,2856036.0,2020,6,17,13,0,2020-06-17 13:00
