,open,close,high,low,vol,amount,year,month,day,hour,minute,datetime
0,8.12,8.09,8.12,8.09,65200.0,528120.0,2020,4,2,13,15,2020-04-02 13:15
1,8.1,8.1,8.11,8.09,68400.0,554344.0,2020,4,2,13,30,2020-04-02 13:30
2,8.12,8.11,8.12,8.09,247600.0,2005720.0,2020,4,2,13,45,2020-04-02 13:45
3,8.11,8.1,8.12,8.1,141100.0,1144128.0,2020,4,2,14,0,2020-04-02 14:00
4,8.12,8.13,8.13,8.1,199400.0,1619014.0,2020,4,2,14,15,2020-04-02 14:15
5,8.13,8.13,8.16,8.11,172800.0,1405970.0,2020,4,2,14,30,2020-04-02 14:30
6,8.13,8.13,8.15,8.12,461400.0,3751708.0,2020,4,2,14,45,2020-04-02 14:45
7,8.13,8.16,8.18,8.13,364100.0,2970792.0,2020,4,2,15,0,2020-04-02 15:00
8,8.15,8.1,8.16,8.09,301500.0,2447024.0,2020,4,3,9,45,2020-04-03 09:45
9,8.1,8.14,8.16,8.09,117400.0,953367.0,2020,4,3,10,0,2020-04-03 10:00
10,8.14,8.11,8.15,8.11,117200.0,953088.0,2020,4,3,10,15,2020-04-03 10:15
11,8.12,8.14,8.14,8.1,250300.0,2031020.0,2020,4,3,10,30,2020-04-03 10:30
12,8.12,8.13,8.14,8.12,47100.0,382970.0,2020,4,3,10,45,2020-04-03 10:45
13,8.13,8.15,8.16,8.13,182500.0,1487055.0,2020,4,3,11,0,2020-04-03 11:00
14,8.16,8.14,8.16,8.14,107600.0,877160.0,2020,4,3,11,15,2020-04-03 11:15
15,8.14,8.12,8.14,8.11,210300.0,1709488.0,2020,4,3,11,30,2020-04-03 11:30
16,8.13,8.09,8.13,8.08,240800.0,1950185.0,2020,4,3,13,15,2020-04-03 13:15
17,8.09,8.09,8.11,8.08,177600.0,1437035.0,2020,4,3,13,30,2020-04-03 13:30
18,8.1,8.11,8.11,8.08,124900.0,1010632.0,2020,4,3,13,45,2020-04-03 13:45
19,8.1,8.09,8.1,8.09,111500.0,902975.0,2020,4,3,14,0,2020-04-03 14:00
20,8.1,8.09,8.1,8.08,241600.0,1954585.0,2020,4,3,14,15,2020-04-03 14:15
21,8.1,8.1,8.11,8.08,277300.0,2244184.0,2020,4,3,14,30,2020-04-03 14:30
22,8.1,8.09,8.1,8.08,352800.0,2855460.0,2020,4,3,14,45,2020-04-03 14:45
23,8.09,8.11,8.11,8.09,213900.0,1732394.0,2020,4,3,15,0,2020-04-03 15:00
24,8.19,8.18,8.2,8.15,520900.0,4261322.0,2020,4,7,9,45,2020-04-07 09:45
25,8.18,8.22,8.25,8.18,853500.0,7021890.0,2020,4,7,10,0,2020-04-07 10:00
26,8.22,8.24,8.25,8.22,371700.0,3062746.0,2020,4,7,10,15,2020-04-07 10:15
27,8.24,8.25,8.27,8.24,410800.0,3390998.0,2020,4,7,10,30,2020-04-07 10:30
28,8.25,8.26,8.28,8.25,319700.0,2641364.0,2020,4,7,10,45,2020-04-07 10:45
29,8.26,8.26,8.27,8.24,310900.0,2568124.0,2020,4,7,11,0,2020-04-07 11:00
30,8.26,8.28,8.28,8.26,234000.0,1935526.0,2020,4,7,11,15,2020-04-07 11:15
31,8.27,8.23,8.28,8.22,601700.0,4962674.0,2020,4,7,11,30,2020-04-07 11:30
32,8.25,8.26,8.26,8.22,369600.0,3046712.0,2020,4,7,13,15,2020-04-07 13:15
33,8.25,8.26,8.26,8.23,299700.0,2473092.0,2020,4,7,13,30,2020-04-07 13:30
34,8.26,8.23,8.26,8.22,503700.0,4150788.0,2020,4,7,13,45,2020-04-07 13:45
35,8.23,8.24,8.25,8.23,335400.0,2763908.0,2020,4,7,14,0,2020-04-07 14:00
36,8.24,8.23,8.25,8.22,430700.0,3548680.0,2020,4,7,14,15,2020-04-07 14:15
37,8.24,8.23,8.25,8.22,747900.0,6158776.0,2020,4,7,14,30,2020-04-07 14:30
38,8.23,8.24,8.25,8.22,306800.0,2527940.0,2020,4,7,14,45,2020-04-07 14:45
39,8.24,8.27,8.27,8.23,447800.0,3696304.0,2020,4,7,15,0,2020-04-07 15:00
40,8.23,8.19,8.26,8.18,334800.0,2743583.0,2020,4,8,9,45,2020-04-08 09:45
41,8.2,8.15,8.2,8.15,432900.0,3537512.0,2020,4,8,10,0,2020-04-08 10:00
42,8.15,8.16,8.18,8.15,421300.0,3436429.0,2020,4,8,10,15,2020-04-08 10:15
43,8.16,8.19,8.21,8.15,261800.0,2139869.0,2020,4,8,10,30,2020-04-08 10:30
44,8.2,8.17,8.21,8.17,124800.0,1021384.0,2020,4,8,10,45,2020-04-08 10:45
45,8.19,8.17,8.19,8.17,95900.0,784465.0,2020,4,8,11,0,2020-04-08 11:00
46,8.18,8.16,8.18,8.16,118600.0,968772.0,2020,4,8,11,15,2020-04-08 11:15
47,8.16,8.15,8.18,8.14,165400.0,1348846.0,2020,4,8,11,30,2020-04-08 11:30
48,8.17,8.17,8.19,8.15,114500.0,935128.0,2020,4,8,13,15,2020-04-08 13:15
49,8.17,8.16,8.19,8.16,136800.0,1117804.0,2020,4,8,13,30,2020-04-08 13:30
50,8.17,8.17,8.18,8.16,117100.0,956272.0,2020,4,8,13,45,2020-04-08 13:45
51,8.18,8.18,8.2,8.17,122300.0,1000860.0,2020,4,8,14,0,2020-04-08 14:00
52,8.18,8.18,8.19,8.18,128900.0,1054528.0,2020,4,8,14,15,2020-04-08 14:15
53,8.18,8.17,8.19,8.17,236300.0,1933084.0,2020,4,8,14,30,2020-04-08 14:30
54,8.18,8.17,8.18,8.17,97500.0,796854.0,2020,4,8,14,45,2020-04-08 14:45
55,8.17,8.18,8.2,8.17,190000.0,1555120.0,2020,4,8,15,0,2020-04-08 15:00
56,8.21,8.2,8.22,8.18,257200.0,2107997.0,2020,4,9,9,45,2020-04-09 09:45
57,8.19,8.18,8.22,8.18,359900.0,2948108.0,2020,4,9,10,0,2020-04-09 10:00
58,8.19,8.19,8.2,8.18,238400.0,1951605.0,2020,4,9,10,15,2020-04-09 10:15
59,8.2,8.18,8.2,8.18,255400.0,2090081.0,2020,4,9,10,30,2020-04-09 10:30
60,8.18,8.19,8.2,8.17,277900.0,2273766.0,2020,4,9,10,45,2020-04-09 10:45
61,8.19,8.17,8.19,8.17,189100.0,1546730.0,2020,4,9,11,0,2020-04-09 11:00
62,8.17,8.18,8.19,8.16,136000.0,1111371.0,2020,4,9,11,15,2020-04-09 11:15
63,8.17,8.21,8.21,8.17,191200.0,1565947.0,2020,4,9,11,30,2020-04-09 11:30
64,8.21,8.18,8.21,8.18,86700.0,710391.0,2020,4,9,13,15,2020-04-09 13:15
65,8.18,8.18,8.19,8.18,78400.0,641524.0,2020,4,9,13,30,2020-04-09 13:30
66,8.18,8.21,8.21,8.18,140800.0,1154360.0,2020,4,9,13,45,2020-04-09 13:45
67,8.2,8.19,8.21,8.18,193000.0,1580344.0,2020,4,9,14,0,2020-04-09 14:00
68,8.19,8.2,8.2,8.19,108300.0,887460.0,2020,4,9,14,15,2020-04-09 14:15
69,8.19,8.19,8.21,8.17,487700.0,3994972.0,2020,4,9,14,30,2020-04-09 14:30
70,8.18,8.19,8.2,8.18,143500.0,1174836.0,2020,4,9,14,45,2020-04-09 14:45
71,8.18,8.17,8.19,8.17,236700.0,1935992.0,2020,4,9,15,0,2020-04-09 15:00
72,8.17,8.16,8.19,8.16,165600.0,1353370.0,2020,4,10,9,45,2020-04-10 09:45
73,8.16,8.14,8.17,8.12,346700.0,2824410.0,2020,4,10,10,0,2020-04-10 10:00
74,8.14,8.16,8.16,8.13,167400.0,1362000.0,2020,4,10,10,15,2020-04-10 10:15
75,8.15,8.16,8.17,8.14,173800.0,1417013.0,2020,4,10,10,30,2020-04-10 10:30
76,8.14,8.15,8.17,8.13,109300.0,890310.0,2020,4,10,10,45,2020-04-10 10:45
77,8.14,8.14,8.16,8.13,87200.0,710527.0,2020,4,10,11,0,2020-04-10 11:00
78,8.13,8.14,8.15,8.12,227400.0,1848916.0,2020,4,10,11,15,2020-04-10 11:15
79,8.13,8.1,8.14,8.09,236400.0,1917527.0,2020,4,10,11,30,2020-04-10 11:30
80,8.09,8.09,8.12,8.08,276300.0,2235319.0,2020,4,10,13,15,2020-04-10 13:15
81,8.09,8.08,8.1,8.06,301800.0,2438352.0,2020,4,10,13,30,2020-04-10 13:30
82,8.08,8.08,8.09,8.06,138900.0,1120854.0,2020,4,10,13,45,2020-04-10 13:45
83,8.07,8.09,8.1,8.07,104900.0,847562.0,2020,4,10,14,0,2020-04-10 14:00
84,8.08,8.06,8.09,8.06,125700.0,1014436.0,2020,4,10,14,15,2020-04-10 14:15
85,8.06,8.07,8.08,8.06,197000.0,1589926.0,2020,4,10,14,30,2020-04-10 14:30
86,8.07,8.06,8.08,8.06,187800.0,1515466.0,2020,4,10,14,45,2020-04-10 14:45
87,8.07,8.05,8.07,8.05,328200.0,2643958.0,2020,4,10,15,0,2020-04-10 15:00
88,8.02,8.04,8.11,8.02,383500.0,3092137.0,2020,4,13,9,45,2020-04-13 09:45
89,8.04,8.04,8.07,8.04,86400.0,695480.0,2020,4,13,10,0,2020-04-13 10:00
90,8.05,8.05,8.06,8.04,70500.0,567284.0,2020,4,13,10,15,2020-04-13 10:15
91,8.05,8.08,8.08,8.05,106600.0,859587.0,2020,4,13,10,30,2020-04-13 10:30
92,8.08,8.09,8.1,8.07,133500.0,1079583.0,2020,4,13,10,45,2020-04-13 10:45
93,8.09,8.08,8.09,8.06,42500.0,342956.0,2020,4,13,11,0,2020-04-13 11:00
94,8.09,8.08,8.09,8.07,34500.0,278650.0,2020,4,13,11,15,2020-04-13 11:15
95,8.08,8.07,8.09,8.07,34400.0,277892.0,2020,4,13,11,30,2020-04-13 11:30
96,8.08,8.06,8.09,8.06,92500.0,747034.0,2020,4,13,13,15,2020-04-13 13:15
97,8.06,8.06,8.07,8.05,60400.0,486470.0,2020,4,13,13,30,2020-04-13 13:30
98,8.06,8.07,8.07,8.05,87000.0,700773.0,2020,4,13,13,45,2020-04-13 13:45
99,8.06,8.06,8.07,8.04,111300.0,896143.0,2020,4,13,14,0,2020-04-13 14:00
100,8.06,8.05,8.06,8.04,87200.0,702048.0,2020,4,13,14,15,2020-04-13 14:15
101,8.06,8.05,8.06,8.04,157500.0,1268027.0,2020,4,13,14,30,2020-04-13 14:30
102,8.05,8.06,8.06,8.04,188900.0,1521092.0,2020,4,13,14,45,2020-04-13 14:45
103,8.06,8.07,8.07,8.05,178800.0,1440692.0,2020,4,13,15,0,2020-04-13 15:00
104,8.06,8.08,8.09,8.05,263600.0,2128564.0,2020,4,14,9,45,2020-04-14 09:45
105,8.09,8.07,8.09,8.06,183800.0,1483317.0,2020,4,14,10,0,2020-04-14 10:00
106,8.08,8.08,8.08,8.06,120300.0,970915.0,2020,4,14,10,15,2020-04-14 10:15
107,8.07,8.09,8.1,8.06,282600.0,2283607.0,2020,4,14,10,30,2020-04-14 10:30
108,8.09,8.1,8.1,8.08,128200.0,1036774.0,2020,4,14,10,45,2020-04-14 10:45
109,8.09,8.07,8.1,8.07,73300.0,592510.0,2020,4,14,11,0,2020-04-14 11:00
110,8.08,8.07,8.09,8.06,87300.0,704688.0,2020,4,14,11,15,2020-04-14 11:15
111,8.08,8.09,8.09,8.06,62300.0,502928.0,2020,4,14,11,30,2020-04-14 11:30
112,8.08,8.07,8.09,8.06,159800.0,1289599.0,2020,4,14,13,15,2020-04-14 13:15
113,8.07,8.08,8.09,8.06,183200.0,1478401.0,2020,4,14,13,30,2020-04-14 13:30
114,8.08,8.1,8.1,8.07,191600.0,1550096.0,2020,4,14,13,45,2020-04-14 13:45
115,8.1,8.1,8.11,8.08,173600.0,1405511.0,2020,4,14,14,0,2020-04-14 14:00
116,8.1,8.08,8.1,8.08,104200.0,842298.0,2020,4,14,14,15,2020-04-14 14:15
117,8.09,8.08,8.09,8.07,171700.0,1387616.0,2020,4,14,14,30,2020-04-14 14:30
118,8.09,8.1,8.1,8.08,78500.0,635128.0,2020,4,14,14,45,2020-04-14 14:45
119,8.09,8.1,8.11,8.09,228600.0,1851384.0,2020,4,14,15,0,2020-04-14 15:00
120,8.1,8.09,8.1,8.06,225700.0,1824636.0,2020,4,15,9,45,2020-04-15 09:45
121,8.08,8.08,8.1,8.07,130100.0,1051946.0,2020,4,15,10,0,2020-04-15 10:00
122,8.08,8.11,8.11,8.07,197600.0,1597565.0,2020,4,15,10,15,2020-04-15 10:15
123,8.12,8.17,8.19,8.12,563900.0,4596650.0,2020,4,15,10,30,2020-04-15 10:30
124,8.17,8.17,8.18,8.15,154000.0,1257444.0,2020,4,15,10,45,2020-04-15 10:45
125,8.17,8.16,8.17,8.15,201800.0,1646204.0,2020,4,15,11,0,2020-04-15 11:00
126,8.16,8.16,8.17,8.15,73500.0,599775.0,2020,4,15,11,15,2020-04-15 11:15
127,8.16,8.15,8.16,8.14,48000.0,391174.0,2020,4,15,11,30,2020-04-15 11:30
128,8.15,8.17,8.17,8.14,101600.0,828646.0,2020,4,15,13,15,2020-04-15 13:15
129,8.17,8.13,8.17,8.12,128600.0,1047131.0,2020,4,15,13,30,2020-04-15 13:30
130,8.13,8.14,8.15,8.12,116300.0,946192.0,2020,4,15,13,45,2020-04-15 13:45
131,8.14,8.16,8.16,8.14,61400.0,500544.0,2020,4,15,14,0,2020-04-15 14:00
132,8.14,8.13,8.16,8.13,74900.0,610013.0,2020,4,15,14,15,2020-04-15 14:15
133,8.13,8.14,8.14,8.12,87700.0,713492.0,2020,4,15,14,30,2020-04-15 14:30
134,8.13,8.13,8.14,8.11,136400.0,1108256.0,2020,4,15,14,45,2020-04-15 14:45
135,8.14,8.1,8.14,8.1,174700.0,1417468.0,2020,4,15,15,0,2020-04-15 15:00
136,8.14,8.1,8.14,8.07,142500.0,1153341.0,2020,4,16,9,45,2020-04-16 09:45
137,8.09,8.08,8.11,8.08,116900.0,945608.0,2020,4,16,10,0,2020-04-16 10:00
138,8.08,8.12,8.12,8.07,159600.0,1290512.0,2020,4,16,10,15,2020-04-16 10:15
139,8.1,8.14,8.15,8.1,246400.0,2001686.0,2020,4,16,10,30,2020-04-16 10:30
140,8.14,8.13,8.15,8.12,273100.0,2222766.0,2020,4,16,10,45,2020-04-16 10:45
141,8.14,8.12,8.14,8.11,244500.0,1987800.0,2020,4,16,11,0,2020-04-16 11:00
142,8.12,8.13,8.13,8.11,57700.0,468446.0,2020,4,16,11,15,2020-04-16 11:15
143,8.12,8.11,8.13,8.1,71600.0,580802.0,2020,4,16,11,30,2020-04-16 11:30
144,8.12,8.11,8.12,8.1,87500.0,709720.0,2020,4,16,13,15,2020-04-16 13:15
145,8.12,8.14,8.15,8.11,172800.0,1405838.0,2020,4,16,13,30,2020-04-16 13:30
146,8.14,8.14,8.15,8.11,229800.0,1866913.0,2020,4,16,13,45,2020-04-16 13:45
147,8.12,8.12,8.14,8.11,245400.0,1992320.0,2020,4,16,14,0,2020-04-16 14:00
148,8.12,8.11,8.13,8.09,319600.0,2591420.0,2020,4,16,14,15,2020-04-16 14:15
149,8.1,8.11,8.13,8.09,343700.0,2786908.0,2020,4,16,14,30,2020-04-16 14:30
150,8.12,8.11,8.13,8.1,365400.0,2962502.0,2020,4,16,14,45,2020-04-16 14:45
151,8.11,8.12,8.12,8.11,303200.0,2460650.0,2020,4,16,15,0,2020-04-16 15:00
152,8.14,8.14,8.17,8.11,527300.0,4294700.0,2020,4,17,9,45,2020-04-17 09:45
153,8.12,8.13,8.15,8.11,475500.0,3864032.0,2020,4,17,10,0,2020-04-17 10:00
154,8.13,8.14,8.14,8.12,358200.0,2912592.0,2020,4,17,10,15,2020-04-17 10:15
155,8.14,8.12,8.14,8.11,284600.0,2310641.0,2020,4,17,10,30,2020-04-17 10:30
156,8.12,8.1,8.12,8.1,160500.0,1302252.0,2020,4,17,10,45,2020-04-17 10:45
157,8.1,8.09,8.11,8.09,185500.0,1502435.0,2020,4,17,11,0,2020-04-17 11:00
158,8.09,8.1,8.11,8.09,68600.0,555451.0,2020,4,17,11,15,2020-04-17 11:15
159,8.1,8.1,8.1,8.09,34800.0,281847.0,2020,4,17,11,30,2020-04-17 11:30
160,8.1,8.1,8.12,8.1,155700.0,1261402.0,2020,4,17,13,15,2020-04-17 13:15
161,8.1,8.1,8.1,8.09,88100.0,713472.0,2020,4,17,13,30,2020-04-17 13:30
162,8.1,8.12,8.12,8.1,149700.0,1214224.0,2020,4,17,13,45,2020-04-17 13:45
163,8.11,8.11,8.12,8.11,76400.0,619692.0,2020,4,17,14,0,2020-04-17 14:00
164,8.11,8.09,8.11,8.09,309800.0,2507880.0,2020,4,17,14,15,2020-04-17 14:15
165,8.09,8.07,8.1,8.07,286800.0,2318296.0,2020,4,17,14,30,2020-04-17 14:30
166,8.07,8.07,8.08,8.07,150200.0,1212716.0,2020,4,17,14,45,2020-04-17 14:45
167,8.08,8.08,8.09,8.07,272000.0,2197244.0,2020,4,17,15,0,2020-04-17 15:00
168,8.08,8.07,8.11,8.05,290100.0,2344222.0,2020,4,20,9,45,2020-04-20 09:45
169,8.07,8.06,8.08,8.05,209700.0,1690744.0,2020,4,20,10,0,2020-04-20 10:00
170,8.05,8.04,8.06,7.86,637800.0,5103885.0,2020,4,20,10,15,2020-04-20 10:15
171,8.03,8.01,8.03,8.0,143500.0,1149638.0,2020,4,20,10,30,2020-04-20 10:30
172,8.02,7.99,8.02,7.97,284500.0,2273406.0,2020,4,20,10,45,2020-04-20 10:45
173,7.98,7.99,7.99,7.98,289200.0,2310135.0,2020,4,20,11,0,2020-04-20 11:00
174,7.98,7.98,8.0,7.96,298300.0,2377266.0,2020,4,20,11,15,2020-04-20 11:15
175,7.98,7.98,7.98,7.97,258600.0,2061884.0,2020,4,20,11,30,2020-04-20 11:30
176,7.97,7.98,7.98,7.96,207200.0,1652048.0,2020,4,20,13,15,2020-04-20 13:15
177,7.97,7.96,7.98,7.96,78800.0,627940.0,2020,4,20,13,30,2020-04-20 13:30
178,7.97,7.97,7.98,7.96,132500.0,1055692.0,2020,4,20,13,45,2020-04-20 13:45
179,7.97,7.98,7.98,7.97,63800.0,508694.0,2020,4,20,14,0,2020-04-20 14:00
180,7.97,7.98,7.98,7.96,165800.0,1321802.0,2020,4,20,14,15,2020-04-20 14:15
181,7.97,7.98,8.01,7.97,225100.0,1797820.0,2020,4,20,14,30,2020-04-20 14:30
182,7.98,7.99,8.0,7.98,104300.0,832836.0,2020,4,20,14,45,2020-04-20 14:45
183,8.0,7.99,8.0,7.98,218300.0,1743608.0,2020,4,20,15,0,2020-04-20 15:00
184,7.96,7.94,7.96,7.92,288500.0,2291262.0,2020,4,21,9,45,2020-04-21 09:45
185,7.93,7.93,7.96,7.91,334000.0,2647819.0,2020,4,21,10,0,2020-04-21 10:00
186,7.93,7.98,7.98,7.91,297600.0,2359667.0,2020,4,21,10,15,2020-04-21 10:15
187,7.97,7.97,7.98,7.94,130600.0,1040099.0,2020,4,21,10,30,2020-04-21 10:30
188,7.94,7.96,7.97,7.94,118200.0,939332.0,2020,4,21,10,45,2020-04-21 10:45
189,7.94,7.94,7.97,7.93,189000.0,1501417.0,2020,4,21,11,0,2020-04-21 11:00
190,7.93,7.93,7.94,7.92,163200.0,1293612.0,2020,4,21,11,15,2020-04-21 11:15
191,7.94,7.9,7.96,7.9,202600.0,1603977.0,2020,4,21,11,30,2020-04-21 11:30
192,7.9,7.89,7.93,7.88,386300.0,3050464.0,2020,4,21,13,15,2020-04-21 13:15
193,7.89,7.91,7.91,7.88,198800.0,1569099.0,2020,4,21,13,30,2020-04-21 13:30
194,7.92,7.89,7.94,7.88,247800.0,1960368.0,2020,4,21,13,45,2020-04-21 13:45
195,7.89,7.88,7.92,7.88,246100.0,1942044.0,2020,4,21,14,0,2020-04-21 14:00
196,7.89,7.88,7.92,7.88,223200.0,1762362.0,2020,4,21,14,15,2020-04-21 14:15
197,7.89,7.9,7.91,7.88,327200.0,2583270.0,2020,4,21,14,30,2020-04-21 14:30
198,7.9,7.9,7.91,7.88,271000.0,2138776.0,2020,4,21,14,45,2020-04-21 14:45
199,7.9,7.91,7.92,7.88,290200.0,2292144.0,2020,4,21,15,0,2020-04-21 15:00
200,7.92,7.9,7.92,7.82,408200.0,3204634.0,2020,4,22,9,45,2020-04-22 09:45
201,7.9,7.9,7.9,7.87,96900.0,764059.0,2020,4,22,10,0,2020-04-22 10:00
202,7.9,7.89,7.91,7.88,120900.0,954142.0,2020,4,22,10,15,2020-04-22 10:15
203,7.89,7.86,7.9,7.86,337900.0,2658610.0,2020,4,22,10,30,2020-04-22 10:30
204,7.87,7.89,7.89,7.86,79400.0,624923.0,2020,4,22,10,45,2020-04-22 10:45
205,7.88,7.9,7.9,7.87,56600.0,446299.0,2020,4,22,11,0,2020-04-22 11:00
206,7.9,7.87,7.92,7.87,269800.0,2130797.0,2020,4,22,11,15,2020-04-22 11:15
207,7.87,7.87,7.88,7.85,163700.0,1286965.0,2020,4,22,11,30,2020-04-22 11:30
208,7.87,7.88,7.89,7.86,88800.0,698740.0,2020,4,22,13,15,2020-04-22 13:15
209,7.88,7.9,7.92,7.88,123900.0,979801.0,2020,4,22,13,30,2020-04-22 13:30
210,7.92,7.92,7.92,7.89,161300.0,1274552.0,2020,4,22,13,45,2020-04-22 13:45
211,7.92,7.92,7.92,7.9,99700.0,789317.0,2020,4,22,14,0,2020-04-22 14:00
212,7.92,7.93,7.94,7.91,196100.0,1554401.0,2020,4,22,14,15,2020-04-22 14:15
213,7.93,7.93,7.95,7.92,149600.0,1187200.0,2020,4,22,14,30,2020-04-22 14:30
214,7.92,7.91,7.94,7.91,201900.0,1599924.0,2020,4,22,14,45,2020-04-22 14:45
215,7.93,7.93,7.95,7.91,423300.0,3356708.0,2020,4,22,15,0,2020-04-22 15:00
216,7.9,7.85,7.9,7.84,584600.0,4600747.0,2020,4,23,9,45,2020-04-23 09:45
217,7.85,7.82,7.86,7.81,840400.0,6580243.0,2020,4,23,10,0,2020-04-23 10:00
218,7.81,7.84,7.85,7.81,402700.0,3156396.0,2020,4,23,10,15,2020-04-23 10:15
219,7.84,7.83,7.85,7.83,195500.0,1532419.0,2020,4,23,10,30,2020-04-23 10:30
220,7.83,7.84,7.85,7.83,268300.0,2103527.0,2020,4,23,10,45,2020-04-23 10:45
221,7.83,7.84,7.85,7.83,135000.0,1058290.0,2020,4,23,11,0,2020-04-23 11:00
222,7.84,7.83,7.85,7.83,158400.0,1241942.0,2020,4,23,11,15,2020-04-23 11:15
223,7.84,7.84,7.85,7.83,121000.0,948560.0,2020,4,23,11,30,2020-04-23 11:30
224,7.84,7.82,7.85,7.81,555900.0,4350542.0,2020,4,23,13,15,2020-04-23 13:15
225,7.82,7.83,7.84,7.81,139000.0,1087686.0,2020,4,23,13,30,2020-04-23 13:30
226,7.83,7.84,7.85,7.83,136000.0,1066746.0,2020,4,23,13,45,2020-04-23 13:45
227,7.85,7.85,7.86,7.83,176700.0,1386218.0,2020,4,23,14,0,2020-04-23 14:00
228,7.85,7.85,7.86,7.84,166100.0,1303722.0,2020,4,23,14,15,2020-04-23 14:15
229,7.84,7.85,7.85,7.83,243700.0,1910834.0,2020,4,23,14,30,2020-04-23 14:30
230,7.84,7.83,7.86,7.83,119400.0,936272.0,2020,4,23,14,45,2020-04-23 14:45
231,7.83,7.84,7.85,7.82,496300.0,3890680.0,2020,4,23,15,0,2020-04-23 15:00
232,7.85,7.81,7.85,7.8,291600.0,2279534.0,2020,4,24,9,45,2020-04-24 09:45
233,7.81,7.81,7.83,7.8,147700.0,1154036.0,2020,4,24,10,0,2020-04-24 10:00
234,7.81,7.81,7.82,7.8,174400.0,1361216.0,2020,4,24,10,15,2020-04-24 10:15
235,7.81,7.76,7.81,7.75,486400.0,3782383.0,2020,4,24,10,30,2020-04-24 10:30
236,7.75,7.77,7.77,7.75,178800.0,1388276.0,2020,4,24,10,45,2020-04-24 10:45
237,7.77,7.79,7.83,7.76,338000.0,2637720.0,2020,4,24,11,0,2020-04-24 11:00
238,7.79,7.81,7.83,7.78,216600.0,1691310.0,2020,4,24,11,15,2020-04-24 11:15
239,7.79,7.81,7.83,7.78,298400.0,2330163.0,2020,4,24,11,30,2020-04-24 11:30
240,7.8,7.79,7.81,7.78,120200.0,936614.0,2020,4,24,13,15,2020-04-24 13:15
241,7.78,7.79,7.82,7.77,384800.0,2998996.0,2020,4,24,13,30,2020-04-24 13:30
242,7.79,7.82,7.83,7.78,636900.0,4976276.0,2020,4,24,13,45,2020-04-24 13:45
243,7.8,7.82,7.84,7.79,438500.0,3426838.0,2020,4,24,14,0,2020-04-24 14:00
244,7.81,7.8,7.83,7.8,435700.0,3404062.0,2020,4,24,14,15,2020-04-24 14:15
245,7.8,7.8,7.81,7.79,189000.0,1474400.0,2020,4,24,14,30,2020-04-24 14:30
246,7.8,7.78,7.8,7.78,211500.0,1646700.0,2020,4,24,14,45,2020-04-24 14:45
247,7.78,7.77,7.79,7.76,506900.0,3938400.0,2020,4,24,15,0,2020-04-24 15:00
248,7.8,7.77,7.82,7.77,223300.0,1738222.0,2020,4,27,9,45,2020-04-27 09:45
249,7.76,7.86,7.86,7.76,339000.0,2651689.0,2020,4,27,10,0,2020-04-27 10:00
250,7.86,7.84,7.87,7.83,347800.0,2727841.0,2020,4,27,10,15,2020-04-27 10:15
251,7.83,7.85,7.85,7.83,154900.0,1214891.0,2020,4,27,10,30,2020-04-27 10:30
252,7.85,7.85,7.86,7.83,114500.0,898616.0,2020,4,27,10,45,2020-04-27 10:45
253,7.85,7.83,7.85,7.82,106700.0,834955.0,2020,4,27,11,0,2020-04-27 11:00
254,7.82,7.83,7.83,7.81,39200.0,306540.0,2020,4,27,11,15,2020-04-27 11:15
255,7.82,7.86,7.86,7.81,177000.0,1388630.0,2020,4,27,11,30,2020-04-27 11:30
256,7.86,7.85,7.87,7.84,80600.0,632931.0,2020,4,27,13,15,2020-04-27 13:15
257,7.85,7.84,7.86,7.84,103100.0,809154.0,2020,4,27,13,30,2020-04-27 13:30
258,7.84,7.85,7.86,7.83,381000.0,2989611.0,2020,4,27,13,45,2020-04-27 13:45
259,7.86,7.84,7.86,7.84,86300.0,677228.0,2020,4,27,14,0,2020-04-27 14:00
260,7.85,7.82,7.85,7.8,257500.0,2013918.0,2020,4,27,14,15,2020-04-27 14:15
261,7.81,7.8,7.83,7.79,222600.0,1736398.0,2020,4,27,14,30,2020-04-27 14:30
262,7.8,7.79,7.81,7.78,171300.0,1334600.0,2020,4,27,14,45,2020-04-27 14:45
263,7.79,7.77,7.79,7.76,245600.0,1909346.0,2020,4,27,15,0,2020-04-27 15:00
264,7.75,7.65,7.8,7.62,664900.0,5116531.0,2020,4,28,9,45,2020-04-28 09:45
265,7.66,7.44,7.66,7.41,740000.0,5587528.0,2020,4,28,10,0,2020-04-28 10:00
266,7.44,7.46,7.51,7.41,532000.0,3972911.0,2020,4,28,10,15,2020-04-28 10:15
267,7.49,7.49,7.5,7.45,278000.0,2078238.0,2020,4,28,10,30,2020-04-28 10:30
268,7.49,7.48,7.51,7.46,305800.0,2287940.0,2020,4,28,10,45,2020-04-28 10:45
269,7.49,7.46,7.51,7.46,319900.0,2389432.0,2020,4,28,11,0,2020-04-28 11:00
270,7.47,7.47,7.5,7.46,284500.0,2127002.0,2020,4,28,11,15,2020-04-28 11:15
271,7.48,7.46,7.5,7.45,482800.0,3604058.0,2020,4,28,11,30,2020-04-28 11:30
272,7.47,7.45,7.48,7.45,296100.0,2210274.0,2020,4,28,13,15,2020-04-28 13:15
273,7.45,7.45,7.48,7.45,230200.0,1716458.0,2020,4,28,13,30,2020-04-28 13:30
274,7.45,7.45,7.48,7.44,287900.0,2144344.0,2020,4,28,13,45,2020-04-28 13:45
275,7.45,7.46,7.46,7.44,156400.0,1164808.0,2020,4,28,14,0,2020-04-28 14:00
276,7.45,7.44,7.46,7.44,269400.0,2006828.0,2020,4,28,14,15,2020-04-28 14:15
277,7.44,7.43,7.45,7.43,228500.0,1700244.0,2020,4,28,14,30,2020-04-28 14:30
278,7.43,7.39,7.43,7.38,511000.0,3783884.0,2020,4,28,14,45,2020-04-28 14:45
279,7.4,7.4,7.4,7.39,360800.0,2668160.0,2020,4,28,15,0,2020-04-28 15:00
280,7.38,7.39,7.41,7.31,283700.0,2087702.0,2020,4,29,9,45,2020-04-29 09:45
281,7.39,7.41,7.43,7.38,230000.0,1702355.0,2020,4,29,10,0,2020-04-29 10:00
282,7.42,7.41,7.42,7.37,280800.0,2075974.0,2020,4,29,10,15,2020-04-29 10:15
283,7.41,7.46,7.48,7.4,236700.0,1762371.0,2020,4,29,10,30,2020-04-29 10:30
284,7.45,7.51,7.52,7.44,438100.0,3281254.0,2020,4,29,10,45,2020-04-29 10:45
285,7.51,7.56,7.57,7.5,542600.0,4087334.0,2020,4,29,11,0,2020-04-29 11:00
286,7.57,7.54,7.59,7.53,226100.0,1710293.0,2020,4,29,11,15,2020-04-29 11:15
287,7.54,7.54,7.54,7.49,292900.0,2202299.0,2020,4,29,11,30,2020-04-29 11:30
288,7.54,7.54,7.54,7.51,104700.0,787542.0,2020,4,29,13,15,2020-04-29 13:15
289,7.54,7.54,7.56,7.53,219400.0,1655750.0,2020,4,29,13,30,2020-04-29 13:30
290,7.54,7.54,7.55,7.52,120900.0,912054.0,2020,4,29,13,45,2020-04-29 13:45
291,7.54,7.54,7.55,7.53,82300.0,620620.0,2020,4,29,14,0,2020-04-29 14:00
292,7.53,7.54,7.56,7.53,171300.0,1293540.0,2020,4,29,14,15,2020-04-29 14:15
293,7.55,7.53,7.55,7.53,232500.0,1754608.0,2020,4,29,14,30,2020-04-29 14:30
294,7.54,7.52,7.54,7.52,78100.0,587558.0,2020,4,29,14,45,2020-04-29 14:45
295,7.52,7.53,7.53,7.51,141400.0,1063398.0,2020,4,29,15,0,2020-04-29 15:00
296,7.56,7.59,7.6,7.56,225000.0,1706359.0,2020,4,30,9,45,2020-04-30 09:45
297,7.6,7.6,7.63,7.58,151300.0,1151404.0,2020,4,30,10,0,2020-04-30 10:00
298,7.6,7.62,7.64,7.59,258200.0,1967800.0,2020,4,30,10,15,2020-04-30 10:15
299,7.61,7.61,7.63,7.61,90300.0,688015.0,2020,4,30,10,30,2020-04-30 10:30
300,7.61,7.57,7.62,7.54,294200.0,2230065.0,2020,4,30,10,45,2020-04-30 10:45
301,7.56,7.61,7.61,7.55,116000.0,880610.0,2020,4,30,11,0,2020-04-30 11:00
302,7.61,7.61,7.61,7.6,53200.0,404647.0,2020,4,30,11,15,2020-04-30 11:15
303,7.61,7.6,7.61,7.59,67400.0,512211.0,2020,4,30,11,30,2020-04-30 11:30
304,7.6,7.58,7.6,7.55,208600.0,1580709.0,2020,4,30,13,15,2020-04-30 13:15
305,7.57,7.57,7.59,7.56,135400.0,1025420.0,2020,4,30,13,30,2020-04-30 13:30
306,7.59,7.58,7.59,7.57,72200.0,547112.0,2020,4,30,13,45,2020-04-30 13:45
307,7.59,7.61,7.61,7.57,148800.0,1130197.0,2020,4,30,14,0,2020-04-30 14:00
308,7.61,7.6,7.61,7.59,37400.0,284184.0,2020,4,30,14,15,2020-04-30 14:15
309,7.6,7.59,7.6,7.58,54900.0,416479.0,2020,4,30,14,30,2020-04-30 14:30
310,7.6,7.58,7.6,7.57,59900.0,453878.0,2020,4,30,14,45,2020-04-30 14:45
311,7.58,7.58,7.59,7.58,165300.0,1254024.0,2020,4,30,15,0,2020-04-30 15:00
312,7.52,7.55,7.58,7.51,259000.0,1952887.0,2020,5,6,9,45,2020-05-06 09:45
313,7.54,7.58,7.58,7.54,144300.0,1091604.0,2020,5,6,10,0,2020-05-06 10:00
314,7.57,7.62,7.62,7.57,198300.0,1505685.0,2020,5,6,10,15,2020-05-06 10:15
315,7.62,7.6,7.62,7.59,133400.0,1014467.0,2020,5,6,10,30,2020-05-06 10:30
316,7.59,7.57,7.6,7.55,165100.0,1250082.0,2020,5,6,10,45,2020-05-06 10:45
317,7.57,7.58,7.58,7.56,95600.0,723778.0,2020,5,6,11,0,2020-05-06 11:00
318,7.58,7.58,7.58,7.56,126000.0,954844.0,2020,5,6,11,15,2020-05-06 11:15
319,7.58,7.58,7.59,7.57,181800.0,1378397.0,2020,5,6,11,30,2020-05-06 11:30
320,7.59,7.56,7.59,7.55,266500.0,2017133.0,2020,5,6,13,15,2020-05-06 13:15
321,7.54,7.54,7.56,7.52,202500.0,1526305.0,2020,5,6,13,30,2020-05-06 13:30
322,7.54,7.57,7.58,7.54,168700.0,1274399.0,2020,5,6,13,45,2020-05-06 13:45
323,7.58,7.59,7.59,7.57,125700.0,953563.0,2020,5,6,14,0,2020-05-06 14:00
324,7.59,7.58,7.6,7.57,192800.0,1463520.0,2020,5,6,14,15,2020-05-06 14:15
325,7.58,7.6,7.6,7.58,332700.0,2527196.0,2020,5,6,14,30,2020-05-06 14:30
326,7.6,7.6,7.61,7.59,219100.0,1665500.0,2020,5,6,14,45,2020-05-06 14:45
327,7.6,7.61,7.61,7.58,189700.0,1442166.0,2020,5,6,15,0,2020-05-06 15:00
328,7.59,7.64,7.64,7.59,490300.0,3741546.0,2020,5,7,9,45,2020-05-07 09:45
329,7.64,7.71,7.74,7.62,700000.0,5374824.0,2020,5,7,10,0,2020-05-07 10:00
330,7.7,7.69,7.71,7.69,201300.0,1550262.0,2020,5,7,10,15,2020-05-07 10:15
331,7.69,7.69,7.7,7.69,156500.0,1204511.0,2020,5,7,10,30,2020-05-07 10:30
332,7.68,7.7,7.7,7.68,80800.0,621018.0,2020,5,7,10,45,2020-05-07 10:45
333,7.7,7.7,7.71,7.69,87700.0,674884.0,2020,5,7,11,0,2020-05-07 11:00
334,7.69,7.7,7.71,7.69,86600.0,666517.0,2020,5,7,11,15,2020-05-07 11:15
335,7.7,7.7,7.71,7.69,95300.0,734032.0,2020,5,7,11,30,2020-05-07 11:30
336,7.71,7.7,7.71,7.68,184000.0,1416419.0,2020,5,7,13,15,2020-05-07 13:15
337,7.7,7.68,7.7,7.68,137100.0,1053973.0,2020,5,7,13,30,2020-05-07 13:30
338,7.69,7.7,7.7,7.68,232200.0,1785424.0,2020,5,7,13,45,2020-05-07 13:45
339,7.69,7.72,7.74,7.69,298700.0,2303226.0,2020,5,7,14,0,2020-05-07 14:00
340,7.73,7.74,7.74,7.71,118400.0,915256.0,2020,5,7,14,15,2020-05-07 14:15
341,7.74,7.74,7.75,7.72,163900.0,1268404.0,2020,5,7,14,30,2020-05-07 14:30
342,7.73,7.73,7.76,7.72,235300.0,1821624.0,2020,5,7,14,45,2020-05-07 14:45
343,7.73,7.73,7.75,7.71,255500.0,1975008.0,2020,5,7,15,0,2020-05-07 15:00
344,7.73,7.72,7.76,7.71,81600.0,630471.0,2020,5,8,9,45,2020-05-08 09:45
345,7.71,7.75,7.76,7.71,167400.0,1294579.0,2020,5,8,10,0,2020-05-08 10:00
346,7.74,7.7,7.74,7.7,166700.0,1285956.0,2020,5,8,10,15,2020-05-08 10:15
347,7.7,7.7,7.71,7.69,96500.0,742617.0,2020,5,8,10,30,2020-05-08 10:30
348,7.7,7.68,7.7,7.68,85600.0,658001.0,2020,5,8,10,45,2020-05-08 10:45
349,7.68,7.7,7.71,7.68,134500.0,1035146.0,2020,5,8,11,0,2020-05-08 11:00
350,7.7,7.7,7.71,7.69,123100.0,947723.0,2020,5,8,11,15,2020-05-08 11:15
351,7.7,7.71,7.73,7.7,143100.0,1103362.0,2020,5,8,11,30,2020-05-08 11:30
352,7.72,7.71,7.72,7.7,103700.0,799656.0,2020,5,8,13,15,2020-05-08 13:15
353,7.71,7.71,7.72,7.7,132900.0,1024841.0,2020,5,8,13,30,2020-05-08 13:30
354,7.7,7.69,7.71,7.69,92100.0,709235.0,2020,5,8,13,45,2020-05-08 13:45
355,7.7,7.69,7.7,7.69,68000.0,523561.0,2020,5,8,14,0,2020-05-08 14:00
356,7.69,7.7,7.71,7.68,200800.0,1545444.0,2020,5,8,14,15,2020-05-08 14:15
357,7.7,7.7,7.71,7.69,76400.0,588208.0,2020,5,8,14,30,2020-05-08 14:30
358,7.7,7.69,7.7,7.68,123900.0,952896.0,2020,5,8,14,45,2020-05-08 14:45
359,7.69,7.7,7.7,7.68,159800.0,1229727.0,2020,5,8,15,0,2020-05-08 15:00
360,7.68,7.68,7.71,7.67,244900.0,1882889.0,2020,5,11,9,45,2020-05-11 09:45
361,7.7,7.66,7.7,7.66,269100.0,2066077.0,2020,5,11,10,0,2020-05-11 10:00
362,7.66,7.66,7.69,7.66,169600.0,1300966.0,2020,5,11,10,15,2020-05-11 10:15
363,7.66,7.64,7.67,7.64,263000.0,2013530.0,2020,5,11,10,30,2020-05-11 10:30
364,7.65,7.62,7.65,7.61,319100.0,2433929.0,2020,5,11,10,45,2020-05-11 10:45
365,7.62,7.62,7.64,7.61,173400.0,1320776.0,2020,5,11,11,0,2020-05-11 11:00
366,7.61,7.63,7.64,7.61,74600.0,568518.0,2020,5,11,11,15,2020-05-11 11:15
367,7.63,7.61,7.63,7.6,135800.0,1034230.0,2020,5,11,11,30,2020-05-11 11:30
368,7.61,7.59,7.62,7.58,159100.0,1208297.0,2020,5,11,13,15,2020-05-11 13:15
369,7.58,7.58,7.62,7.56,208500.0,1578712.0,2020,5,11,13,30,2020-05-11 13:30
370,7.57,7.58,7.59,7.56,96700.0,732173.0,2020,5,11,13,45,2020-05-11 13:45
371,7.57,7.56,7.58,7.56,120700.0,912203.0,2020,5,11,14,0,2020-05-11 14:00
372,7.57,7.58,7.58,7.56,80700.0,611240.0,2020,5,11,14,15,2020-05-11 14:15
373,7.57,7.57,7.58,7.56,79500.0,601742.0,2020,5,11,14,30,2020-05-11 14:30
374,7.57,7.56,7.58,7.56,40500.0,306454.0,2020,5,11,14,45,2020-05-11 14:45
375,7.56,7.58,7.58,7.56,110500.0,836790.0,2020,5,11,15,0,2020-05-11 15:00
376,7.59,7.57,7.61,7.55,147400.0,1116981.0,2020,5,12,9,45,2020-05-12 09:45
377,7.57,7.58,7.63,7.55,183000.0,1390061.0,2020,5,12,10,0,2020-05-12 10:00
378,7.59,7.6,7.61,7.59,41800.0,317697.0,2020,5,12,10,15,2020-05-12 10:15
379,7.6,7.61,7.61,7.59,49300.0,374391.0,2020,5,12,10,30,2020-05-12 10:30
380,7.6,7.6,7.61,7.59,68500.0,520358.0,2020,5,12,10,45,2020-05-12 10:45
381,7.6,7.59,7.6,7.59,57300.0,435122.0,2020,5,12,11,0,2020-05-12 11:00
382,7.59,7.58,7.6,7.58,64400.0,488571.0,2020,5,12,11,15,2020-05-12 11:15
383,7.58,7.56,7.59,7.56,105900.0,802091.0,2020,5,12,11,30,2020-05-12 11:30
384,7.56,7.53,7.57,7.53,103200.0,779031.0,2020,5,12,13,15,2020-05-12 13:15
385,7.53,7.56,7.56,7.52,111500.0,840294.0,2020,5,12,13,30,2020-05-12 13:30
386,7.56,7.55,7.56,7.53,112500.0,848093.0,2020,5,12,13,45,2020-05-12 13:45
387,7.55,7.53,7.55,7.53,147600.0,1112358.0,2020,5,12,14,0,2020-05-12 14:00
388,7.54,7.53,7.54,7.51,113400.0,853102.0,2020,5,12,14,15,2020-05-12 14:15
389,7.53,7.52,7.53,7.51,145600.0,1094468.0,2020,5,12,14,30,2020-05-12 14:30
390,7.52,7.52,7.53,7.51,122300.0,919466.0,2020,5,12,14,45,2020-05-12 14:45
391,7.53,7.51,7.53,7.5,181100.0,1361099.0,2020,5,12,15,0,2020-05-12 15:00
392,7.53,7.49,7.53,7.47,131800.0,986447.0,2020,5,13,9,45,2020-05-13 09:45
393,7.49,7.49,7.5,7.48,39100.0,292663.0,2020,5,13,10,0,2020-05-13 10:00
394,7.49,7.47,7.5,7.47,85300.0,638290.0,2020,5,13,10,15,2020-05-13 10:15
395,7.47,7.47,7.49,7.46,128500.0,960347.0,2020,5,13,10,30,2020-05-13 10:30
396,7.47,7.47,7.48,7.46,96000.0,716995.0,2020,5,13,10,45,2020-05-13 10:45
397,7.47,7.48,7.48,7.47,33900.0,253403.0,2020,5,13,11,0,2020-05-13 11:00
398,7.47,7.49,7.49,7.47,124000.0,927465.0,2020,5,13,11,15,2020-05-13 11:15
399,7.48,7.49,7.49,7.48,10700.0,80057.0,2020,5,13,11,30,2020-05-13 11:30
400,7.49,7.51,7.51,7.48,28600.0,214307.0,2020,5,13,13,15,2020-05-13 13:15
401,7.5,7.49,7.51,7.49,10300.0,77232.0,2020,5,13,13,30,2020-05-13 13:30
402,7.5,7.49,7.5,7.49,44100.0,330629.0,2020,5,13,13,45,2020-05-13 13:45
403,7.5,7.49,7.5,7.49,94400.0,707225.0,2020,5,13,14,0,2020-05-13 14:00
404,7.49,7.5,7.5,7.48,66500.0,498043.0,2020,5,13,14,15,2020-05-13 14:15
405,7.5,7.51,7.51,7.48,37100.0,278112.0,2020,5,13,14,30,2020-05-13 14:30
406,7.51,7.49,7.52,7.49,83500.0,626607.0,2020,5,13,14,45,2020-05-13 14:45
407,7.5,7.5,7.51,7.48,141000.0,1056874.0,2020,5,13,15,0,2020-05-13 15:00
408,7.44,7.5,7.62,7.44,561000.0,4225165.0,2020,5,14,9,45,2020-05-14 09:45
409,7.5,7.51,7.53,7.48,154600.0,1159980.0,2020,5,14,10,0,2020-05-14 10:00
410,7.52,7.49,7.52,7.48,156700.0,1174687.0,2020,5,14,10,15,2020-05-14 10:15
411,7.49,7.48,7.49,7.47,127200.0,951457.0,2020,5,14,10,30,2020-05-14 10:30
412,7.47,7.47,7.48,7.47,96800.0,723842.0,2020,5,14,10,45,2020-05-14 10:45
413,7.47,7.45,7.48,7.44,279100.0,2081129.0,2020,5,14,11,0,2020-05-14 11:00
414,7.44,7.46,7.47,7.44,165600.0,1233578.0,2020,5,14,11,15,2020-05-14 11:15
415,7.46,7.45,7.46,7.44,100200.0,746621.0,2020,5,14,11,30,2020-05-14 11:30
416,7.46,7.46,7.46,7.44,69400.0,516953.0,2020,5,14,13,15,2020-05-14 13:15
417,7.46,7.45,7.46,7.44,78500.0,584937.0,2020,5,14,13,30,2020-05-14 13:30
418,7.45,7.45,7.46,7.44,113000.0,841113.0,2020,5,14,13,45,2020-05-14 13:45
419,7.44,7.46,7.47,7.44,74100.0,552326.0,2020,5,14,14,0,2020-05-14 14:00
420,7.46,7.45,7.46,7.43,107900.0,803061.0,2020,5,14,14,15,2020-05-14 14:15
421,7.45,7.42,7.45,7.41,200100.0,1485477.0,2020,5,14,14,30,2020-05-14 14:30
422,7.42,7.42,7.42,7.41,75900.0,563118.0,2020,5,14,14,45,2020-05-14 14:45
423,7.42,7.4,7.42,7.4,298800.0,2213414.0,2020,5,14,15,0,2020-05-14 15:00
424,7.4,7.39,7.4,7.37,242700.0,1793456.0,2020,5,15,9,45,2020-05-15 09:45
425,7.39,7.39,7.4,7.38,56900.0,420579.0,2020,5,15,10,0,2020-05-15 10:00
426,7.4,7.39,7.4,7.38,69100.0,510526.0,2020,5,15,10,15,2020-05-15 10:15
427,7.38,7.38,7.39,7.37,109600.0,808360.0,2020,5,15,10,30,2020-05-15 10:30
428,7.38,7.4,7.4,7.37,120400.0,889487.0,2020,5,15,10,45,2020-05-15 10:45
429,7.39,7.41,7.41,7.38,103300.0,763507.0,2020,5,15,11,0,2020-05-15 11:00
430,7.41,7.44,7.44,7.39,172200.0,1277523.0,2020,5,15,11,15,2020-05-15 11:15
431,7.43,7.45,7.45,7.43,122400.0,911224.0,2020,5,15,11,30,2020-05-15 11:30
432,7.43,7.45,7.45,7.43,39200.0,291511.0,2020,5,15,13,15,2020-05-15 13:15
433,7.44,7.44,7.45,7.43,19500.0,145083.0,2020,5,15,13,30,2020-05-15 13:30
434,7.45,7.39,7.45,7.39,239900.0,1778618.0,2020,5,15,13,45,2020-05-15 13:45
435,7.4,7.42,7.43,7.39,150600.0,1114688.0,2020,5,15,14,0,2020-05-15 14:00
436,7.42,7.42,7.45,7.4,135200.0,1004578.0,2020,5,15,14,15,2020-05-15 14:15
437,7.44,7.43,7.44,7.41,47800.0,354863.0,2020,5,15,14,30,2020-05-15 14:30
438,7.42,7.41,7.44,7.41,80000.0,594039.0,2020,5,15,14,45,2020-05-15 14:45
439,7.41,7.43,7.43,7.4,101400.0,751517.0,2020,5,15,15,0,2020-05-15 15:00
440,7.44,7.37,7.44,7.35,238700.0,1761558.0,2020,5,18,9,45,2020-05-18 09:45
441,7.37,7.4,7.41,7.36,76300.0,562531.0,2020,5,18,10,0,2020-05-18 10:00
442,7.4,7.41,7.42,7.38,110800.0,820492.0,2020,5,18,10,15,2020-05-18 10:15
443,7.42,7.42,7.42,7.4,68500.0,507662.0,2020,5,18,10,30,2020-05-18 10:30
444,7.42,7.4,7.43,7.4,25000.0,185569.0,2020,5,18,10,45,2020-05-18 10:45
445,7.41,7.43,7.43,7.4,96900.0,719251.0,2020,5,18,11,0,2020-05-18 11:00
446,7.43,7.41,7.43,7.4,82800.0,613983.0,2020,5,18,11,15,2020-05-18 11:15
447,7.41,7.4,7.41,7.38,166800.0,1233603.0,2020,5,18,11,30,2020-05-18 11:30
448,7.4,7.4,7.42,7.39,92600.0,686010.0,2020,5,18,13,15,2020-05-18 13:15
449,7.4,7.41,7.41,7.4,64400.0,476578.0,2020,5,18,13,30,2020-05-18 13:30
450,7.41,7.41,7.41,7.39,60500.0,447743.0,2020,5,18,13,45,2020-05-18 13:45
451,7.41,7.4,7.41,7.39,67500.0,499758.0,2020,5,18,14,0,2020-05-18 14:00
452,7.4,7.39,7.41,7.39,98100.0,725861.0,2020,5,18,14,15,2020-05-18 14:15
453,7.4,7.38,7.4,7.38,79100.0,584712.0,2020,5,18,14,30,2020-05-18 14:30
454,7.38,7.37,7.39,7.37,78200.0,577095.0,2020,5,18,14,45,2020-05-18 14:45
455,7.38,7.37,7.38,7.35,171700.0,1264447.0,2020,5,18,15,0,2020-05-18 15:00
456,7.43,7.51,7.51,7.42,380200.0,2835486.0,2020,5,19,9,45,2020-05-19 09:45
457,7.51,7.48,7.51,7.46,318400.0,2386421.0,2020,5,19,10,0,2020-05-19 10:00
458,7.48,7.44,7.48,7.44,137500.0,1025352.0,2020,5,19,10,15,2020-05-19 10:15
459,7.45,7.45,7.46,7.43,103400.0,769906.0,2020,5,19,10,30,2020-05-19 10:30
460,7.45,7.44,7.46,7.43,66900.0,497932.0,2020,5,19,10,45,2020-05-19 10:45
461,7.44,7.45,7.45,7.43,28200.0,209943.0,2020,5,19,11,0,2020-05-19 11:00
462,7.45,7.44,7.46,7.43,55600.0,413756.0,2020,5,19,11,15,2020-05-19 11:15
463,7.44,7.44,7.46,7.43,62600.0,465789.0,2020,5,19,11,30,2020-05-19 11:30
464,7.43,7.42,7.44,7.41,74900.0,556085.0,2020,5,19,13,15,2020-05-19 13:15
465,7.42,7.42,7.43,7.42,24000.0,178045.0,2020,5,19,13,30,2020-05-19 13:30
466,7.42,7.41,7.43,7.4,59100.0,438209.0,2020,5,19,13,45,2020-05-19 13:45
467,7.41,7.42,7.42,7.41,56800.0,420982.0,2020,5,19,14,0,2020-05-19 14:00
468,7.42,7.4,7.42,7.39,102500.0,758698.0,2020,5,19,14,15,2020-05-19 14:15
469,7.4,7.41,7.42,7.39,80000.0,592119.0,2020,5,19,14,30,2020-05-19 14:30
470,7.39,7.39,7.41,7.39,87400.0,646360.0,2020,5,19,14,45,2020-05-19 14:45
471,7.39,7.41,7.42,7.39,79700.0,590786.0,2020,5,19,15,0,2020-05-19 15:00
472,7.44,7.41,7.44,7.39,150100.0,1112502.0,2020,5,20,9,45,2020-05-20 09:45
473,7.4,7.4,7.43,7.39,107000.0,791306.0,2020,5,20,10,0,2020-05-20 10:00
474,7.4,7.41,7.42,7.39,86000.0,636832.0,2020,5,20,10,15,2020-05-20 10:15
475,7.41,7.4,7.41,7.39,35100.0,259730.0,2020,5,20,10,30,2020-05-20 10:30
476,7.4,7.4,7.4,7.39,15100.0,111689.0,2020,5,20,10,45,2020-05-20 10:45
477,7.4,7.39,7.4,7.38,92100.0,680549.0,2020,5,20,11,0,2020-05-20 11:00
478,7.38,7.38,7.4,7.38,51100.0,377505.0,2020,5,20,11,15,2020-05-20 11:15
479,7.39,7.39,7.39,7.39,30600.0,226134.0,2020,5,20,11,30,2020-05-20 11:30
480,7.39,7.38,7.39,7.37,84500.0,623958.0,2020,5,20,13,15,2020-05-20 13:15
481,7.38,7.39,7.4,7.37,57900.0,427692.0,2020,5,20,13,30,2020-05-20 13:30
482,7.4,7.39,7.4,7.37,65900.0,486847.0,2020,5,20,13,45,2020-05-20 13:45
483,7.4,7.38,7.4,7.38,48500.0,358341.0,2020,5,20,14,0,2020-05-20 14:00
484,7.38,7.39,7.39,7.37,31600.0,233263.0,2020,5,20,14,15,2020-05-20 14:15
485,7.38,7.39,7.39,7.37,67400.0,497493.0,2020,5,20,14,30,2020-05-20 14:30
486,7.38,7.35,7.38,7.34,366500.0,2694281.0,2020,5,20,14,45,2020-05-20 14:45
487,7.35,7.36,7.36,7.34,197700.0,1453416.0,2020,5,20,15,0,2020-05-20 15:00
488,7.36,7.35,7.36,7.34,126100.0,926503.0,2020,5,21,9,45,2020-05-21 09:45
489,7.35,7.35,7.36,7.34,54100.0,397555.0,2020,5,21,10,0,2020-05-21 10:00
490,7.35,7.32,7.35,7.32,154100.0,1130864.0,2020,5,21,10,15,2020-05-21 10:15
491,7.32,7.32,7.36,7.32,191600.0,1403863.0,2020,5,21,10,30,2020-05-21 10:30
492,7.34,7.34,7.34,7.32,72900.0,534286.0,2020,5,21,10,45,2020-05-21 10:45
493,7.33,7.34,7.34,7.32,141800.0,1039144.0,2020,5,21,11,0,2020-05-21 11:00
494,7.33,7.34,7.35,7.32,97300.0,713332.0,2020,5,21,11,15,2020-05-21 11:15
495,7.35,7.34,7.35,7.32,45500.0,333729.0,2020,5,21,11,30,2020-05-21 11:30
496,7.34,7.34,7.35,7.34,59600.0,437546.0,2020,5,21,13,15,2020-05-21 13:15
497,7.34,7.33,7.35,7.33,139300.0,1022377.0,2020,5,21,13,30,2020-05-21 13:30
498,7.33,7.31,7.33,7.31,180000.0,1317348.0,2020,5,21,13,45,2020-05-21 13:45
499,7.32,7.31,7.33,7.31,88800.0,649665.0,2020,5,21,14,0,2020-05-21 14:00
500,7.32,7.32,7.32,7.31,127600.0,933089.0,2020,5,21,14,15,2020-05-21 14:15
501,7.31,7.29,7.32,7.29,208800.0,1524440.0,2020,5,21,14,30,2020-05-21 14:30
502,7.3,7.28,7.3,7.26,196000.0,1426740.0,2020,5,21,14,45,2020-05-21 14:45
503,7.28,7.29,7.3,7.27,92200.0,672124.0,2020,5,21,15,0,2020-05-21 15:00
504,7.27,7.3,7.31,7.27,76900.0,561130.0,2020,5,22,9,45,2020-05-22 09:45
505,7.3,7.29,7.3,7.28,53600.0,390531.0,2020,5,22,10,0,2020-05-22 10:00
506,7.29,7.29,7.3,7.29,39200.0,285886.0,2020,5,22,10,15,2020-05-22 10:15
507,7.3,7.3,7.31,7.29,56100.0,409640.0,2020,5,22,10,30,2020-05-22 10:30
508,7.29,7.29,7.3,7.29,40700.0,296543.0,2020,5,22,10,45,2020-05-22 10:45
509,7.29,7.29,7.29,7.28,40200.0,292799.0,2020,5,22,11,0,2020-05-22 11:00
510,7.29,7.28,7.29,7.28,25600.0,186418.0,2020,5,22,11,15,2020-05-22 11:15
511,7.28,7.26,7.28,7.26,51500.0,374260.0,2020,5,22,11,30,2020-05-22 11:30
512,7.26,7.25,7.27,7.24,122900.0,891394.0,2020,5,22,13,15,2020-05-22 13:15
513,7.25,7.2,7.25,7.17,383600.0,2758774.0,2020,5,22,13,30,2020-05-22 13:30
514,7.19,7.19,7.21,7.19,52300.0,376396.0,2020,5,22,13,45,2020-05-22 13:45
515,7.19,7.18,7.2,7.17,143800.0,1032289.0,2020,5,22,14,0,2020-05-22 14:00
516,7.18,7.18,7.19,7.17,91500.0,657056.0,2020,5,22,14,15,2020-05-22 14:15
517,7.18,7.19,7.19,7.18,110800.0,796101.0,2020,5,22,14,30,2020-05-22 14:30
518,7.2,7.18,7.2,7.18,114400.0,823055.0,2020,5,22,14,45,2020-05-22 14:45
519,7.19,7.18,7.19,7.18,112600.0,809003.0,2020,5,22,15,0,2020-05-22 15:00
520,7.26,7.21,7.26,7.17,147300.0,1061731.0,2020,5,25,9,45,2020-05-25 09:45
521,7.21,7.22,7.22,7.2,35700.0,257379.0,2020,5,25,10,0,2020-05-25 10:00
522,7.21,7.21,7.22,7.2,80400.0,579854.0,2020,5,25,10,15,2020-05-25 10:15
523,7.21,7.19,7.21,7.19,86600.0,623975.0,2020,5,25,10,30,2020-05-25 10:30
524,7.19,7.21,7.21,7.19,65000.0,467703.0,2020,5,25,10,45,2020-05-25 10:45
525,7.21,7.22,7.22,7.2,42500.0,306600.0,2020,5,25,11,0,2020-05-25 11:00
526,7.21,7.24,7.24,7.21,77400.0,559046.0,2020,5,25,11,15,2020-05-25 11:15
527,7.24,7.21,7.24,7.2,28800.0,208041.0,2020,5,25,11,30,2020-05-25 11:30
528,7.21,7.19,7.22,7.19,85100.0,612705.0,2020,5,25,13,15,2020-05-25 13:15
529,7.2,7.18,7.2,7.17,90900.0,652948.0,2020,5,25,13,30,2020-05-25 13:30
530,7.18,7.14,7.19,7.14,176000.0,1260620.0,2020,5,25,13,45,2020-05-25 13:45
531,7.14,7.15,7.15,7.14,29700.0,212326.0,2020,5,25,14,0,2020-05-25 14:00
532,7.15,7.15,7.16,7.14,41300.0,295258.0,2020,5,25,14,15,2020-05-25 14:15
533,7.14,7.14,7.15,7.14,100900.0,720470.0,2020,5,25,14,30,2020-05-25 14:30
534,7.14,7.14,7.15,7.13,103700.0,740282.0,2020,5,25,14,45,2020-05-25 14:45
535,7.15,7.14,7.15,7.14,93900.0,670813.0,2020,5,25,15,0,2020-05-25 15:00
536,7.12,7.18,7.18,7.12,123300.0,881431.0,2020,5,26,9,45,2020-05-26 09:45
537,7.18,7.17,7.19,7.17,98000.0,703603.0,2020,5,26,10,0,2020-05-26 10:00
538,7.17,7.16,7.19,7.16,131400.0,942812.0,2020,5,26,10,15,2020-05-26 10:15
539,7.17,7.17,7.18,7.16,146200.0,1048332.0,2020,5,26,10,30,2020-05-26 10:30
540,7.17,7.15,7.18,7.15,141200.0,1011344.0,2020,5,26,10,45,2020-05-26 10:45
541,7.16,7.14,7.16,7.13,110800.0,791743.0,2020,5,26,11,0,2020-05-26 11:00
542,7.14,7.14,7.15,7.13,111300.0,794493.0,2020,5,26,11,15,2020-05-26 11:15
543,7.14,7.14,7.16,7.13,155200.0,1107429.0,2020,5,26,11,30,2020-05-26 11:30
544,7.14,7.14,7.17,7.14,139800.0,999616.0,2020,5,26,13,15,2020-05-26 13:15
545,7.15,7.15,7.15,7.13,142800.0,1019847.0,2020,5,26,13,30,2020-05-26 13:30
546,7.15,7.14,7.15,7.13,142200.0,1015502.0,2020,5,26,13,45,2020-05-26 13:45
547,7.14,7.14,7.15,7.13,106100.0,757319.0,2020,5,26,14,0,2020-05-26 14:00
548,7.14,7.15,7.16,7.14,115800.0,827856.0,2020,5,26,14,15,2020-05-26 14:15
549,7.15,7.15,7.17,7.15,81400.0,582730.0,2020,5,26,14,30,2020-05-26 14:30
550,7.15,7.16,7.17,7.15,84200.0,602379.0,2020,5,26,14,45,2020-05-26 14:45
551,7.17,7.19,7.19,7.16,159400.0,1144715.0,2020,5,26,15,0,2020-05-26 15:00
552,7.17,7.17,7.22,7.17,149200.0,1072183.0,2020,5,27,9,45,2020-05-27 09:45
553,7.17,7.14,7.18,7.14,179600.0,1284413.0,2020,5,27,10,0,2020-05-27 10:00
554,7.14,7.16,7.16,7.13,160700.0,1147951.0,2020,5,27,10,15,2020-05-27 10:15
555,7.16,7.17,7.19,7.14,265400.0,1900939.0,2020,5,27,10,30,2020-05-27 10:30
556,7.16,7.17,7.17,7.15,71600.0,512698.0,2020,5,27,10,45,2020-05-27 10:45
557,7.16,7.15,7.17,7.14,98900.0,707283.0,2020,5,27,11,0,2020-05-27 11:00
558,7.15,7.14,7.17,7.14,116900.0,835682.0,2020,5,27,11,15,2020-05-27 11:15
559,7.14,7.17,7.17,7.14,144500.0,1033372.0,2020,5,27,11,30,2020-05-27 11:30
560,7.16,7.16,7.17,7.14,92800.0,663667.0,2020,5,27,13,15,2020-05-27 13:15
561,7.16,7.14,7.16,7.14,66300.0,473720.0,2020,5,27,13,30,2020-05-27 13:30
562,7.14,7.15,7.16,7.13,94000.0,671787.0,2020,5,27,13,45,2020-05-27 13:45
563,7.16,7.15,7.16,7.14,130500.0,932946.0,2020,5,27,14,0,2020-05-27 14:00
564,7.16,7.14,7.16,7.14,97800.0,698730.0,2020,5,27,14,15,2020-05-27 14:15
565,7.14,7.14,7.15,7.13,95000.0,678280.0,2020,5,27,14,30,2020-05-27 14:30
566,7.13,7.14,7.15,7.13,23200.0,165643.0,2020,5,27,14,45,2020-05-27 14:45
567,7.14,7.15,7.17,7.13,91400.0,653928.0,2020,5,27,15,0,2020-05-27 15:00
568,7.21,7.2,7.21,7.17,194800.0,1400837.0,2020,5,28,9,45,2020-05-28 09:45
569,7.2,7.19,7.22,7.18,193700.0,1394064.0,2020,5,28,10,0,2020-05-28 10:00
570,7.2,7.19,7.2,7.19,95300.0,685277.0,2020,5,28,10,15,2020-05-28 10:15
571,7.19,7.17,7.19,7.17,142300.0,1022005.0,2020,5,28,10,30,2020-05-28 10:30
572,7.17,7.18,7.19,7.16,157000.0,1126005.0,2020,5,28,10,45,2020-05-28 10:45
573,7.18,7.17,7.18,7.16,121100.0,868356.0,2020,5,28,11,0,2020-05-28 11:00
574,7.17,7.15,7.18,7.15,134100.0,960894.0,2020,5,28,11,15,2020-05-28 11:15
575,7.15,7.14,7.16,7.14,80500.0,575761.0,2020,5,28,11,30,2020-05-28 11:30
576,7.15,7.15,7.16,7.15,64800.0,463389.0,2020,5,28,13,15,2020-05-28 13:15
577,7.15,7.16,7.16,7.15,37800.0,270461.0,2020,5,28,13,30,2020-05-28 13:30
578,7.16,7.17,7.17,7.16,36600.0,262268.0,2020,5,28,13,45,2020-05-28 13:45
579,7.17,7.15,7.17,7.15,44800.0,320630.0,2020,5,28,14,0,2020-05-28 14:00
580,7.16,7.17,7.18,7.16,38300.0,274552.0,2020,5,28,14,15,2020-05-28 14:15
581,7.17,7.19,7.19,7.17,56500.0,405664.0,2020,5,28,14,30,2020-05-28 14:30
582,7.19,7.19,7.19,7.17,13900.0,99890.0,2020,5,28,14,45,2020-05-28 14:45
583,7.19,7.18,7.19,7.18,53500.0,384467.0,2020,5,28,15,0,2020-05-28 15:00
584,7.19,7.19,7.2,7.16,46200.0,331859.0,2020,5,29,9,45,2020-05-29 09:45
585,7.19,7.2,7.21,7.19,114600.0,824773.0,2020,5,29,10,0,2020-05-29 10:00
586,7.19,7.19,7.21,7.19,125700.0,905709.0,2020,5,29,10,15,2020-05-29 10:15
587,7.2,7.21,7.21,7.19,35100.0,252738.0,2020,5,29,10,30,2020-05-29 10:30
588,7.21,7.2,7.21,7.2,57700.0,415809.0,2020,5,29,10,45,2020-05-29 10:45
589,7.2,7.21,7.21,7.2,27000.0,194436.0,2020,5,29,11,0,2020-05-29 11:00
590,7.2,7.19,7.21,7.18,106100.0,763121.0,2020,5,29,11,15,2020-05-29 11:15
591,7.18,7.18,7.2,7.18,58300.0,418707.0,2020,5,29,11,30,2020-05-29 11:30
592,7.2,7.18,7.2,7.18,164800.0,1183894.0,2020,5,29,13,15,2020-05-29 13:15
593,7.19,7.19,7.19,7.18,61200.0,439588.0,2020,5,29,13,30,2020-05-29 13:30
594,7.18,7.17,7.19,7.17,63100.0,452750.0,2020,5,29,13,45,2020-05-29 13:45
595,7.17,7.18,7.2,7.17,94500.0,678640.0,2020,5,29,14,0,2020-05-29 14:00
596,7.18,7.2,7.2,7.17,44600.0,320326.0,2020,5,29,14,15,2020-05-29 14:15
597,7.18,7.2,7.2,7.18,23300.0,167702.0,2020,5,29,14,30,2020-05-29 14:30
598,7.2,7.19,7.2,7.18,55600.0,399834.0,2020,5,29,14,45,2020-05-29 14:45
599,7.19,7.19,7.19,7.17,192800.0,1385643.0,2020,5,29,15,0,2020-05-29 15:00
600,7.29,7.23,7.29,7.2,438800.0,3179389.0,2020,6,1,9,45,2020-06-01 09:45
601,7.22,7.3,7.3,7.21,285800.0,2073798.0,2020,6,1,10,0,2020-06-01 10:00
602,7.29,7.3,7.32,7.28,265300.0,1936615.0,2020,6,1,10,15,2020-06-01 10:15
603,7.3,7.31,7.32,7.29,127800.0,933968.0,2020,6,1,10,30,2020-06-01 10:30
604,7.3,7.32,7.32,7.3,90700.0,662726.0,2020,6,1,10,45,2020-06-01 10:45
605,7.32,7.28,7.32,7.27,177500.0,1295351.0,2020,6,1,11,0,2020-06-01 11:00
606,7.29,7.28,7.3,7.28,99100.0,722143.0,2020,6,1,11,15,2020-06-01 11:15
607,7.28,7.27,7.3,7.27,253300.0,1844234.0,2020,6,1,11,30,2020-06-01 11:30
608,7.27,7.29,7.3,7.27,189700.0,1382095.0,2020,6,1,13,15,2020-06-01 13:15
609,7.29,7.31,7.31,7.29,294700.0,2150887.0,2020,6,1,13,30,2020-06-01 13:30
610,7.3,7.28,7.31,7.28,173000.0,1261614.0,2020,6,1,13,45,2020-06-01 13:45
611,7.29,7.3,7.3,7.27,311700.0,2270268.0,2020,6,1,14,0,2020-06-01 14:00
612,7.29,7.29,7.3,7.28,320400.0,2333500.0,2020,6,1,14,15,2020-06-01 14:15
613,7.29,7.3,7.3,7.28,139800.0,1019544.0,2020,6,1,14,30,2020-06-01 14:30
614,7.3,7.3,7.31,7.29,71000.0,518388.0,2020,6,1,14,45,2020-06-01 14:45
615,7.31,7.35,7.35,7.31,608800.0,4466076.0,2020,6,1,15,0,2020-06-01 15:00
616,7.35,7.34,7.36,7.31,389500.0,2855033.0,2020,6,2,9,45,2020-06-02 09:45
617,7.33,7.34,7.36,7.32,172900.0,1268615.0,2020,6,2,10,0,2020-06-02 10:00
618,7.34,7.35,7.35,7.33,133100.0,976669.0,2020,6,2,10,15,2020-06-02 10:15
619,7.35,7.35,7.37,7.33,206200.0,1516561.0,2020,6,2,10,30,2020-06-02 10:30
620,7.34,7.37,7.37,7.34,105400.0,775689.0,2020,6,2,10,45,2020-06-02 10:45
621,7.36,7.35,7.37,7.34,120200.0,884277.0,2020,6,2,11,0,2020-06-02 11:00
622,7.35,7.34,7.36,7.34,45500.0,334665.0,2020,6,2,11,15,2020-06-02 11:15
623,7.36,7.35,7.36,7.34,73800.0,542271.0,2020,6,2,11,30,2020-06-02 11:30
624,7.35,7.39,7.4,7.35,161000.0,1186962.0,2020,6,2,13,15,2020-06-02 13:15
625,7.39,7.38,7.39,7.37,63900.0,471848.0,2020,6,2,13,30,2020-06-02 13:30
626,7.39,7.39,7.4,7.38,103000.0,761588.0,2020,6,2,13,45,2020-06-02 13:45
627,7.39,7.39,7.4,7.39,100600.0,744116.0,2020,6,2,14,0,2020-06-02 14:00
628,7.4,7.4,7.41,7.39,127000.0,940189.0,2020,6,2,14,15,2020-06-02 14:15
629,7.4,7.44,7.44,7.4,231700.0,1718640.0,2020,6,2,14,30,2020-06-02 14:30
630,7.43,7.44,7.45,7.43,288900.0,2150087.0,2020,6,2,14,45,2020-06-02 14:45
631,7.44,7.45,7.45,7.43,203000.0,1510840.0,2020,6,2,15,0,2020-06-02 15:00
632,7.46,7.44,7.46,7.42,180900.0,1346617.0,2020,6,3,9,45,2020-06-03 09:45
633,7.45,7.46,7.47,7.45,159900.0,1192814.0,2020,6,3,10,0,2020-06-03 10:00
634,7.46,7.46,7.47,7.45,68900.0,513712.0,2020,6,3,10,15,2020-06-03 10:15
635,7.46,7.44,7.46,7.44,87900.0,654876.0,2020,6,3,10,30,2020-06-03 10:30
636,7.44,7.45,7.46,7.44,173200.0,1289468.0,2020,6,3,10,45,2020-06-03 10:45
637,7.44,7.43,7.45,7.43,107900.0,802291.0,2020,6,3,11,0,2020-06-03 11:00
638,7.44,7.44,7.44,7.42,54200.0,402711.0,2020,6,3,11,15,2020-06-03 11:15
639,7.44,7.45,7.45,7.43,57000.0,424004.0,2020,6,3,11,30,2020-06-03 11:30
640,7.44,7.45,7.45,7.44,77900.0,580022.0,2020,6,3,13,15,2020-06-03 13:15
641,7.44,7.46,7.47,7.44,165300.0,1232944.0,2020,6,3,13,30,2020-06-03 13:30
642,7.45,7.46,7.46,7.45,27600.0,205724.0,2020,6,3,13,45,2020-06-03 13:45
643,7.46,7.47,7.47,7.45,49400.0,368478.0,2020,6,3,14,0,2020-06-03 14:00
644,7.47,7.48,7.48,7.46,192200.0,1435680.0,2020,6,3,14,15,2020-06-03 14:15
645,7.48,7.48,7.49,7.47,219700.0,1642752.0,2020,6,3,14,30,2020-06-03 14:30
646,7.47,7.47,7.47,7.45,126400.0,943306.0,2020,6,3,14,45,2020-06-03 14:45
647,7.47,7.45,7.47,7.45,112000.0,835080.0,2020,6,3,15,0,2020-06-03 15:00
648,7.45,7.42,7.46,7.41,96600.0,717379.0,2020,6,4,9,45,2020-06-04 09:45
649,7.41,7.41,7.42,7.39,261400.0,1934285.0,2020,6,4,10,0,2020-06-04 10:00
650,7.42,7.39,7.42,7.39,209200.0,1547596.0,2020,6,4,10,15,2020-06-04 10:15
651,7.39,7.36,7.39,7.36,191800.0,1414559.0,2020,6,4,10,30,2020-06-04 10:30
652,7.37,7.36,7.38,7.36,87500.0,644205.0,2020,6,4,10,45,2020-06-04 10:45
653,7.37,7.38,7.38,7.36,55100.0,405961.0,2020,6,4,11,0,2020-06-04 11:00
654,7.38,7.37,7.39,7.37,66700.0,491918.0,2020,6,4,11,15,2020-06-04 11:15
655,7.37,7.36,7.37,7.36,98500.0,725678.0,2020,6,4,11,30,2020-06-04 11:30
656,7.36,7.38,7.38,7.36,83400.0,615081.0,2020,6,4,13,15,2020-06-04 13:15
657,7.38,7.38,7.38,7.37,57300.0,422688.0,2020,6,4,13,30,2020-06-04 13:30
658,7.38,7.37,7.4,7.36,176200.0,1299152.0,2020,6,4,13,45,2020-06-04 13:45
659,7.37,7.39,7.4,7.37,45300.0,334375.0,2020,6,4,14,0,2020-06-04 14:00
660,7.39,7.41,7.41,7.39,44000.0,325600.0,2020,6,4,14,15,2020-06-04 14:15
661,7.41,7.43,7.43,7.4,87300.0,647613.0,2020,6,4,14,30,2020-06-04 14:30
662,7.42,7.42,7.44,7.41,117800.0,875232.0,2020,6,4,14,45,2020-06-04 14:45
663,7.43,7.42,7.43,7.41,102700.0,762026.0,2020,6,4,15,0,2020-06-04 15:00
664,7.4,7.39,7.43,7.38,123300.0,912618.0,2020,6,5,9,45,2020-06-05 09:45
665,7.39,7.39,7.41,7.39,83900.0,620470.0,2020,6,5,10,0,2020-06-05 10:00
666,7.4,7.41,7.42,7.39,49600.0,367203.0,2020,6,5,10,15,2020-06-05 10:15
667,7.42,7.41,7.43,7.41,67800.0,503045.0,2020,6,5,10,30,2020-06-05 10:30
668,7.41,7.42,7.43,7.41,83800.0,622173.0,2020,6,5,10,45,2020-06-05 10:45
669,7.41,7.41,7.42,7.41,41400.0,306861.0,2020,6,5,11,0,2020-06-05 11:00
670,7.41,7.41,7.42,7.4,65400.0,484622.0,2020,6,5,11,15,2020-06-05 11:15
671,7.41,7.4,7.43,7.4,193800.0,1437145.0,2020,6,5,11,30,2020-06-05 11:30
672,7.41,7.41,7.43,7.41,73200.0,542748.0,2020,6,5,13,15,2020-06-05 13:15
673,7.41,7.41,7.42,7.4,146800.0,1087670.0,2020,6,5,13,30,2020-06-05 13:30
674,7.41,7.39,7.42,7.38,206700.0,1529506.0,2020,6,5,13,45,2020-06-05 13:45
675,7.39,7.39,7.4,7.38,346000.0,2556482.0,2020,6,5,14,0,2020-06-05 14:00
676,7.4,7.41,7.42,7.39,424600.0,3146647.0,2020,6,5,14,15,2020-06-05 14:15
677,7.42,7.46,7.46,7.41,380300.0,2827662.0,2020,6,5,14,30,2020-06-05 14:30
678,7.45,7.44,7.46,7.43,309900.0,2307600.0,2020,6,5,14,45,2020-06-05 14:45
679,7.44,7.48,7.48,7.44,697600.0,5207428.0,2020,6,5,15,0,2020-06-05 15:00
680,7.16,7.22,7.24,7.14,1359200.0,9757876.0,2020,6,8,9,45,2020-06-08 09:45
681,7.23,7.21,7.23,7.15,982400.0,7055132.0,2020,6,8,10,0,2020-06-08 10:00
682,7.2,7.19,7.21,7.19,156500.0,1126552.0,2020,6,8,10,15,2020-06-08 10:15
683,7.19,7.25,7.26,7.18,522000.0,3768588.0,2020,6,8,10,30,2020-06-08 10:30
684,7.25,7.27,7.28,7.24,513100.0,3725112.0,2020,6,8,10,45,2020-06-08 10:45
685,7.28,7.32,7.35,7.28,816600.0,5973340.0,2020,6,8,11,0,2020-06-08 11:00
686,7.32,7.34,7.36,7.3,392800.0,2879048.0,2020,6,8,11,15,2020-06-08 11:15
687,7.34,7.34,7.36,7.33,182500.0,1340364.0,2020,6,8,11,30,2020-06-08 11:30
688,7.34,7.35,7.35,7.32,182100.0,1335548.0,2020,6,8,13,15,2020-06-08 13:15
689,7.34,7.38,7.4,7.34,598900.0,4415532.0,2020,6,8,13,30,2020-06-08 13:30
690,7.39,7.39,7.4,7.38,169000.0,1249048.0,2020,6,8,13,45,2020-06-08 13:45
691,7.39,7.43,7.43,7.38,333100.0,2467944.0,2020,6,8,14,0,2020-06-08 14:00
692,7.42,7.42,7.43,7.4,400200.0,2969976.0,2020,6,8,14,15,2020-06-08 14:15
693,7.41,7.38,7.42,7.37,307700.0,2273116.0,2020,6,8,14,30,2020-06-08 14:30
694,7.38,7.36,7.39,7.36,191700.0,1414004.0,2020,6,8,14,45,2020-06-08 14:45
695,7.36,7.49,7.51,7.35,2381700.0,17759700.0,2020,6,8,15,0,2020-06-08 15:00
696,7.42,7.44,7.51,7.42,745100.0,5572339.0,2020,6,9,9,45,2020-06-09 09:45
697,7.45,7.49,7.5,7.42,455100.0,3391743.0,2020,6,9,10,0,2020-06-09 10:00
698,7.49,7.55,7.58,7.48,758800.0,5716733.0,2020,6,9,10,15,2020-06-09 10:15
699,7.55,7.5,7.55,7.48,140200.0,1054554.0,2020,6,9,10,30,2020-06-09 10:30
700,7.51,7.52,7.53,7.5,136200.0,1023377.0,2020,6,9,10,45,2020-06-09 10:45
701,7.53,7.52,7.53,7.5,137300.0,1031290.0,2020,6,9,11,0,2020-06-09 11:00
702,7.52,7.52,7.53,7.51,177600.0,1334368.0,2020,6,9,11,15,2020-06-09 11:15
703,7.52,7.51,7.53,7.51,80200.0,602910.0,2020,6,9,11,30,2020-06-09 11:30
704,7.52,7.53,7.55,7.51,349300.0,2630358.0,2020,6,9,13,15,2020-06-09 13:15
705,7.53,7.53,7.55,7.53,257500.0,1939776.0,2020,6,9,13,30,2020-06-09 13:30
706,7.53,7.51,7.53,7.5,322200.0,2421566.0,2020,6,9,13,45,2020-06-09 13:45
707,7.51,7.53,7.53,7.5,175800.0,1321074.0,2020,6,9,14,0,2020-06-09 14:00
708,7.53,7.51,7.53,7.51,64900.0,487716.0,2020,6,9,14,15,2020-06-09 14:15
709,7.51,7.5,7.51,7.48,256200.0,1920566.0,2020,6,9,14,30,2020-06-09 14:30
710,7.5,7.49,7.51,7.49,146700.0,1099906.0,2020,6,9,14,45,2020-06-09 14:45
711,7.5,7.51,7.51,7.49,284800.0,2135452.0,2020,6,9,15,0,2020-06-09 15:00
712,7.54,7.39,7.54,7.38,549300.0,4086610.0,2020,6,10,9,45,2020-06-10 09:45
713,7.39,7.38,7.41,7.37,423100.0,3124922.0,2020,6,10,10,0,2020-06-10 10:00
714,7.37,7.37,7.39,7.37,152600.0,1126136.0,2020,6,10,10,15,2020-06-10 10:15
715,7.37,7.4,7.41,7.37,114300.0,843898.0,2020,6,10,10,30,2020-06-10 10:30
716,7.4,7.38,7.43,7.38,177300.0,1312795.0,2020,6,10,10,45,2020-06-10 10:45
717,7.38,7.27,7.38,7.24,1131700.0,8266093.0,2020,6,10,11,0,2020-06-10 11:00
718,7.27,7.29,7.31,7.26,196600.0,1431628.0,2020,6,10,11,15,2020-06-10 11:15
719,7.3,7.26,7.3,7.26,164000.0,1193254.0,2020,6,10,11,30,2020-06-10 11:30
720,7.27,7.28,7.32,7.26,430400.0,3135608.0,2020,6,10,13,15,2020-06-10 13:15
721,7.28,7.27,7.3,7.27,248600.0,1810396.0,2020,6,10,13,30,2020-06-10 13:30
722,7.28,7.26,7.3,7.26,186300.0,1356484.0,2020,6,10,13,45,2020-06-10 13:45
723,7.26,7.28,7.29,7.26,234500.0,1704766.0,2020,6,10,14,0,2020-06-10 14:00
724,7.28,7.29,7.33,7.25,393300.0,2866602.0,2020,6,10,14,15,2020-06-10 14:15
725,7.32,7.29,7.33,7.29,206800.0,1511116.0,2020,6,10,14,30,2020-06-10 14:30
726,7.29,7.3,7.33,7.29,178300.0,1302460.0,2020,6,10,14,45,2020-06-10 14:45
727,7.29,7.29,7.32,7.29,452800.0,3306748.0,2020,6,10,15,0,2020-06-10 15:00
728,7.3,7.29,7.31,7.25,237100.0,1724680.0,2020,6,11,9,45,2020-06-11 09:45
729,7.29,7.26,7.31,7.26,187700.0,1365680.0,2020,6,11,10,0,2020-06-11 10:00
730,7.26,7.26,7.27,7.25,148000.0,1073572.0,2020,6,11,10,15,2020-06-11 10:15
731,7.27,7.24,7.28,7.23,410700.0,2978689.0,2020,6,11,10,30,2020-06-11 10:30
732,7.25,7.25,7.26,7.24,131400.0,952708.0,2020,6,11,10,45,2020-06-11 10:45
733,7.25,7.26,7.27,7.25,72100.0,523522.0,2020,6,11,11,0,2020-06-11 11:00
734,7.26,7.28,7.31,7.25,177700.0,1295796.0,2020,6,11,11,15,2020-06-11 11:15
735,7.28,7.28,7.3,7.27,82400.0,600844.0,2020,6,11,11,30,2020-06-11 11:30
736,7.28,7.25,7.3,7.25,238500.0,1737424.0,2020,6,11,13,15,2020-06-11 13:15
737,7.25,7.24,7.26,7.24,68600.0,497652.0,2020,6,11,13,30,2020-06-11 13:30
738,7.24,7.28,7.28,7.24,126200.0,914729.0,2020,6,11,13,45,2020-06-11 13:45
739,7.28,7.29,7.3,7.25,99400.0,723239.0,2020,6,11,14,0,2020-06-11 14:00
740,7.29,7.26,7.29,7.25,158400.0,1149993.0,2020,6,11,14,15,2020-06-11 14:15
741,7.26,7.31,7.31,7.25,228100.0,1662274.0,2020,6,11,14,30,2020-06-11 14:30
742,7.31,7.37,7.37,7.28,335800.0,2464920.0,2020,6,11,14,45,2020-06-11 14:45
743,7.37,7.37,7.43,7.37,742900.0,5496058.0,2020,6,11,15,0,2020-06-11 15:00
744,7.26,7.29,7.33,7.26,190400.0,1385559.0,2020,6,12,9,45,2020-06-12 09:45
745,7.29,7.29,7.3,7.28,102500.0,747220.0,2020,6,12,10,0,2020-06-12 10:00
746,7.29,7.32,7.35,7.28,251200.0,1839369.0,2020,6,12,10,15,2020-06-12 10:15
747,7.31,7.31,7.33,7.31,105100.0,769290.0,2020,6,12,10,30,2020-06-12 10:30
748,7.32,7.37,7.38,7.32,123300.0,906618.0,2020,6,12,10,45,2020-06-12 10:45
749,7.37,7.37,7.37,7.34,116400.0,857221.0,2020,6,12,11,0,2020-06-12 11:00
750,7.32,7.35,7.37,7.32,36100.0,265079.0,2020,6,12,11,15,2020-06-12 11:15
751,7.36,7.42,7.45,7.35,657100.0,4875573.0,2020,6,12,11,30,2020-06-12 11:30
752,7.42,7.41,7.43,7.39,182200.0,1349048.0,2020,6,12,13,15,2020-06-12 13:15
753,7.41,7.45,7.46,7.4,172400.0,1281044.0,2020,6,12,13,30,2020-06-12 13:30
754,7.45,7.45,7.46,7.42,163600.0,1217284.0,2020,6,12,13,45,2020-06-12 13:45
755,7.45,7.45,7.45,7.43,131700.0,980745.0,2020,6,12,14,0,2020-06-12 14:00
756,7.45,7.43,7.46,7.43,169300.0,1260674.0,2020,6,12,14,15,2020-06-12 14:15
757,7.41,7.44,7.44,7.41,87600.0,650760.0,2020,6,12,14,30,2020-06-12 14:30
758,7.44,7.47,7.47,7.43,358700.0,2675030.0,2020,6,12,14,45,2020-06-12 14:45
759,7.47,7.49,7.5,7.46,747600.0,5598370.0,2020,6,12,15,0,2020-06-12 15:00
760,7.48,7.49,7.53,7.39,547900.0,4084534.0,2020,6,15,9,45,2020-06-15 09:45
761,7.5,7.5,7.52,7.43,820500.0,6139820.0,2020,6,15,10,0,2020-06-15 10:00
762,7.51,7.43,7.51,7.42,342100.0,2548306.0,2020,6,15,10,15,2020-06-15 10:15
763,7.43,7.45,7.47,7.41,424400.0,3153241.0,2020,6,15,10,30,2020-06-15 10:30
764,7.43,7.45,7.46,7.43,426300.0,3175381.0,2020,6,15,10,45,2020-06-15 10:45
765,7.44,7.44,7.46,7.43,239000.0,1778994.0,2020,6,15,11,0,2020-06-15 11:00
766,7.44,7.44,7.45,7.41,229000.0,1702300.0,2020,6,15,11,15,2020-06-15 11:15
767,7.43,7.45,7.46,7.43,75200.0,560136.0,2020,6,15,11,30,2020-06-15 11:30
768,7.44,7.45,7.46,7.43,102100.0,759900.0,2020,6,15,13,15,2020-06-15 13:15
769,7.45,7.52,7.52,7.44,349700.0,2621906.0,2020,6,15,13,30,2020-06-15 13:30
770,7.52,7.48,7.52,7.46,86800.0,650172.0,2020,6,15,13,45,2020-06-15 13:45
771,7.48,7.47,7.5,7.45,281700.0,2106242.0,2020,6,15,14,0,2020-06-15 14:00
772,7.5,7.5,7.51,7.47,166400.0,1246572.0,2020,6,15,14,15,2020-06-15 14:15
773,7.51,7.49,7.51,7.49,171300.0,1285184.0,2020,6,15,14,30,2020-06-15 14:30
774,7.5,7.49,7.53,7.49,375100.0,2818536.0,2020,6,15,14,45,2020-06-15 14:45
775,7.49,7.47,7.5,7.47,312400.0,2339148.0,2020,6,15,15,0,2020-06-15 15:00
776,7.52,7.48,7.53,7.47,152400.0,1141691.0,2020,6,16,9,45,2020-06-16 09:45
777,7.49,7.45,7.49,7.43,439700.0,3281903.0,2020,6,16,10,0,2020-06-16 10:00
778,7.45,7.46,7.46,7.45,85400.0,636374.0,2020,6,16,10,15,2020-06-16 10:15
779,7.46,7.45,7.47,7.45,84000.0,626712.0,2020,6,16,10,30,2020-06-16 10:30
780,7.47,7.45,7.48,7.45,83400.0,622318.0,2020,6,16,10,45,2020-06-16 10:45
781,7.45,7.44,7.46,7.44,129400.0,963511.0,2020,6,16,11,0,2020-06-16 11:00
782,7.45,7.44,7.46,7.41,243300.0,1809676.0,2020,6,16,11,15,2020-06-16 11:15
783,7.44,7.43,7.45,7.42,77600.0,576572.0,2020,6,16,11,30,2020-06-16 11:30
784,7.43,7.42,7.45,7.41,159700.0,1185933.0,2020,6,16,13,15,2020-06-16 13:15
785,7.42,7.43,7.44,7.42,76100.0,565093.0,2020,6,16,13,30,2020-06-16 13:30
786,7.43,7.44,7.44,7.41,277600.0,2059733.0,2020,6,16,13,45,2020-06-16 13:45
787,7.44,7.45,7.45,7.44,66700.0,496876.0,2020,6,16,14,0,2020-06-16 14:00
788,7.44,7.42,7.47,7.42,232100.0,1729736.0,2020,6,16,14,15,2020-06-16 14:15
789,7.42,7.47,7.47,7.42,157900.0,1176366.0,2020,6,16,14,30,2020-06-16 14:30
790,7.47,7.41,7.48,7.41,398500.0,2962428.0,2020,6,16,14,45,2020-06-16 14:45
791,7.41,7.41,7.44,7.41,415300.0,3081310.0,2020,6,16,15,0,2020-06-16 15:00
792,7.43,7.46,7.46,7.42,419000.0,3117573.0,2020,6,17,9,45,2020-06-17 09:45
793,7.46,7.43,7.46,7.41,483500.0,3593603.0,2020,6,17,10,0,2020-06-17 10:00
794,7.44,7.42,7.44,7.41,182700.0,1355762.0,2020,6,17,10,15,2020-06-17 10:15
795,7.43,7.41,7.43,7.4,125600.0,930545.0,2020,6,17,10,30,2020-06-17 10:30
796,7.4,7.41,7.41,7.37,183400.0,1356126.0,2020,6,17,10,45,2020-06-17 10:45
797,7.41,7.42,7.42,7.4,158600.0,1175821.0,2020,6,17,11,0,2020-06-17 11:00
798,7.42,7.41,7.43,7.38,207100.0,1531941.0,2020,6,17,11,15,2020-06-17 11:15
799,7.4,7.4,7.41,7.38,148000.0,1093679.0,2020,6,17,13,0,2020-06-17 13:00
