,open,close,high,low,vol,amount,year,month,day,hour,minute,datetime
0,2.72,2.7,2.72,2.7,1113600.0,3020108.0,2020,4,2,13,15,2020-04-02 13:15
1,2.7,2.69,2.71,2.69,1200100.0,3240516.0,2020,4,2,13,30,2020-04-02 13:30
2,2.7,2.71,2.72,2.69,1430500.0,3874384.0,2020,4,2,13,45,2020-04-02 13:45
3,2.71,2.72,2.72,2.7,1226800.0,3326256.0,2020,4,2,14,0,2020-04-02 14:00
4,2.71,2.74,2.75,2.71,4001100.0,10937396.0,2020,4,2,14,15,2020-04-02 14:15
5,2.74,2.75,2.75,2.73,2459600.0,6753040.0,2020,4,2,14,30,2020-04-02 14:30
6,2.75,2.75,2.76,2.74,1973500.0,5429668.0,2020,4,2,14,45,2020-04-02 14:45
7,2.75,2.77,2.77,2.75,3585400.0,9902920.0,2020,4,2,15,0,2020-04-02 15:00
8,2.76,2.74,2.77,2.73,3616200.0,9948855.0,2020,4,3,9,45,2020-04-03 09:45
9,2.74,2.74,2.75,2.72,3031800.0,8288685.0,2020,4,3,10,0,2020-04-03 10:00
10,2.74,2.73,2.75,2.72,2371100.0,6484724.0,2020,4,3,10,15,2020-04-03 10:15
11,2.74,2.74,2.74,2.72,965000.0,2632876.0,2020,4,3,10,30,2020-04-03 10:30
12,2.73,2.74,2.74,2.72,1061800.0,2896508.0,2020,4,3,10,45,2020-04-03 10:45
13,2.73,2.74,2.74,2.72,1097900.0,2995460.0,2020,4,3,11,0,2020-04-03 11:00
14,2.73,2.78,2.78,2.73,4227500.0,11661608.0,2020,4,3,11,15,2020-04-03 11:15
15,2.78,2.76,2.78,2.74,2226700.0,6142356.0,2020,4,3,11,30,2020-04-03 11:30
16,2.77,2.74,2.77,2.73,1496400.0,4112312.0,2020,4,3,13,15,2020-04-03 13:15
17,2.74,2.74,2.75,2.73,597600.0,1635988.0,2020,4,3,13,30,2020-04-03 13:30
18,2.74,2.73,2.74,2.73,853400.0,2334780.0,2020,4,3,13,45,2020-04-03 13:45
19,2.73,2.72,2.74,2.72,1627200.0,4432208.0,2020,4,3,14,0,2020-04-03 14:00
20,2.72,2.71,2.73,2.71,1326300.0,3603736.0,2020,4,3,14,15,2020-04-03 14:15
21,2.72,2.73,2.73,2.71,1154800.0,3135384.0,2020,4,3,14,30,2020-04-03 14:30
22,2.72,2.72,2.74,2.72,773400.0,2109696.0,2020,4,3,14,45,2020-04-03 14:45
23,2.72,2.72,2.73,2.72,2171700.0,5912360.0,2020,4,3,15,0,2020-04-03 15:00
24,2.78,2.77,2.78,2.75,5400900.0,14963131.0,2020,4,7,9,45,2020-04-07 09:45
25,2.77,2.77,2.78,2.75,4728000.0,13076685.0,2020,4,7,10,0,2020-04-07 10:00
26,2.77,2.77,2.78,2.76,2585100.0,7155472.0,2020,4,7,10,15,2020-04-07 10:15
27,2.77,2.77,2.77,2.76,754200.0,2086896.0,2020,4,7,10,30,2020-04-07 10:30
28,2.77,2.77,2.77,2.76,1104500.0,3057736.0,2020,4,7,10,45,2020-04-07 10:45
29,2.77,2.77,2.78,2.76,2051300.0,5682780.0,2020,4,7,11,0,2020-04-07 11:00
30,2.78,2.79,2.79,2.77,1532000.0,4258832.0,2020,4,7,11,15,2020-04-07 11:15
31,2.79,2.78,2.79,2.77,1120400.0,3115060.0,2020,4,7,11,30,2020-04-07 11:30
32,2.78,2.77,2.79,2.77,1699300.0,4723160.0,2020,4,7,13,15,2020-04-07 13:15
33,2.77,2.78,2.79,2.77,1517500.0,4222492.0,2020,4,7,13,30,2020-04-07 13:30
34,2.79,2.78,2.79,2.77,955300.0,2652800.0,2020,4,7,13,45,2020-04-07 13:45
35,2.78,2.77,2.78,2.77,1171300.0,3248060.0,2020,4,7,14,0,2020-04-07 14:00
36,2.78,2.79,2.79,2.77,1855100.0,5156112.0,2020,4,7,14,15,2020-04-07 14:15
37,2.78,2.78,2.79,2.78,769400.0,2141392.0,2020,4,7,14,30,2020-04-07 14:30
38,2.78,2.8,2.8,2.78,2488500.0,6946784.0,2020,4,7,14,45,2020-04-07 14:45
39,2.8,2.78,2.8,2.78,2594000.0,7227872.0,2020,4,7,15,0,2020-04-07 15:00
40,2.78,2.78,2.78,2.76,4006700.0,11108676.0,2020,4,8,9,45,2020-04-08 09:45
41,2.77,2.79,2.79,2.77,2386800.0,6639078.0,2020,4,8,10,0,2020-04-08 10:00
42,2.78,2.86,2.88,2.78,10249000.0,29093298.0,2020,4,8,10,15,2020-04-08 10:15
43,2.87,2.86,2.9,2.85,5641900.0,16194360.0,2020,4,8,10,30,2020-04-08 10:30
44,2.87,2.86,2.87,2.85,2336800.0,6681868.0,2020,4,8,10,45,2020-04-08 10:45
45,2.86,2.87,2.89,2.85,2991800.0,8589376.0,2020,4,8,11,0,2020-04-08 11:00
46,2.88,2.88,2.89,2.86,2675500.0,7697168.0,2020,4,8,11,15,2020-04-08 11:15
47,2.88,2.9,2.9,2.88,2063400.0,5962856.0,2020,4,8,11,30,2020-04-08 11:30
48,2.9,2.89,2.91,2.89,1879000.0,5447920.0,2020,4,8,13,15,2020-04-08 13:15
49,2.89,2.88,2.9,2.87,1714300.0,4941008.0,2020,4,8,13,30,2020-04-08 13:30
50,2.88,2.86,2.88,2.86,1302000.0,3737328.0,2020,4,8,13,45,2020-04-08 13:45
51,2.87,2.88,2.88,2.86,498000.0,1429536.0,2020,4,8,14,0,2020-04-08 14:00
52,2.88,2.87,2.88,2.86,1229700.0,3528000.0,2020,4,8,14,15,2020-04-08 14:15
53,2.86,2.85,2.87,2.85,1594600.0,4559120.0,2020,4,8,14,30,2020-04-08 14:30
54,2.85,2.85,2.86,2.84,1587000.0,4524024.0,2020,4,8,14,45,2020-04-08 14:45
55,2.85,2.86,2.86,2.85,2169000.0,6194224.0,2020,4,8,15,0,2020-04-08 15:00
56,2.86,2.94,2.94,2.86,5802600.0,16813752.0,2020,4,9,9,45,2020-04-09 09:45
57,2.94,2.9,2.94,2.89,4322000.0,12602712.0,2020,4,9,10,0,2020-04-09 10:00
58,2.9,2.89,2.91,2.88,1951100.0,5650192.0,2020,4,9,10,15,2020-04-09 10:15
59,2.9,2.9,2.9,2.89,899500.0,2603884.0,2020,4,9,10,30,2020-04-09 10:30
60,2.9,2.88,2.91,2.88,2619900.0,7585684.0,2020,4,9,10,45,2020-04-09 10:45
61,2.89,2.89,2.89,2.87,1344500.0,3876368.0,2020,4,9,11,0,2020-04-09 11:00
62,2.89,2.89,2.9,2.87,1358600.0,3923824.0,2020,4,9,11,15,2020-04-09 11:15
63,2.88,2.89,2.89,2.87,1080300.0,3114428.0,2020,4,9,11,30,2020-04-09 11:30
64,2.89,2.88,2.9,2.88,755200.0,2182700.0,2020,4,9,13,15,2020-04-09 13:15
65,2.88,2.89,2.9,2.88,1108900.0,3203716.0,2020,4,9,13,30,2020-04-09 13:30
66,2.89,2.9,2.9,2.89,1015200.0,2937312.0,2020,4,9,13,45,2020-04-09 13:45
67,2.9,2.89,2.9,2.89,1150800.0,3328124.0,2020,4,9,14,0,2020-04-09 14:00
68,2.89,2.89,2.9,2.88,1830500.0,5292696.0,2020,4,9,14,15,2020-04-09 14:15
69,2.88,2.88,2.89,2.87,2677900.0,7713368.0,2020,4,9,14,30,2020-04-09 14:30
70,2.88,2.88,2.88,2.86,2083900.0,5984704.0,2020,4,9,14,45,2020-04-09 14:45
71,2.87,2.87,2.88,2.86,3119700.0,8951640.0,2020,4,9,15,0,2020-04-09 15:00
72,2.9,2.86,2.9,2.85,3688600.0,10594957.0,2020,4,10,9,45,2020-04-10 09:45
73,2.86,2.86,2.86,2.84,2422900.0,6897375.0,2020,4,10,10,0,2020-04-10 10:00
74,2.86,2.86,2.86,2.85,1248900.0,3564400.0,2020,4,10,10,15,2020-04-10 10:15
75,2.86,2.86,2.88,2.85,1177700.0,3374726.0,2020,4,10,10,30,2020-04-10 10:30
76,2.86,2.85,2.87,2.84,1390300.0,3964850.0,2020,4,10,10,45,2020-04-10 10:45
77,2.85,2.84,2.86,2.84,1354400.0,3853080.0,2020,4,10,11,0,2020-04-10 11:00
78,2.85,2.86,2.86,2.84,737800.0,2099644.0,2020,4,10,11,15,2020-04-10 11:15
79,2.86,2.84,2.86,2.83,1237000.0,3512596.0,2020,4,10,11,30,2020-04-10 11:30
80,2.84,2.82,2.84,2.81,1989400.0,5614284.0,2020,4,10,13,15,2020-04-10 13:15
81,2.83,2.82,2.83,2.81,1563200.0,4398416.0,2020,4,10,13,30,2020-04-10 13:30
82,2.81,2.8,2.82,2.8,1581100.0,4430976.0,2020,4,10,13,45,2020-04-10 13:45
83,2.81,2.8,2.81,2.8,724900.0,2031060.0,2020,4,10,14,0,2020-04-10 14:00
84,2.8,2.8,2.81,2.79,1418200.0,3965548.0,2020,4,10,14,15,2020-04-10 14:15
85,2.81,2.81,2.82,2.8,1097600.0,3084320.0,2020,4,10,14,30,2020-04-10 14:30
86,2.8,2.8,2.82,2.8,833900.0,2342668.0,2020,4,10,14,45,2020-04-10 14:45
87,2.8,2.81,2.82,2.8,1775900.0,4981828.0,2020,4,10,15,0,2020-04-10 15:00
88,2.87,2.98,3.03,2.86,20787500.0,61075392.0,2020,4,13,9,45,2020-04-13 09:45
89,2.99,2.97,3.0,2.95,7502300.0,22319840.0,2020,4,13,10,0,2020-04-13 10:00
90,2.97,2.97,2.99,2.96,4084300.0,12170208.0,2020,4,13,10,15,2020-04-13 10:15
91,2.97,2.95,2.98,2.95,4039700.0,11954640.0,2020,4,13,10,30,2020-04-13 10:30
92,2.95,2.97,2.97,2.95,1527500.0,4521504.0,2020,4,13,10,45,2020-04-13 10:45
93,2.96,2.99,2.99,2.96,1665900.0,4957592.0,2020,4,13,11,0,2020-04-13 11:00
94,2.99,2.99,2.99,2.97,1982200.0,5911208.0,2020,4,13,11,15,2020-04-13 11:15
95,2.99,2.97,2.99,2.96,2176200.0,6480888.0,2020,4,13,11,30,2020-04-13 11:30
96,2.97,2.96,2.98,2.95,1522500.0,4516168.0,2020,4,13,13,15,2020-04-13 13:15
97,2.95,2.94,2.96,2.94,2005200.0,5914512.0,2020,4,13,13,30,2020-04-13 13:30
98,2.94,2.96,2.96,2.93,1985500.0,5854144.0,2020,4,13,13,45,2020-04-13 13:45
99,2.95,2.97,2.97,2.95,1065600.0,3154976.0,2020,4,13,14,0,2020-04-13 14:00
100,2.96,2.99,3.0,2.95,2912200.0,8677424.0,2020,4,13,14,15,2020-04-13 14:15
101,3.0,2.99,3.02,2.97,4759100.0,14269104.0,2020,4,13,14,30,2020-04-13 14:30
102,2.99,2.98,2.99,2.97,1901700.0,5679312.0,2020,4,13,14,45,2020-04-13 14:45
103,2.99,2.99,3.0,2.97,4711200.0,14050608.0,2020,4,13,15,0,2020-04-13 15:00
104,3.0,2.96,3.0,2.95,6690500.0,19867384.0,2020,4,14,9,45,2020-04-14 09:45
105,2.96,2.96,2.97,2.95,3270900.0,9683682.0,2020,4,14,10,0,2020-04-14 10:00
106,2.96,2.97,2.97,2.95,2188100.0,6482694.0,2020,4,14,10,15,2020-04-14 10:15
107,2.97,2.99,3.0,2.97,1840500.0,5488336.0,2020,4,14,10,30,2020-04-14 10:30
108,3.0,2.99,3.02,2.99,4375100.0,13157520.0,2020,4,14,10,45,2020-04-14 10:45
109,3.0,2.98,3.0,2.98,1527400.0,4569848.0,2020,4,14,11,0,2020-04-14 11:00
110,2.99,2.98,3.0,2.98,1429600.0,4268024.0,2020,4,14,11,15,2020-04-14 11:15
111,2.99,2.98,2.99,2.97,943300.0,2811468.0,2020,4,14,11,30,2020-04-14 11:30
112,2.99,2.96,2.99,2.96,1774100.0,5268988.0,2020,4,14,13,15,2020-04-14 13:15
113,2.96,2.96,2.97,2.96,1920000.0,5690696.0,2020,4,14,13,30,2020-04-14 13:30
114,2.97,2.98,2.99,2.96,1604000.0,4774752.0,2020,4,14,13,45,2020-04-14 13:45
115,2.99,2.97,2.99,2.97,904500.0,2694104.0,2020,4,14,14,0,2020-04-14 14:00
116,2.98,2.97,2.98,2.97,961000.0,2860232.0,2020,4,14,14,15,2020-04-14 14:15
117,2.98,2.98,2.99,2.97,1219400.0,3632512.0,2020,4,14,14,30,2020-04-14 14:30
118,2.99,2.98,2.99,2.96,3086800.0,9181248.0,2020,4,14,14,45,2020-04-14 14:45
119,2.98,2.98,2.98,2.97,2650200.0,7888616.0,2020,4,14,15,0,2020-04-14 15:00
120,2.99,2.96,2.99,2.94,4407000.0,13048428.0,2020,4,15,9,45,2020-04-15 09:45
121,2.96,2.97,2.97,2.95,3121600.0,9241418.0,2020,4,15,10,0,2020-04-15 10:00
122,2.96,2.95,2.97,2.95,2265300.0,6691074.0,2020,4,15,10,15,2020-04-15 10:15
123,2.95,2.94,2.95,2.93,3166600.0,9316976.0,2020,4,15,10,30,2020-04-15 10:30
124,2.95,2.95,2.95,2.94,1203700.0,3541900.0,2020,4,15,10,45,2020-04-15 10:45
125,2.94,2.93,2.94,2.92,3328200.0,9753276.0,2020,4,15,11,0,2020-04-15 11:00
126,2.93,2.93,2.94,2.92,1347800.0,3949504.0,2020,4,15,11,15,2020-04-15 11:15
127,2.93,2.93,2.94,2.93,964100.0,2830564.0,2020,4,15,11,30,2020-04-15 11:30
128,2.94,2.94,2.95,2.93,1768300.0,5190168.0,2020,4,15,13,15,2020-04-15 13:15
129,2.94,2.93,2.95,2.93,654100.0,1920004.0,2020,4,15,13,30,2020-04-15 13:30
130,2.94,2.93,2.94,2.93,649500.0,1906032.0,2020,4,15,13,45,2020-04-15 13:45
131,2.94,2.93,2.94,2.93,602500.0,1767872.0,2020,4,15,14,0,2020-04-15 14:00
132,2.94,2.92,2.94,2.92,1212600.0,3548488.0,2020,4,15,14,15,2020-04-15 14:15
133,2.93,2.92,2.93,2.92,1202100.0,3513568.0,2020,4,15,14,30,2020-04-15 14:30
134,2.93,2.92,2.93,2.91,2368600.0,6909112.0,2020,4,15,14,45,2020-04-15 14:45
135,2.91,2.92,2.93,2.91,2306000.0,6732648.0,2020,4,15,15,0,2020-04-15 15:00
136,2.89,2.88,2.9,2.86,4692300.0,13481894.0,2020,4,16,9,45,2020-04-16 09:45
137,2.88,2.88,2.89,2.87,2004500.0,5772492.0,2020,4,16,10,0,2020-04-16 10:00
138,2.88,2.89,2.89,2.87,2114200.0,6076540.0,2020,4,16,10,15,2020-04-16 10:15
139,2.89,2.89,2.91,2.88,1711000.0,4955522.0,2020,4,16,10,30,2020-04-16 10:30
140,2.9,2.91,2.92,2.89,1731600.0,5028212.0,2020,4,16,10,45,2020-04-16 10:45
141,2.91,2.9,2.91,2.89,1014300.0,2942884.0,2020,4,16,11,0,2020-04-16 11:00
142,2.9,2.9,2.9,2.88,676600.0,1956352.0,2020,4,16,11,15,2020-04-16 11:15
143,2.9,2.89,2.9,2.88,419700.0,1212116.0,2020,4,16,11,30,2020-04-16 11:30
144,2.89,2.9,2.9,2.88,697300.0,2012492.0,2020,4,16,13,15,2020-04-16 13:15
145,2.89,2.9,2.9,2.88,1315500.0,3796340.0,2020,4,16,13,30,2020-04-16 13:30
146,2.89,2.91,2.91,2.89,845800.0,2449068.0,2020,4,16,13,45,2020-04-16 13:45
147,2.91,2.91,2.92,2.89,1430800.0,4160304.0,2020,4,16,14,0,2020-04-16 14:00
148,2.91,2.9,2.91,2.89,1094300.0,3176956.0,2020,4,16,14,15,2020-04-16 14:15
149,2.9,2.91,2.91,2.89,788100.0,2289472.0,2020,4,16,14,30,2020-04-16 14:30
150,2.91,2.92,2.92,2.9,1374900.0,3998268.0,2020,4,16,14,45,2020-04-16 14:45
151,2.91,2.9,2.92,2.89,1868400.0,5427200.0,2020,4,16,15,0,2020-04-16 15:00
152,2.91,2.91,2.93,2.9,3229300.0,9402206.0,2020,4,17,9,45,2020-04-17 09:45
153,2.91,2.93,2.93,2.91,2023500.0,5907174.0,2020,4,17,10,0,2020-04-17 10:00
154,2.93,2.92,2.93,2.91,1662300.0,4855704.0,2020,4,17,10,15,2020-04-17 10:15
155,2.91,2.9,2.92,2.89,2829600.0,8217012.0,2020,4,17,10,30,2020-04-17 10:30
156,2.9,2.9,2.91,2.9,1080800.0,3138698.0,2020,4,17,10,45,2020-04-17 10:45
157,2.9,2.9,2.91,2.89,1713600.0,4965310.0,2020,4,17,11,0,2020-04-17 11:00
158,2.9,2.89,2.9,2.89,620200.0,1797004.0,2020,4,17,11,15,2020-04-17 11:15
159,2.89,2.91,2.91,2.89,876100.0,2539024.0,2020,4,17,11,30,2020-04-17 11:30
160,2.91,2.91,2.92,2.9,1350900.0,3931836.0,2020,4,17,13,15,2020-04-17 13:15
161,2.91,2.89,2.91,2.89,851400.0,2469272.0,2020,4,17,13,30,2020-04-17 13:30
162,2.9,2.9,2.91,2.89,1891600.0,5478508.0,2020,4,17,13,45,2020-04-17 13:45
163,2.9,2.93,2.96,2.9,7441500.0,21834044.0,2020,4,17,14,0,2020-04-17 14:00
164,2.93,2.91,2.94,2.91,1866300.0,5456208.0,2020,4,17,14,15,2020-04-17 14:15
165,2.92,2.91,2.92,2.9,1815500.0,5288232.0,2020,4,17,14,30,2020-04-17 14:30
166,2.91,2.9,2.92,2.9,943200.0,2742384.0,2020,4,17,14,45,2020-04-17 14:45
167,2.9,2.91,2.91,2.89,2836700.0,8232928.0,2020,4,17,15,0,2020-04-17 15:00
168,2.99,3.02,3.07,2.98,23164000.0,69809144.0,2020,4,20,9,45,2020-04-20 09:45
169,3.02,2.99,3.03,2.98,7016800.0,21095624.0,2020,4,20,10,0,2020-04-20 10:00
170,2.98,3.01,3.03,2.98,5206100.0,15645952.0,2020,4,20,10,15,2020-04-20 10:15
171,3.0,3.01,3.01,3.0,1688500.0,5071880.0,2020,4,20,10,30,2020-04-20 10:30
172,3.01,3.01,3.01,3.0,1468400.0,4410040.0,2020,4,20,10,45,2020-04-20 10:45
173,3.0,3.0,3.01,2.99,1672000.0,5017232.0,2020,4,20,11,0,2020-04-20 11:00
174,2.99,3.01,3.01,2.99,1556200.0,4663984.0,2020,4,20,11,15,2020-04-20 11:15
175,3.01,3.0,3.01,2.99,1094800.0,3287752.0,2020,4,20,11,30,2020-04-20 11:30
176,3.0,2.99,3.0,2.98,1586100.0,4743784.0,2020,4,20,13,15,2020-04-20 13:15
177,2.98,2.98,3.0,2.98,1214800.0,3629136.0,2020,4,20,13,30,2020-04-20 13:30
178,2.98,2.98,2.99,2.97,1824600.0,5441024.0,2020,4,20,13,45,2020-04-20 13:45
179,2.98,2.98,2.99,2.98,698500.0,2083456.0,2020,4,20,14,0,2020-04-20 14:00
180,2.99,3.0,3.0,2.97,2049400.0,6123744.0,2020,4,20,14,15,2020-04-20 14:15
181,3.0,2.99,3.0,2.98,1545600.0,4622800.0,2020,4,20,14,30,2020-04-20 14:30
182,2.99,2.99,2.99,2.98,1464800.0,4375520.0,2020,4,20,14,45,2020-04-20 14:45
183,2.98,2.98,2.99,2.98,2991000.0,8928640.0,2020,4,20,15,0,2020-04-20 15:00
184,2.95,2.91,2.95,2.91,9225800.0,27005252.0,2020,4,21,9,45,2020-04-21 09:45
185,2.92,2.9,2.92,2.88,7777400.0,22505468.0,2020,4,21,10,0,2020-04-21 10:00
186,2.89,2.9,2.91,2.89,2524700.0,7315044.0,2020,4,21,10,15,2020-04-21 10:15
187,2.9,2.91,2.91,2.89,1193700.0,3465468.0,2020,4,21,10,30,2020-04-21 10:30
188,2.9,2.9,2.9,2.88,1545800.0,4472148.0,2020,4,21,10,45,2020-04-21 10:45
189,2.9,2.9,2.9,2.89,1340700.0,3879252.0,2020,4,21,11,0,2020-04-21 11:00
190,2.9,2.9,2.91,2.89,1024400.0,2967864.0,2020,4,21,11,15,2020-04-21 11:15
191,2.9,2.89,2.9,2.88,1573900.0,4548008.0,2020,4,21,11,30,2020-04-21 11:30
192,2.88,2.87,2.89,2.87,2886300.0,8304320.0,2020,4,21,13,15,2020-04-21 13:15
193,2.87,2.88,2.89,2.87,1104300.0,3178584.0,2020,4,21,13,30,2020-04-21 13:30
194,2.88,2.89,2.89,2.87,634400.0,1827808.0,2020,4,21,13,45,2020-04-21 13:45
195,2.88,2.86,2.89,2.86,3131000.0,8987600.0,2020,4,21,14,0,2020-04-21 14:00
196,2.86,2.88,2.89,2.86,1446200.0,4156688.0,2020,4,21,14,15,2020-04-21 14:15
197,2.88,2.88,2.9,2.87,1569000.0,4525672.0,2020,4,21,14,30,2020-04-21 14:30
198,2.89,2.9,2.9,2.88,1372300.0,3972624.0,2020,4,21,14,45,2020-04-21 14:45
199,2.9,2.91,2.91,2.89,2255600.0,6543760.0,2020,4,21,15,0,2020-04-21 15:00
200,2.87,2.89,2.89,2.85,3799200.0,10901127.0,2020,4,22,9,45,2020-04-22 09:45
201,2.89,2.88,2.9,2.87,2257500.0,6505645.0,2020,4,22,10,0,2020-04-22 10:00
202,2.88,2.88,2.89,2.87,1139700.0,3281304.0,2020,4,22,10,15,2020-04-22 10:15
203,2.88,2.9,2.91,2.87,3532900.0,10241520.0,2020,4,22,10,30,2020-04-22 10:30
204,2.9,2.89,2.91,2.88,981900.0,2841480.0,2020,4,22,10,45,2020-04-22 10:45
205,2.89,2.9,2.9,2.89,636900.0,1842804.0,2020,4,22,11,0,2020-04-22 11:00
206,2.89,2.88,2.9,2.88,743700.0,2148372.0,2020,4,22,11,15,2020-04-22 11:15
207,2.88,2.89,2.89,2.87,897400.0,2584884.0,2020,4,22,11,30,2020-04-22 11:30
208,2.88,2.9,2.9,2.88,656500.0,1895176.0,2020,4,22,13,15,2020-04-22 13:15
209,2.88,2.89,2.9,2.85,6869800.0,19714160.0,2020,4,22,13,30,2020-04-22 13:30
210,2.89,2.89,2.9,2.88,1401300.0,4050604.0,2020,4,22,13,45,2020-04-22 13:45
211,2.89,2.88,2.9,2.88,961100.0,2776428.0,2020,4,22,14,0,2020-04-22 14:00
212,2.88,2.9,2.9,2.88,1024900.0,2959928.0,2020,4,22,14,15,2020-04-22 14:15
213,2.89,2.9,2.91,2.89,1960000.0,5687864.0,2020,4,22,14,30,2020-04-22 14:30
214,2.9,2.9,2.9,2.89,927600.0,2685936.0,2020,4,22,14,45,2020-04-22 14:45
215,2.9,2.91,2.91,2.89,2103000.0,6111128.0,2020,4,22,15,0,2020-04-22 15:00
216,2.92,2.91,2.92,2.89,3678300.0,10673807.0,2020,4,23,9,45,2020-04-23 09:45
217,2.9,2.89,2.91,2.89,2511200.0,7286793.0,2020,4,23,10,0,2020-04-23 10:00
218,2.9,2.88,2.9,2.88,2600900.0,7511300.0,2020,4,23,10,15,2020-04-23 10:15
219,2.88,2.88,2.9,2.88,1519800.0,4387152.0,2020,4,23,10,30,2020-04-23 10:30
220,2.88,2.88,2.89,2.88,1791000.0,5167724.0,2020,4,23,10,45,2020-04-23 10:45
221,2.89,2.88,2.89,2.88,1219700.0,3515632.0,2020,4,23,11,0,2020-04-23 11:00
222,2.88,2.87,2.89,2.87,2005600.0,5768520.0,2020,4,23,11,15,2020-04-23 11:15
223,2.87,2.87,2.88,2.86,1935500.0,5553408.0,2020,4,23,11,30,2020-04-23 11:30
224,2.87,2.88,2.88,2.87,970200.0,2787284.0,2020,4,23,13,15,2020-04-23 13:15
225,2.87,2.86,2.88,2.86,1437100.0,4119380.0,2020,4,23,13,30,2020-04-23 13:30
226,2.87,2.88,2.89,2.86,1921600.0,5531952.0,2020,4,23,13,45,2020-04-23 13:45
227,2.88,2.88,2.89,2.88,802400.0,2313888.0,2020,4,23,14,0,2020-04-23 14:00
228,2.88,2.88,2.89,2.87,1080700.0,3112136.0,2020,4,23,14,15,2020-04-23 14:15
229,2.88,2.89,2.89,2.87,1069400.0,3079152.0,2020,4,23,14,30,2020-04-23 14:30
230,2.89,2.88,2.89,2.87,1198000.0,3451432.0,2020,4,23,14,45,2020-04-23 14:45
231,2.88,2.88,2.88,2.87,1832700.0,5270112.0,2020,4,23,15,0,2020-04-23 15:00
232,2.88,2.89,2.89,2.86,2793000.0,8025964.0,2020,4,24,9,45,2020-04-24 09:45
233,2.89,2.87,2.89,2.87,2792800.0,8034231.0,2020,4,24,10,0,2020-04-24 10:00
234,2.88,2.87,2.88,2.86,2167400.0,6220713.0,2020,4,24,10,15,2020-04-24 10:15
235,2.87,2.86,2.88,2.86,1796500.0,5146668.0,2020,4,24,10,30,2020-04-24 10:30
236,2.86,2.86,2.86,2.85,1473300.0,4201820.0,2020,4,24,10,45,2020-04-24 10:45
237,2.86,2.85,2.87,2.85,696300.0,1990200.0,2020,4,24,11,0,2020-04-24 11:00
238,2.85,2.86,2.86,2.84,1201600.0,3423956.0,2020,4,24,11,15,2020-04-24 11:15
239,2.85,2.84,2.86,2.84,716600.0,2039156.0,2020,4,24,11,30,2020-04-24 11:30
240,2.85,2.83,2.85,2.83,1839900.0,5217476.0,2020,4,24,13,15,2020-04-24 13:15
241,2.83,2.82,2.84,2.81,2032800.0,5737956.0,2020,4,24,13,30,2020-04-24 13:30
242,2.82,2.81,2.83,2.8,1843600.0,5187576.0,2020,4,24,13,45,2020-04-24 13:45
243,2.81,2.79,2.81,2.78,3204700.0,8951568.0,2020,4,24,14,0,2020-04-24 14:00
244,2.8,2.79,2.8,2.78,1949100.0,5441668.0,2020,4,24,14,15,2020-04-24 14:15
245,2.79,2.8,2.82,2.79,1166900.0,3274120.0,2020,4,24,14,30,2020-04-24 14:30
246,2.8,2.81,2.82,2.8,1207200.0,3388656.0,2020,4,24,14,45,2020-04-24 14:45
247,2.81,2.81,2.81,2.8,1585300.0,4447792.0,2020,4,24,15,0,2020-04-24 15:00
248,2.79,2.76,2.81,2.75,3564900.0,9903557.0,2020,4,27,9,45,2020-04-27 09:45
249,2.76,2.81,2.82,2.76,1838500.0,5138730.0,2020,4,27,10,0,2020-04-27 10:00
250,2.8,2.79,2.81,2.79,1372300.0,3839447.0,2020,4,27,10,15,2020-04-27 10:15
251,2.79,2.78,2.8,2.78,1308900.0,3650410.0,2020,4,27,10,30,2020-04-27 10:30
252,2.79,2.79,2.8,2.78,1400500.0,3909306.0,2020,4,27,10,45,2020-04-27 10:45
253,2.79,2.78,2.8,2.78,464500.0,1296230.0,2020,4,27,11,0,2020-04-27 11:00
254,2.78,2.79,2.8,2.78,571900.0,1595508.0,2020,4,27,11,15,2020-04-27 11:15
255,2.79,2.79,2.8,2.78,369900.0,1032696.0,2020,4,27,11,30,2020-04-27 11:30
256,2.79,2.79,2.8,2.79,887300.0,2481756.0,2020,4,27,13,15,2020-04-27 13:15
257,2.79,2.8,2.8,2.78,623400.0,1739408.0,2020,4,27,13,30,2020-04-27 13:30
258,2.79,2.79,2.8,2.79,215800.0,602468.0,2020,4,27,13,45,2020-04-27 13:45
259,2.79,2.79,2.8,2.79,302300.0,844332.0,2020,4,27,14,0,2020-04-27 14:00
260,2.79,2.78,2.8,2.78,599900.0,1671528.0,2020,4,27,14,15,2020-04-27 14:15
261,2.78,2.76,2.79,2.76,1751500.0,4859084.0,2020,4,27,14,30,2020-04-27 14:30
262,2.76,2.76,2.77,2.76,1534700.0,4244196.0,2020,4,27,14,45,2020-04-27 14:45
263,2.76,2.76,2.77,2.75,2178000.0,6010580.0,2020,4,27,15,0,2020-04-27 15:00
264,2.76,2.7,2.76,2.69,4126400.0,11248588.0,2020,4,28,9,45,2020-04-28 09:45
265,2.69,2.6,2.69,2.58,8579300.0,22614588.0,2020,4,28,10,0,2020-04-28 10:00
266,2.59,2.64,2.65,2.58,3883700.0,10196824.0,2020,4,28,10,15,2020-04-28 10:15
267,2.64,2.65,2.67,2.63,1786900.0,4739616.0,2020,4,28,10,30,2020-04-28 10:30
268,2.64,2.69,2.7,2.64,1459600.0,3913968.0,2020,4,28,10,45,2020-04-28 10:45
269,2.7,2.68,2.7,2.67,829700.0,2228000.0,2020,4,28,11,0,2020-04-28 11:00
270,2.69,2.68,2.7,2.68,909100.0,2444288.0,2020,4,28,11,15,2020-04-28 11:15
271,2.69,2.71,2.72,2.68,668700.0,1806112.0,2020,4,28,11,30,2020-04-28 11:30
272,2.71,2.69,2.72,2.69,691600.0,1866736.0,2020,4,28,13,15,2020-04-28 13:15
273,2.69,2.69,2.7,2.69,545200.0,1468944.0,2020,4,28,13,30,2020-04-28 13:30
274,2.69,2.69,2.7,2.68,597400.0,1606508.0,2020,4,28,13,45,2020-04-28 13:45
275,2.69,2.69,2.7,2.69,219200.0,590376.0,2020,4,28,14,0,2020-04-28 14:00
276,2.69,2.69,2.7,2.69,599500.0,1613332.0,2020,4,28,14,15,2020-04-28 14:15
277,2.7,2.69,2.7,2.68,804100.0,2163808.0,2020,4,28,14,30,2020-04-28 14:30
278,2.69,2.68,2.69,2.67,1339000.0,3590904.0,2020,4,28,14,45,2020-04-28 14:45
279,2.68,2.68,2.7,2.68,1110900.0,2983992.0,2020,4,28,15,0,2020-04-28 15:00
280,2.67,2.71,2.72,2.66,4002000.0,10760123.0,2020,4,29,9,45,2020-04-29 09:45
281,2.7,2.71,2.72,2.69,1984500.0,5372459.0,2020,4,29,10,0,2020-04-29 10:00
282,2.71,2.7,2.71,2.69,1553300.0,4196646.0,2020,4,29,10,15,2020-04-29 10:15
283,2.7,2.7,2.71,2.69,780600.0,2109468.0,2020,4,29,10,30,2020-04-29 10:30
284,2.7,2.69,2.71,2.69,927000.0,2505414.0,2020,4,29,10,45,2020-04-29 10:45
285,2.7,2.7,2.71,2.69,733400.0,1977510.0,2020,4,29,11,0,2020-04-29 11:00
286,2.7,2.7,2.71,2.7,661200.0,1789416.0,2020,4,29,11,15,2020-04-29 11:15
287,2.7,2.69,2.71,2.69,513700.0,1385730.0,2020,4,29,11,30,2020-04-29 11:30
288,2.7,2.69,2.7,2.69,394700.0,1064806.0,2020,4,29,13,15,2020-04-29 13:15
289,2.69,2.68,2.7,2.68,888600.0,2392932.0,2020,4,29,13,30,2020-04-29 13:30
290,2.68,2.69,2.7,2.68,656400.0,1764056.0,2020,4,29,13,45,2020-04-29 13:45
291,2.69,2.7,2.7,2.68,462700.0,1245720.0,2020,4,29,14,0,2020-04-29 14:00
292,2.69,2.69,2.7,2.68,727300.0,1953344.0,2020,4,29,14,15,2020-04-29 14:15
293,2.68,2.69,2.69,2.68,594300.0,1594184.0,2020,4,29,14,30,2020-04-29 14:30
294,2.68,2.69,2.69,2.68,979600.0,2631936.0,2020,4,29,14,45,2020-04-29 14:45
295,2.69,2.7,2.7,2.68,2747700.0,7399024.0,2020,4,29,15,0,2020-04-29 15:00
296,2.8,2.81,2.83,2.77,8633900.0,24205552.0,2020,4,30,9,45,2020-04-30 09:45
297,2.82,2.82,2.82,2.8,3597900.0,10123728.0,2020,4,30,10,0,2020-04-30 10:00
298,2.82,2.81,2.82,2.8,2735100.0,7703124.0,2020,4,30,10,15,2020-04-30 10:15
299,2.82,2.83,2.83,2.81,1783500.0,5029884.0,2020,4,30,10,30,2020-04-30 10:30
300,2.83,2.81,2.83,2.81,1507500.0,4252584.0,2020,4,30,10,45,2020-04-30 10:45
301,2.81,2.82,2.83,2.81,1893300.0,5348124.0,2020,4,30,11,0,2020-04-30 11:00
302,2.82,2.89,2.89,2.82,5264400.0,15052132.0,2020,4,30,11,15,2020-04-30 11:15
303,2.89,2.9,2.91,2.89,4765800.0,13802320.0,2020,4,30,11,30,2020-04-30 11:30
304,2.89,2.9,2.94,2.89,4336400.0,12642864.0,2020,4,30,13,15,2020-04-30 13:15
305,2.9,2.9,2.91,2.89,1267700.0,3675304.0,2020,4,30,13,30,2020-04-30 13:30
306,2.9,2.89,2.9,2.89,1202000.0,3476968.0,2020,4,30,13,45,2020-04-30 13:45
307,2.9,2.89,2.9,2.88,1550800.0,4473864.0,2020,4,30,14,0,2020-04-30 14:00
308,2.89,2.89,2.89,2.87,1648200.0,4748040.0,2020,4,30,14,15,2020-04-30 14:15
309,2.89,2.88,2.9,2.88,1136600.0,3283552.0,2020,4,30,14,30,2020-04-30 14:30
310,2.88,2.87,2.89,2.87,1211700.0,3491576.0,2020,4,30,14,45,2020-04-30 14:45
311,2.88,2.88,2.88,2.87,3375100.0,9702096.0,2020,4,30,15,0,2020-04-30 15:00
312,2.83,2.92,2.93,2.81,9754400.0,28156364.0,2020,5,6,9,45,2020-05-06 09:45
313,2.92,2.97,2.98,2.92,9805700.0,29012100.0,2020,5,6,10,0,2020-05-06 10:00
314,2.96,3.01,3.02,2.96,7112200.0,21269408.0,2020,5,6,10,15,2020-05-06 10:15
315,3.01,2.99,3.02,2.98,4496600.0,13484848.0,2020,5,6,10,30,2020-05-06 10:30
316,2.98,2.99,3.0,2.98,2660000.0,7952224.0,2020,5,6,10,45,2020-05-06 10:45
317,2.98,3.05,3.05,2.98,9689000.0,29191224.0,2020,5,6,11,0,2020-05-06 11:00
318,3.05,3.06,3.08,3.04,6095900.0,18642616.0,2020,5,6,11,15,2020-05-06 11:15
319,3.05,3.04,3.06,3.03,2284000.0,6951024.0,2020,5,6,11,30,2020-05-06 11:30
320,3.04,3.04,3.06,3.04,2729700.0,8319120.0,2020,5,6,13,15,2020-05-06 13:15
321,3.05,3.05,3.06,3.04,2334900.0,7122112.0,2020,5,6,13,30,2020-05-06 13:30
322,3.05,3.14,3.14,3.04,7855200.0,24221008.0,2020,5,6,13,45,2020-05-06 13:45
323,3.15,3.15,3.17,3.12,11552600.0,36395744.0,2020,5,6,14,0,2020-05-06 14:00
324,3.15,3.17,3.17,3.13,8384100.0,26425856.0,2020,5,6,14,15,2020-05-06 14:15
325,3.17,3.17,3.17,3.16,10298500.0,32637440.0,2020,5,6,14,30,2020-05-06 14:30
326,3.17,3.17,3.17,3.17,749200.0,2374944.0,2020,5,6,14,45,2020-05-06 14:45
327,3.17,3.17,3.17,3.17,931000.0,2951296.0,2020,5,6,15,0,2020-05-06 15:00
328,3.3,3.31,3.34,3.22,50158800.0,164285248.0,2020,5,7,9,45,2020-05-07 09:45
329,3.3,3.28,3.32,3.26,14786900.0,48620208.0,2020,5,7,10,0,2020-05-07 10:00
330,3.27,3.23,3.28,3.22,10113000.0,32828944.0,2020,5,7,10,15,2020-05-07 10:15
331,3.22,3.23,3.24,3.18,11521800.0,36951488.0,2020,5,7,10,30,2020-05-07 10:30
332,3.23,3.24,3.25,3.22,4864100.0,15712864.0,2020,5,7,10,45,2020-05-07 10:45
333,3.23,3.23,3.24,3.22,3969500.0,12836928.0,2020,5,7,11,0,2020-05-07 11:00
334,3.23,3.22,3.24,3.2,3375800.0,10863616.0,2020,5,7,11,15,2020-05-07 11:15
335,3.22,3.23,3.24,3.21,3650100.0,11779040.0,2020,5,7,11,30,2020-05-07 11:30
336,3.22,3.18,3.23,3.16,9123300.0,29053728.0,2020,5,7,13,15,2020-05-07 13:15
337,3.18,3.15,3.18,3.1,7178200.0,22616960.0,2020,5,7,13,30,2020-05-07 13:30
338,3.14,3.17,3.17,3.14,4034600.0,12718656.0,2020,5,7,13,45,2020-05-07 13:45
339,3.16,3.22,3.23,3.15,5525700.0,17620416.0,2020,5,7,14,0,2020-05-07 14:00
340,3.21,3.18,3.22,3.18,3554500.0,11351104.0,2020,5,7,14,15,2020-05-07 14:15
341,3.19,3.16,3.19,3.16,3441700.0,10917664.0,2020,5,7,14,30,2020-05-07 14:30
342,3.16,3.16,3.18,3.15,5786300.0,18298336.0,2020,5,7,14,45,2020-05-07 14:45
343,3.16,3.17,3.17,3.15,7757900.0,24551264.0,2020,5,7,15,0,2020-05-07 15:00
344,3.2,3.14,3.21,3.12,18316400.0,57984752.0,2020,5,8,9,45,2020-05-08 09:45
345,3.14,3.17,3.2,3.14,10305300.0,32707528.0,2020,5,8,10,0,2020-05-08 10:00
346,3.16,3.16,3.17,3.15,4405600.0,13928056.0,2020,5,8,10,15,2020-05-08 10:15
347,3.16,3.15,3.17,3.15,2825300.0,8923568.0,2020,5,8,10,30,2020-05-08 10:30
348,3.15,3.13,3.16,3.13,5315200.0,16679752.0,2020,5,8,10,45,2020-05-08 10:45
349,3.13,3.14,3.15,3.13,3302700.0,10356728.0,2020,5,8,11,0,2020-05-08 11:00
350,3.14,3.15,3.16,3.14,2285900.0,7195872.0,2020,5,8,11,15,2020-05-08 11:15
351,3.16,3.15,3.16,3.14,2632800.0,8307104.0,2020,5,8,11,30,2020-05-08 11:30
352,3.16,3.17,3.18,3.15,3057800.0,9678656.0,2020,5,8,13,15,2020-05-08 13:15
353,3.16,3.17,3.18,3.16,2712500.0,8594448.0,2020,5,8,13,30,2020-05-08 13:30
354,3.16,3.15,3.17,3.15,3511300.0,11080240.0,2020,5,8,13,45,2020-05-08 13:45
355,3.16,3.15,3.16,3.14,3923400.0,12340960.0,2020,5,8,14,0,2020-05-08 14:00
356,3.14,3.15,3.15,3.14,2015700.0,6343296.0,2020,5,8,14,15,2020-05-08 14:15
357,3.14,3.14,3.15,3.14,2412600.0,7585520.0,2020,5,8,14,30,2020-05-08 14:30
358,3.14,3.14,3.15,3.13,3406900.0,10682848.0,2020,5,8,14,45,2020-05-08 14:45
359,3.13,3.14,3.14,3.13,5670100.0,17774640.0,2020,5,8,15,0,2020-05-08 15:00
360,3.16,3.15,3.18,3.12,8744300.0,27529372.0,2020,5,11,9,45,2020-05-11 09:45
361,3.14,3.14,3.15,3.13,4310700.0,13556052.0,2020,5,11,10,0,2020-05-11 10:00
362,3.14,3.13,3.15,3.13,2850600.0,8950632.0,2020,5,11,10,15,2020-05-11 10:15
363,3.13,3.13,3.15,3.13,2683300.0,8420400.0,2020,5,11,10,30,2020-05-11 10:30
364,3.13,3.13,3.14,3.13,2291700.0,7181544.0,2020,5,11,10,45,2020-05-11 10:45
365,3.13,3.13,3.14,3.13,1179900.0,3697408.0,2020,5,11,11,0,2020-05-11 11:00
366,3.13,3.15,3.15,3.13,1897800.0,5953344.0,2020,5,11,11,15,2020-05-11 11:15
367,3.15,3.13,3.15,3.13,1543500.0,4846296.0,2020,5,11,11,30,2020-05-11 11:30
368,3.14,3.1,3.14,3.1,5050500.0,15743264.0,2020,5,11,13,15,2020-05-11 13:15
369,3.1,3.2,3.21,3.1,12560100.0,39842984.0,2020,5,11,13,30,2020-05-11 13:30
370,3.2,3.21,3.21,3.17,8225200.0,26214736.0,2020,5,11,13,45,2020-05-11 13:45
371,3.21,3.18,3.21,3.17,4710800.0,15026144.0,2020,5,11,14,0,2020-05-11 14:00
372,3.18,3.15,3.18,3.14,3370100.0,10650768.0,2020,5,11,14,15,2020-05-11 14:15
373,3.15,3.16,3.17,3.14,2429500.0,7656288.0,2020,5,11,14,30,2020-05-11 14:30
374,3.16,3.16,3.17,3.15,2694000.0,8510896.0,2020,5,11,14,45,2020-05-11 14:45
375,3.15,3.16,3.17,3.14,5966800.0,18804112.0,2020,5,11,15,0,2020-05-11 15:00
376,3.15,3.14,3.19,3.13,5990300.0,18924122.0,2020,5,12,9,45,2020-05-12 09:45
377,3.14,3.14,3.15,3.12,4154900.0,13011952.0,2020,5,12,10,0,2020-05-12 10:00
378,3.15,3.13,3.15,3.12,3402700.0,10660974.0,2020,5,12,10,15,2020-05-12 10:15
379,3.14,3.13,3.15,3.13,1662200.0,5211296.0,2020,5,12,10,30,2020-05-12 10:30
380,3.13,3.13,3.14,3.11,3596400.0,11225784.0,2020,5,12,10,45,2020-05-12 10:45
381,3.12,3.12,3.13,3.11,1306300.0,4068960.0,2020,5,12,11,0,2020-05-12 11:00
382,3.11,3.09,3.12,3.09,5305900.0,16453600.0,2020,5,12,11,15,2020-05-12 11:15
383,3.09,3.09,3.1,3.08,2551900.0,7868536.0,2020,5,12,11,30,2020-05-12 11:30
384,3.07,3.09,3.1,3.07,2906100.0,8946296.0,2020,5,12,13,15,2020-05-12 13:15
385,3.09,3.1,3.11,3.09,1171400.0,3632032.0,2020,5,12,13,30,2020-05-12 13:30
386,3.11,3.12,3.12,3.11,1430600.0,4450888.0,2020,5,12,13,45,2020-05-12 13:45
387,3.12,3.11,3.12,3.1,1564100.0,4860592.0,2020,5,12,14,0,2020-05-12 14:00
388,3.11,3.11,3.12,3.1,1304500.0,4050536.0,2020,5,12,14,15,2020-05-12 14:15
389,3.1,3.11,3.12,3.1,1726900.0,5369904.0,2020,5,12,14,30,2020-05-12 14:30
390,3.11,3.15,3.17,3.1,6158700.0,19323696.0,2020,5,12,14,45,2020-05-12 14:45
391,3.15,3.13,3.15,3.13,3984900.0,12519968.0,2020,5,12,15,0,2020-05-12 15:00
392,3.11,3.1,3.12,3.08,5274200.0,16365835.0,2020,5,13,9,45,2020-05-13 09:45
393,3.1,3.09,3.11,3.09,3873000.0,11995165.0,2020,5,13,10,0,2020-05-13 10:00
394,3.09,3.1,3.11,3.08,2525500.0,7812816.0,2020,5,13,10,15,2020-05-13 10:15
395,3.1,3.08,3.1,3.08,1995900.0,6167824.0,2020,5,13,10,30,2020-05-13 10:30
396,3.08,3.1,3.1,3.08,2474700.0,7639260.0,2020,5,13,10,45,2020-05-13 10:45
397,3.09,3.09,3.1,3.08,1804500.0,5574428.0,2020,5,13,11,0,2020-05-13 11:00
398,3.08,3.09,3.11,3.08,2009100.0,6211960.0,2020,5,13,11,15,2020-05-13 11:15
399,3.09,3.1,3.11,3.09,913900.0,2833900.0,2020,5,13,11,30,2020-05-13 11:30
400,3.1,3.12,3.13,3.1,2512100.0,7837916.0,2020,5,13,13,15,2020-05-13 13:15
401,3.12,3.1,3.12,3.1,1737500.0,5409848.0,2020,5,13,13,30,2020-05-13 13:30
402,3.11,3.1,3.12,3.1,1248000.0,3881480.0,2020,5,13,13,45,2020-05-13 13:45
403,3.1,3.11,3.12,3.1,1646700.0,5114152.0,2020,5,13,14,0,2020-05-13 14:00
404,3.12,3.13,3.14,3.11,2092100.0,6541192.0,2020,5,13,14,15,2020-05-13 14:15
405,3.14,3.11,3.14,3.11,1880100.0,5879296.0,2020,5,13,14,30,2020-05-13 14:30
406,3.11,3.11,3.13,3.1,1918400.0,5975328.0,2020,5,13,14,45,2020-05-13 14:45
407,3.11,3.11,3.11,3.09,3681600.0,11426184.0,2020,5,13,15,0,2020-05-13 15:00
408,3.1,3.08,3.1,3.07,3661700.0,11284330.0,2020,5,14,9,45,2020-05-14 09:45
409,3.08,3.11,3.12,3.08,3704400.0,11477282.0,2020,5,14,10,0,2020-05-14 10:00
410,3.11,3.16,3.18,3.11,13297000.0,42028152.0,2020,5,14,10,15,2020-05-14 10:15
411,3.16,3.18,3.22,3.16,12709100.0,40645260.0,2020,5,14,10,30,2020-05-14 10:30
412,3.19,3.18,3.19,3.17,3167600.0,10076592.0,2020,5,14,10,45,2020-05-14 10:45
413,3.18,3.17,3.19,3.16,2514400.0,7985504.0,2020,5,14,11,0,2020-05-14 11:00
414,3.17,3.17,3.18,3.16,1636800.0,5194272.0,2020,5,14,11,15,2020-05-14 11:15
415,3.17,3.18,3.18,3.16,1233000.0,3913720.0,2020,5,14,11,30,2020-05-14 11:30
416,3.17,3.15,3.18,3.15,2164300.0,6850552.0,2020,5,14,13,15,2020-05-14 13:15
417,3.15,3.15,3.17,3.15,1614500.0,5094832.0,2020,5,14,13,30,2020-05-14 13:30
418,3.15,3.15,3.16,3.14,1706500.0,5373168.0,2020,5,14,13,45,2020-05-14 13:45
419,3.15,3.14,3.15,3.13,1427200.0,4485360.0,2020,5,14,14,0,2020-05-14 14:00
420,3.14,3.13,3.15,3.11,2420000.0,7565680.0,2020,5,14,14,15,2020-05-14 14:15
421,3.12,3.14,3.15,3.12,1929000.0,6042672.0,2020,5,14,14,30,2020-05-14 14:30
422,3.14,3.12,3.14,3.12,1666000.0,5216880.0,2020,5,14,14,45,2020-05-14 14:45
423,3.12,3.13,3.13,3.11,3594400.0,11214864.0,2020,5,14,15,0,2020-05-14 15:00
424,3.13,3.11,3.15,3.11,5195400.0,16264706.0,2020,5,15,9,45,2020-05-15 09:45
425,3.11,3.12,3.12,3.09,4122200.0,12806238.0,2020,5,15,10,0,2020-05-15 10:00
426,3.12,3.12,3.12,3.1,1815400.0,5651784.0,2020,5,15,10,15,2020-05-15 10:15
427,3.12,3.12,3.12,3.09,1801300.0,5593272.0,2020,5,15,10,30,2020-05-15 10:30
428,3.12,3.12,3.13,3.11,1211700.0,3783080.0,2020,5,15,10,45,2020-05-15 10:45
429,3.13,3.13,3.14,3.12,1267500.0,3965052.0,2020,5,15,11,0,2020-05-15 11:00
430,3.13,3.13,3.14,3.13,686800.0,2154904.0,2020,5,15,11,15,2020-05-15 11:15
431,3.14,3.17,3.17,3.13,4624000.0,14612752.0,2020,5,15,11,30,2020-05-15 11:30
432,3.18,3.16,3.18,3.16,3941600.0,12503460.0,2020,5,15,13,15,2020-05-15 13:15
433,3.16,3.15,3.17,3.15,1652900.0,5212728.0,2020,5,15,13,30,2020-05-15 13:30
434,3.15,3.15,3.16,3.14,1382300.0,4351136.0,2020,5,15,13,45,2020-05-15 13:45
435,3.14,3.14,3.16,3.14,1561400.0,4915728.0,2020,5,15,14,0,2020-05-15 14:00
436,3.15,3.13,3.15,3.13,1683500.0,5288832.0,2020,5,15,14,15,2020-05-15 14:15
437,3.13,3.13,3.14,3.12,1954200.0,6121928.0,2020,5,15,14,30,2020-05-15 14:30
438,3.13,3.12,3.14,3.12,2436300.0,7607640.0,2020,5,15,14,45,2020-05-15 14:45
439,3.11,3.14,3.14,3.11,4178900.0,13053224.0,2020,5,15,15,0,2020-05-15 15:00
440,3.13,3.1,3.13,3.09,7855100.0,24397236.0,2020,5,18,9,45,2020-05-18 09:45
441,3.1,3.1,3.11,3.07,6991900.0,21556428.0,2020,5,18,10,0,2020-05-18 10:00
442,3.1,3.09,3.11,3.09,1685100.0,5223484.0,2020,5,18,10,15,2020-05-18 10:15
443,3.1,3.12,3.12,3.09,1517100.0,4709668.0,2020,5,18,10,30,2020-05-18 10:30
444,3.11,3.1,3.12,3.1,1438200.0,4475712.0,2020,5,18,10,45,2020-05-18 10:45
445,3.1,3.11,3.11,3.1,1430200.0,4440548.0,2020,5,18,11,0,2020-05-18 11:00
446,3.11,3.12,3.12,3.1,977100.0,3036564.0,2020,5,18,11,15,2020-05-18 11:15
447,3.11,3.12,3.12,3.1,813700.0,2531184.0,2020,5,18,11,30,2020-05-18 11:30
448,3.12,3.1,3.12,3.1,893400.0,2779080.0,2020,5,18,13,15,2020-05-18 13:15
449,3.11,3.11,3.12,3.1,994200.0,3093960.0,2020,5,18,13,30,2020-05-18 13:30
450,3.12,3.12,3.12,3.1,1343500.0,4179320.0,2020,5,18,13,45,2020-05-18 13:45
451,3.12,3.1,3.12,3.1,739600.0,2299016.0,2020,5,18,14,0,2020-05-18 14:00
452,3.11,3.09,3.11,3.08,2747500.0,8502368.0,2020,5,18,14,15,2020-05-18 14:15
453,3.1,3.09,3.1,3.08,1924100.0,5929912.0,2020,5,18,14,30,2020-05-18 14:30
454,3.09,3.06,3.09,3.05,5314400.0,16296744.0,2020,5,18,14,45,2020-05-18 14:45
455,3.07,3.06,3.07,3.05,3808500.0,11665744.0,2020,5,18,15,0,2020-05-18 15:00
456,3.08,3.11,3.12,3.06,8657700.0,26822784.0,2020,5,19,9,45,2020-05-19 09:45
457,3.11,3.16,3.16,3.1,10289400.0,32294200.0,2020,5,19,10,0,2020-05-19 10:00
458,3.16,3.17,3.19,3.15,10851700.0,34402040.0,2020,5,19,10,15,2020-05-19 10:15
459,3.17,3.2,3.21,3.15,8627300.0,27471848.0,2020,5,19,10,30,2020-05-19 10:30
460,3.2,3.18,3.21,3.17,3496000.0,11150536.0,2020,5,19,10,45,2020-05-19 10:45
461,3.19,3.18,3.19,3.17,1609300.0,5114336.0,2020,5,19,11,0,2020-05-19 11:00
462,3.17,3.17,3.18,3.16,1720000.0,5452592.0,2020,5,19,11,15,2020-05-19 11:15
463,3.16,3.21,3.22,3.16,8550000.0,27323024.0,2020,5,19,11,30,2020-05-19 11:30
464,3.22,3.35,3.35,3.21,14311900.0,46724768.0,2020,5,19,13,15,2020-05-19 13:15
465,3.35,3.3,3.35,3.29,13329500.0,44225968.0,2020,5,19,13,30,2020-05-19 13:30
466,3.29,3.28,3.3,3.26,5723100.0,18790736.0,2020,5,19,13,45,2020-05-19 13:45
467,3.28,3.29,3.3,3.28,3999100.0,13148096.0,2020,5,19,14,0,2020-05-19 14:00
468,3.29,3.3,3.34,3.29,7641800.0,25342976.0,2020,5,19,14,15,2020-05-19 14:15
469,3.31,3.29,3.31,3.28,3183600.0,10502112.0,2020,5,19,14,30,2020-05-19 14:30
470,3.28,3.3,3.35,3.26,10290300.0,34108512.0,2020,5,19,14,45,2020-05-19 14:45
471,3.29,3.29,3.3,3.27,7922800.0,26030944.0,2020,5,19,15,0,2020-05-19 15:00
472,3.29,3.27,3.31,3.23,14180800.0,46430048.0,2020,5,20,9,45,2020-05-20 09:45
473,3.27,3.24,3.28,3.23,8567600.0,27841608.0,2020,5,20,10,0,2020-05-20 10:00
474,3.25,3.23,3.26,3.23,5030600.0,16324400.0,2020,5,20,10,15,2020-05-20 10:15
475,3.23,3.27,3.27,3.23,3290200.0,10707624.0,2020,5,20,10,30,2020-05-20 10:30
476,3.27,3.29,3.31,3.26,6876000.0,22656424.0,2020,5,20,10,45,2020-05-20 10:45
477,3.29,3.28,3.3,3.26,5966700.0,19535752.0,2020,5,20,11,0,2020-05-20 11:00
478,3.28,3.25,3.28,3.25,2776400.0,9039616.0,2020,5,20,11,15,2020-05-20 11:15
479,3.25,3.26,3.27,3.23,2321700.0,7545472.0,2020,5,20,11,30,2020-05-20 11:30
480,3.26,3.24,3.26,3.22,4413200.0,14271344.0,2020,5,20,13,15,2020-05-20 13:15
481,3.24,3.23,3.25,3.22,3574100.0,11535424.0,2020,5,20,13,30,2020-05-20 13:30
482,3.23,3.24,3.25,3.22,1752100.0,5666384.0,2020,5,20,13,45,2020-05-20 13:45
483,3.24,3.21,3.24,3.21,3082800.0,9926688.0,2020,5,20,14,0,2020-05-20 14:00
484,3.22,3.21,3.23,3.2,2614100.0,8412416.0,2020,5,20,14,15,2020-05-20 14:15
485,3.21,3.22,3.23,3.2,2223100.0,7136448.0,2020,5,20,14,30,2020-05-20 14:30
486,3.22,3.2,3.23,3.19,4424800.0,14174912.0,2020,5,20,14,45,2020-05-20 14:45
487,3.21,3.22,3.22,3.2,3372000.0,10828288.0,2020,5,20,15,0,2020-05-20 15:00
488,3.24,3.19,3.24,3.18,5397700.0,17307194.0,2020,5,21,9,45,2020-05-21 09:45
489,3.19,3.19,3.22,3.18,3635700.0,11626044.0,2020,5,21,10,0,2020-05-21 10:00
490,3.19,3.19,3.2,3.18,2302800.0,7349490.0,2020,5,21,10,15,2020-05-21 10:15
491,3.2,3.17,3.2,3.17,4295900.0,13664376.0,2020,5,21,10,30,2020-05-21 10:30
492,3.17,3.19,3.2,3.17,1884400.0,5995520.0,2020,5,21,10,45,2020-05-21 10:45
493,3.19,3.19,3.2,3.19,663700.0,2118992.0,2020,5,21,11,0,2020-05-21 11:00
494,3.19,3.17,3.2,3.17,1173300.0,3730280.0,2020,5,21,11,15,2020-05-21 11:15
495,3.17,3.17,3.19,3.16,2895600.0,9184496.0,2020,5,21,11,30,2020-05-21 11:30
496,3.17,3.15,3.18,3.15,1979900.0,6264424.0,2020,5,21,13,15,2020-05-21 13:15
497,3.16,3.14,3.16,3.14,2989500.0,9403464.0,2020,5,21,13,30,2020-05-21 13:30
498,3.14,3.13,3.15,3.12,4106300.0,12871128.0,2020,5,21,13,45,2020-05-21 13:45
499,3.13,3.15,3.15,3.13,1357000.0,4259824.0,2020,5,21,14,0,2020-05-21 14:00
500,3.14,3.14,3.15,3.12,1627600.0,5101632.0,2020,5,21,14,15,2020-05-21 14:15
501,3.13,3.13,3.14,3.11,2550500.0,7973192.0,2020,5,21,14,30,2020-05-21 14:30
502,3.12,3.11,3.13,3.1,2810300.0,8755040.0,2020,5,21,14,45,2020-05-21 14:45
503,3.12,3.13,3.14,3.11,2349600.0,7338056.0,2020,5,21,15,0,2020-05-21 15:00
504,3.13,3.14,3.18,3.12,8605000.0,27105292.0,2020,5,22,9,45,2020-05-22 09:45
505,3.14,3.17,3.17,3.13,2572700.0,8088308.0,2020,5,22,10,0,2020-05-22 10:00
506,3.17,3.15,3.17,3.14,2076900.0,6543072.0,2020,5,22,10,15,2020-05-22 10:15
507,3.15,3.12,3.15,3.11,2790800.0,8724168.0,2020,5,22,10,30,2020-05-22 10:30
508,3.11,3.12,3.13,3.1,1990800.0,6199048.0,2020,5,22,10,45,2020-05-22 10:45
509,3.12,3.11,3.13,3.11,678900.0,2116388.0,2020,5,22,11,0,2020-05-22 11:00
510,3.12,3.12,3.13,3.11,899200.0,2808624.0,2020,5,22,11,15,2020-05-22 11:15
511,3.12,3.12,3.14,3.11,839900.0,2619936.0,2020,5,22,11,30,2020-05-22 11:30
512,3.12,3.1,3.12,3.09,3092200.0,9593596.0,2020,5,22,13,15,2020-05-22 13:15
513,3.09,3.1,3.11,3.08,3277900.0,10131184.0,2020,5,22,13,30,2020-05-22 13:30
514,3.11,3.12,3.12,3.1,1572000.0,4890656.0,2020,5,22,13,45,2020-05-22 13:45
515,3.12,3.14,3.16,3.11,3171400.0,9959152.0,2020,5,22,14,0,2020-05-22 14:00
516,3.13,3.14,3.15,3.13,1919500.0,6030432.0,2020,5,22,14,15,2020-05-22 14:15
517,3.14,3.14,3.17,3.14,3281700.0,10355720.0,2020,5,22,14,30,2020-05-22 14:30
518,3.15,3.13,3.16,3.13,3293800.0,10364792.0,2020,5,22,14,45,2020-05-22 14:45
519,3.13,3.15,3.16,3.13,4636700.0,14588624.0,2020,5,22,15,0,2020-05-22 15:00
520,3.13,3.11,3.13,3.08,8384300.0,26047064.0,2020,5,25,9,45,2020-05-25 09:45
521,3.12,3.09,3.12,3.09,3693800.0,11463872.0,2020,5,25,10,0,2020-05-25 10:00
522,3.09,3.06,3.11,3.05,9470800.0,29094804.0,2020,5,25,10,15,2020-05-25 10:15
523,3.06,3.07,3.07,3.05,2431000.0,7443244.0,2020,5,25,10,30,2020-05-25 10:30
524,3.07,3.05,3.07,3.03,3462900.0,10559720.0,2020,5,25,10,45,2020-05-25 10:45
525,3.04,3.06,3.06,3.04,1522900.0,4642704.0,2020,5,25,11,0,2020-05-25 11:00
526,3.06,3.05,3.06,3.05,1133600.0,3462800.0,2020,5,25,11,15,2020-05-25 11:15
527,3.06,3.04,3.06,3.04,1730000.0,5269552.0,2020,5,25,11,30,2020-05-25 11:30
528,3.04,3.05,3.05,3.03,2118000.0,6441912.0,2020,5,25,13,15,2020-05-25 13:15
529,3.05,3.05,3.07,3.04,1148100.0,3511456.0,2020,5,25,13,30,2020-05-25 13:30
530,3.05,3.04,3.06,3.03,1034500.0,3148472.0,2020,5,25,13,45,2020-05-25 13:45
531,3.04,3.04,3.04,3.03,1130400.0,3431648.0,2020,5,25,14,0,2020-05-25 14:00
532,3.04,3.03,3.05,3.03,1891900.0,5752632.0,2020,5,25,14,15,2020-05-25 14:15
533,3.04,3.05,3.05,3.03,1282600.0,3891784.0,2020,5,25,14,30,2020-05-25 14:30
534,3.04,3.05,3.06,3.03,2747800.0,8366816.0,2020,5,25,14,45,2020-05-25 14:45
535,3.05,3.04,3.05,3.02,3668300.0,11131296.0,2020,5,25,15,0,2020-05-25 15:00
536,3.04,3.08,3.08,3.03,4850500.0,14796908.0,2020,5,26,9,45,2020-05-26 09:45
537,3.08,3.05,3.08,3.05,3239800.0,9913766.0,2020,5,26,10,0,2020-05-26 10:00
538,3.05,3.03,3.06,3.03,3471200.0,10543234.0,2020,5,26,10,15,2020-05-26 10:15
539,3.04,3.05,3.05,3.03,2186400.0,6654096.0,2020,5,26,10,30,2020-05-26 10:30
540,3.05,3.05,3.06,3.04,1424500.0,4343964.0,2020,5,26,10,45,2020-05-26 10:45
541,3.06,3.04,3.06,3.03,2153800.0,6556036.0,2020,5,26,11,0,2020-05-26 11:00
542,3.04,3.04,3.05,3.02,2133100.0,6474164.0,2020,5,26,11,15,2020-05-26 11:15
543,3.04,3.04,3.05,3.03,645200.0,1962120.0,2020,5,26,11,30,2020-05-26 11:30
544,3.05,3.05,3.06,3.04,2445900.0,7460848.0,2020,5,26,13,15,2020-05-26 13:15
545,3.05,3.07,3.07,3.05,1713200.0,5243392.0,2020,5,26,13,30,2020-05-26 13:30
546,3.07,3.06,3.08,3.06,2395000.0,7357448.0,2020,5,26,13,45,2020-05-26 13:45
547,3.07,3.06,3.07,3.05,1201700.0,3677240.0,2020,5,26,14,0,2020-05-26 14:00
548,3.06,3.05,3.07,3.03,2738300.0,8345376.0,2020,5,26,14,15,2020-05-26 14:15
549,3.05,3.06,3.06,3.04,1110400.0,3387960.0,2020,5,26,14,30,2020-05-26 14:30
550,3.06,3.06,3.07,3.05,1468700.0,4495040.0,2020,5,26,14,45,2020-05-26 14:45
551,3.07,3.07,3.07,3.05,2686500.0,8227520.0,2020,5,26,15,0,2020-05-26 15:00
552,3.07,3.05,3.08,3.03,3391900.0,10339239.0,2020,5,27,9,45,2020-05-27 09:45
553,3.04,3.03,3.05,3.03,2361700.0,7184849.0,2020,5,27,10,0,2020-05-27 10:00
554,3.03,2.99,3.04,2.98,7628000.0,22958100.0,2020,5,27,10,15,2020-05-27 10:15
555,2.99,2.98,3.0,2.96,5151000.0,15347284.0,2020,5,27,10,30,2020-05-27 10:30
556,2.98,2.98,2.98,2.96,2980600.0,8854824.0,2020,5,27,10,45,2020-05-27 10:45
557,2.99,2.99,2.99,2.98,904600.0,2697472.0,2020,5,27,11,0,2020-05-27 11:00
558,2.98,2.98,2.99,2.97,1401300.0,4176320.0,2020,5,27,11,15,2020-05-27 11:15
559,2.97,2.99,2.99,2.97,1270500.0,3782392.0,2020,5,27,11,30,2020-05-27 11:30
560,2.99,2.98,2.99,2.97,1593800.0,4746528.0,2020,5,27,13,15,2020-05-27 13:15
561,2.97,2.98,2.99,2.97,1611900.0,4798456.0,2020,5,27,13,30,2020-05-27 13:30
562,2.98,2.99,3.0,2.97,2153700.0,6427952.0,2020,5,27,13,45,2020-05-27 13:45
563,3.0,3.01,3.03,2.99,3021200.0,9101072.0,2020,5,27,14,0,2020-05-27 14:00
564,3.01,3.0,3.01,3.0,862900.0,2593016.0,2020,5,27,14,15,2020-05-27 14:15
565,3.0,2.98,3.01,2.98,2256000.0,6740640.0,2020,5,27,14,30,2020-05-27 14:30
566,2.98,2.98,2.99,2.97,1716500.0,5114968.0,2020,5,27,14,45,2020-05-27 14:45
567,2.99,2.97,3.0,2.97,5086100.0,15141960.0,2020,5,27,15,0,2020-05-27 15:00
568,2.95,2.99,3.01,2.95,5340100.0,15921279.0,2020,5,28,9,45,2020-05-28 09:45
569,2.99,2.98,3.0,2.97,3130600.0,9359751.0,2020,5,28,10,0,2020-05-28 10:00
570,2.98,2.98,2.99,2.97,1574200.0,4689554.0,2020,5,28,10,15,2020-05-28 10:15
571,2.99,2.96,2.99,2.96,1832800.0,5441572.0,2020,5,28,10,30,2020-05-28 10:30
572,2.96,2.92,2.97,2.9,6072200.0,17792328.0,2020,5,28,10,45,2020-05-28 10:45
573,2.92,2.94,2.94,2.92,2153100.0,6300620.0,2020,5,28,11,0,2020-05-28 11:00
574,2.93,2.91,2.94,2.9,2767500.0,8064272.0,2020,5,28,11,15,2020-05-28 11:15
575,2.91,2.89,2.92,2.89,2421800.0,7029184.0,2020,5,28,11,30,2020-05-28 11:30
576,2.88,2.9,2.9,2.88,1921800.0,5550800.0,2020,5,28,13,15,2020-05-28 13:15
577,2.89,2.91,2.91,2.88,1336400.0,3871256.0,2020,5,28,13,30,2020-05-28 13:30
578,2.9,2.9,2.91,2.9,598500.0,1738984.0,2020,5,28,13,45,2020-05-28 13:45
579,2.91,2.89,2.91,2.88,1476400.0,4272816.0,2020,5,28,14,0,2020-05-28 14:00
580,2.9,2.91,2.91,2.89,1273200.0,3692984.0,2020,5,28,14,15,2020-05-28 14:15
581,2.91,2.91,2.93,2.9,1742100.0,5081560.0,2020,5,28,14,30,2020-05-28 14:30
582,2.91,2.92,2.93,2.91,1552000.0,4529496.0,2020,5,28,14,45,2020-05-28 14:45
583,2.92,2.92,2.93,2.91,2462500.0,7179368.0,2020,5,28,15,0,2020-05-28 15:00
584,2.91,2.93,2.94,2.89,3199800.0,9347098.0,2020,5,29,9,45,2020-05-29 09:45
585,2.93,2.94,2.96,2.92,3603500.0,10623362.0,2020,5,29,10,0,2020-05-29 10:00
586,2.94,2.93,2.96,2.93,1468300.0,4325032.0,2020,5,29,10,15,2020-05-29 10:15
587,2.93,2.94,2.94,2.93,1194400.0,3506296.0,2020,5,29,10,30,2020-05-29 10:30
588,2.94,2.94,2.94,2.92,1543800.0,4523992.0,2020,5,29,10,45,2020-05-29 10:45
589,2.94,2.93,2.94,2.93,875600.0,2567884.0,2020,5,29,11,0,2020-05-29 11:00
590,2.94,2.92,2.94,2.92,850000.0,2491016.0,2020,5,29,11,15,2020-05-29 11:15
591,2.92,2.92,2.93,2.92,932600.0,2729516.0,2020,5,29,11,30,2020-05-29 11:30
592,2.93,2.92,2.93,2.91,919400.0,2685504.0,2020,5,29,13,15,2020-05-29 13:15
593,2.92,2.92,2.93,2.92,709000.0,2072740.0,2020,5,29,13,30,2020-05-29 13:30
594,2.92,2.93,2.93,2.91,1494700.0,4361768.0,2020,5,29,13,45,2020-05-29 13:45
595,2.92,2.93,2.95,2.92,1501800.0,4410392.0,2020,5,29,14,0,2020-05-29 14:00
596,2.93,2.92,2.94,2.92,817500.0,2395736.0,2020,5,29,14,15,2020-05-29 14:15
597,2.93,2.92,2.94,2.91,1973800.0,5766900.0,2020,5,29,14,30,2020-05-29 14:30
598,2.92,2.93,2.93,2.91,1254600.0,3664752.0,2020,5,29,14,45,2020-05-29 14:45
599,2.93,2.92,2.93,2.91,1987300.0,5806068.0,2020,5,29,15,0,2020-05-29 15:00
600,2.93,2.98,2.99,2.93,6430700.0,19040216.0,2020,6,1,9,45,2020-06-01 09:45
601,2.99,2.99,2.99,2.97,2403100.0,7159468.0,2020,6,1,10,0,2020-06-01 10:00
602,2.99,3.0,3.04,2.99,6655700.0,20041448.0,2020,6,1,10,15,2020-06-01 10:15
603,3.0,3.0,3.02,3.0,2075200.0,6246332.0,2020,6,1,10,30,2020-06-01 10:30
604,3.01,3.03,3.03,3.0,2077900.0,6266968.0,2020,6,1,10,45,2020-06-01 10:45
605,3.03,3.02,3.04,3.01,2377800.0,7192908.0,2020,6,1,11,0,2020-06-01 11:00
606,3.02,3.01,3.03,3.01,1739400.0,5246116.0,2020,6,1,11,15,2020-06-01 11:15
607,3.01,3.02,3.02,3.01,1416100.0,4271224.0,2020,6,1,11,30,2020-06-01 11:30
608,3.02,3.03,3.03,3.02,1269000.0,3836008.0,2020,6,1,13,15,2020-06-01 13:15
609,3.02,3.04,3.04,3.02,2137300.0,6475616.0,2020,6,1,13,30,2020-06-01 13:30
610,3.03,3.05,3.06,3.03,4261500.0,12975840.0,2020,6,1,13,45,2020-06-01 13:45
611,3.05,3.05,3.05,3.03,1800800.0,5477296.0,2020,6,1,14,0,2020-06-01 14:00
612,3.05,3.03,3.05,3.03,2164800.0,6583792.0,2020,6,1,14,15,2020-06-01 14:15
613,3.04,3.04,3.04,3.03,1314500.0,3989656.0,2020,6,1,14,30,2020-06-01 14:30
614,3.04,3.05,3.05,3.03,3172300.0,9629848.0,2020,6,1,14,45,2020-06-01 14:45
615,3.05,3.04,3.05,3.03,2525200.0,7683296.0,2020,6,1,15,0,2020-06-01 15:00
616,3.15,3.12,3.2,3.12,23538400.0,74314712.0,2020,6,2,9,45,2020-06-02 09:45
617,3.12,3.1,3.13,3.1,5955300.0,18535080.0,2020,6,2,10,0,2020-06-02 10:00
618,3.1,3.09,3.11,3.07,7216600.0,22269552.0,2020,6,2,10,15,2020-06-02 10:15
619,3.09,3.08,3.09,3.07,3732900.0,11496688.0,2020,6,2,10,30,2020-06-02 10:30
620,3.08,3.1,3.11,3.08,2729100.0,8449424.0,2020,6,2,10,45,2020-06-02 10:45
621,3.11,3.08,3.12,3.08,2059500.0,6385792.0,2020,6,2,11,0,2020-06-02 11:00
622,3.09,3.1,3.11,3.08,1501100.0,4644576.0,2020,6,2,11,15,2020-06-02 11:15
623,3.1,3.11,3.14,3.09,5748100.0,17942464.0,2020,6,2,11,30,2020-06-02 11:30
624,3.1,3.14,3.14,3.1,3078900.0,9621760.0,2020,6,2,13,15,2020-06-02 13:15
625,3.13,3.11,3.14,3.11,1262600.0,3947152.0,2020,6,2,13,30,2020-06-02 13:30
626,3.11,3.12,3.13,3.11,1166200.0,3636928.0,2020,6,2,13,45,2020-06-02 13:45
627,3.12,3.12,3.13,3.1,1816500.0,5662304.0,2020,6,2,14,0,2020-06-02 14:00
628,3.11,3.12,3.13,3.11,1352300.0,4217904.0,2020,6,2,14,15,2020-06-02 14:15
629,3.11,3.13,3.14,3.11,4113400.0,12865728.0,2020,6,2,14,30,2020-06-02 14:30
630,3.14,3.13,3.15,3.13,4191900.0,13149616.0,2020,6,2,14,45,2020-06-02 14:45
631,3.13,3.14,3.14,3.12,4470700.0,13991536.0,2020,6,2,15,0,2020-06-02 15:00
632,3.11,3.14,3.14,3.09,10685500.0,33214236.0,2020,6,3,9,45,2020-06-03 09:45
633,3.14,3.12,3.14,3.11,5483900.0,17152680.0,2020,6,3,10,0,2020-06-03 10:00
634,3.12,3.14,3.14,3.11,3625100.0,11314916.0,2020,6,3,10,15,2020-06-03 10:15
635,3.13,3.13,3.15,3.13,2791200.0,8762496.0,2020,6,3,10,30,2020-06-03 10:30
636,3.14,3.13,3.14,3.12,2784300.0,8718776.0,2020,6,3,10,45,2020-06-03 10:45
637,3.13,3.15,3.16,3.13,4557700.0,14322976.0,2020,6,3,11,0,2020-06-03 11:00
638,3.15,3.15,3.16,3.14,2146800.0,6768152.0,2020,6,3,11,15,2020-06-03 11:15
639,3.15,3.17,3.17,3.14,2946600.0,9303112.0,2020,6,3,11,30,2020-06-03 11:30
640,3.17,3.18,3.18,3.16,4130000.0,13111840.0,2020,6,3,13,15,2020-06-03 13:15
641,3.17,3.15,3.18,3.15,3253300.0,10283424.0,2020,6,3,13,30,2020-06-03 13:30
642,3.16,3.15,3.16,3.14,2588100.0,8142816.0,2020,6,3,13,45,2020-06-03 13:45
643,3.14,3.15,3.16,3.14,2543100.0,8006128.0,2020,6,3,14,0,2020-06-03 14:00
644,3.15,3.14,3.16,3.14,2114600.0,6661456.0,2020,6,3,14,15,2020-06-03 14:15
645,3.15,3.12,3.15,3.12,3471100.0,10880608.0,2020,6,3,14,30,2020-06-03 14:30
646,3.13,3.12,3.13,3.12,2488700.0,7767952.0,2020,6,3,14,45,2020-06-03 14:45
647,3.13,3.11,3.13,3.11,3659600.0,11401520.0,2020,6,3,15,0,2020-06-03 15:00
648,3.12,3.1,3.14,3.1,5344000.0,16684326.0,2020,6,4,9,45,2020-06-04 09:45
649,3.11,3.11,3.11,3.09,3439100.0,10660478.0,2020,6,4,10,0,2020-06-04 10:00
650,3.1,3.1,3.11,3.1,1248700.0,3878858.0,2020,6,4,10,15,2020-06-04 10:15
651,3.1,3.1,3.11,3.1,1202600.0,3730546.0,2020,6,4,10,30,2020-06-04 10:30
652,3.1,3.1,3.11,3.09,1305300.0,4044672.0,2020,6,4,10,45,2020-06-04 10:45
653,3.1,3.09,3.1,3.08,2861000.0,8840660.0,2020,6,4,11,0,2020-06-04 11:00
654,3.09,3.07,3.1,3.05,5257000.0,16132132.0,2020,6,4,11,15,2020-06-04 11:15
655,3.06,3.07,3.08,3.06,2172700.0,6668448.0,2020,6,4,11,30,2020-06-04 11:30
656,3.07,3.08,3.09,3.07,1229200.0,3781240.0,2020,6,4,13,15,2020-06-04 13:15
657,3.08,3.08,3.09,3.08,996700.0,3072448.0,2020,6,4,13,30,2020-06-04 13:30
658,3.08,3.07,3.09,3.07,851600.0,2623568.0,2020,6,4,13,45,2020-06-04 13:45
659,3.07,3.09,3.09,3.07,1495300.0,4598152.0,2020,6,4,14,0,2020-06-04 14:00
660,3.08,3.08,3.09,3.07,1127000.0,3471536.0,2020,6,4,14,15,2020-06-04 14:15
661,3.08,3.07,3.09,3.07,1712800.0,5267216.0,2020,6,4,14,30,2020-06-04 14:30
662,3.08,3.07,3.08,3.06,1986100.0,6101320.0,2020,6,4,14,45,2020-06-04 14:45
663,3.07,3.08,3.09,3.06,2830400.0,8714496.0,2020,6,4,15,0,2020-06-04 15:00
664,3.09,3.06,3.09,3.06,3408600.0,10471343.0,2020,6,5,9,45,2020-06-05 09:45
665,3.05,3.06,3.07,3.05,2826700.0,8637357.0,2020,6,5,10,0,2020-06-05 10:00
666,3.07,3.1,3.1,3.06,3005000.0,9258020.0,2020,6,5,10,15,2020-06-05 10:15
667,3.09,3.08,3.11,3.08,2466100.0,7636148.0,2020,6,5,10,30,2020-06-05 10:30
668,3.09,3.08,3.1,3.08,834800.0,2579704.0,2020,6,5,10,45,2020-06-05 10:45
669,3.09,3.09,3.1,3.08,781300.0,2410332.0,2020,6,5,11,0,2020-06-05 11:00
670,3.08,3.07,3.08,3.07,750400.0,2307236.0,2020,6,5,11,15,2020-06-05 11:15
671,3.07,3.05,3.08,3.05,1734700.0,5310252.0,2020,6,5,11,30,2020-06-05 11:30
672,3.05,3.04,3.06,3.04,1784300.0,5439592.0,2020,6,5,13,15,2020-06-05 13:15
673,3.04,3.06,3.07,3.04,948900.0,2896728.0,2020,6,5,13,30,2020-06-05 13:30
674,3.05,3.06,3.06,3.05,826300.0,2524252.0,2020,6,5,13,45,2020-06-05 13:45
675,3.05,3.06,3.07,3.05,1165200.0,3561680.0,2020,6,5,14,0,2020-06-05 14:00
676,3.06,3.06,3.07,3.06,1231800.0,3776556.0,2020,6,5,14,15,2020-06-05 14:15
677,3.07,3.08,3.09,3.06,1737200.0,5341040.0,2020,6,5,14,30,2020-06-05 14:30
678,3.08,3.06,3.08,3.06,1301500.0,3997120.0,2020,6,5,14,45,2020-06-05 14:45
679,3.06,3.07,3.08,3.06,2118300.0,6497640.0,2020,6,5,15,0,2020-06-05 15:00
680,3.09,3.1,3.12,3.07,6466000.0,20065386.0,2020,6,8,9,45,2020-06-08 09:45
681,3.1,3.1,3.1,3.08,2165500.0,6695284.0,2020,6,8,10,0,2020-06-08 10:00
682,3.09,3.08,3.1,3.08,1674200.0,5168866.0,2020,6,8,10,15,2020-06-08 10:15
683,3.09,3.08,3.09,3.07,1621600.0,4995248.0,2020,6,8,10,30,2020-06-08 10:30
684,3.08,3.09,3.09,3.07,1228200.0,3782620.0,2020,6,8,10,45,2020-06-08 10:45
685,3.08,3.09,3.09,3.08,1384200.0,4273836.0,2020,6,8,11,0,2020-06-08 11:00
686,3.09,3.1,3.1,3.08,1004800.0,3107052.0,2020,6,8,11,15,2020-06-08 11:15
687,3.09,3.09,3.1,3.08,628400.0,1940792.0,2020,6,8,11,30,2020-06-08 11:30
688,3.09,3.09,3.1,3.08,1041300.0,3216416.0,2020,6,8,13,15,2020-06-08 13:15
689,3.09,3.08,3.09,3.07,1827400.0,5630424.0,2020,6,8,13,30,2020-06-08 13:30
690,3.08,3.07,3.08,3.06,1801400.0,5533448.0,2020,6,8,13,45,2020-06-08 13:45
691,3.07,3.07,3.08,3.06,1590100.0,4872708.0,2020,6,8,14,0,2020-06-08 14:00
692,3.06,3.07,3.08,3.06,1880600.0,5761056.0,2020,6,8,14,15,2020-06-08 14:15
693,3.08,3.06,3.08,3.06,1070300.0,3281256.0,2020,6,8,14,30,2020-06-08 14:30
694,3.06,3.05,3.07,3.04,3254300.0,9937736.0,2020,6,8,14,45,2020-06-08 14:45
695,3.05,3.07,3.07,3.05,2685600.0,8213824.0,2020,6,8,15,0,2020-06-08 15:00
696,3.08,3.03,3.08,3.03,5597500.0,17070802.0,2020,6,9,9,45,2020-06-09 09:45
697,3.03,3.04,3.05,3.03,3526600.0,10707674.0,2020,6,9,10,0,2020-06-09 10:00
698,3.04,3.05,3.06,3.04,1942800.0,5917700.0,2020,6,9,10,15,2020-06-09 10:15
699,3.05,3.05,3.05,3.04,1019800.0,3102320.0,2020,6,9,10,30,2020-06-09 10:30
700,3.04,3.04,3.05,3.04,1328600.0,4046256.0,2020,6,9,10,45,2020-06-09 10:45
701,3.05,3.05,3.05,3.04,1262300.0,3841120.0,2020,6,9,11,0,2020-06-09 11:00
702,3.05,3.04,3.05,3.03,1451800.0,4414676.0,2020,6,9,11,15,2020-06-09 11:15
703,3.03,3.05,3.05,3.03,1454000.0,4413664.0,2020,6,9,11,30,2020-06-09 11:30
704,3.05,3.04,3.05,3.03,1356800.0,4120656.0,2020,6,9,13,15,2020-06-09 13:15
705,3.04,3.04,3.05,3.03,1180200.0,3583492.0,2020,6,9,13,30,2020-06-09 13:30
706,3.04,3.04,3.05,3.03,654000.0,1987380.0,2020,6,9,13,45,2020-06-09 13:45
707,3.04,3.04,3.05,3.03,1016600.0,3090312.0,2020,6,9,14,0,2020-06-09 14:00
708,3.04,3.04,3.05,3.03,2212500.0,6728580.0,2020,6,9,14,15,2020-06-09 14:15
709,3.04,3.04,3.05,3.04,1668700.0,5076640.0,2020,6,9,14,30,2020-06-09 14:30
710,3.04,3.04,3.05,3.03,3161000.0,9608456.0,2020,6,9,14,45,2020-06-09 14:45
711,3.04,3.03,3.05,3.03,4248100.0,12887576.0,2020,6,9,15,0,2020-06-09 15:00
712,3.02,3.0,3.02,2.98,5979400.0,17930176.0,2020,6,10,9,45,2020-06-10 09:45
713,3.0,2.98,3.0,2.98,2756900.0,8244516.0,2020,6,10,10,0,2020-06-10 10:00
714,2.99,2.99,2.99,2.98,1899200.0,5670584.0,2020,6,10,10,15,2020-06-10 10:15
715,2.98,2.98,2.99,2.98,1847200.0,5511540.0,2020,6,10,10,30,2020-06-10 10:30
716,2.99,2.97,2.99,2.97,3210400.0,9553188.0,2020,6,10,10,45,2020-06-10 10:45
717,2.97,2.96,2.98,2.94,4746000.0,14030020.0,2020,6,10,11,0,2020-06-10 11:00
718,2.96,2.96,2.97,2.95,1428200.0,4228688.0,2020,6,10,11,15,2020-06-10 11:15
719,2.96,2.97,2.97,2.95,1646600.0,4876312.0,2020,6,10,11,30,2020-06-10 11:30
720,2.97,2.97,2.97,2.96,1162400.0,3447280.0,2020,6,10,13,15,2020-06-10 13:15
721,2.97,2.98,2.98,2.97,707000.0,2102928.0,2020,6,10,13,30,2020-06-10 13:30
722,2.98,2.98,2.99,2.97,951600.0,2837192.0,2020,6,10,13,45,2020-06-10 13:45
723,2.97,2.98,2.98,2.97,502600.0,1493656.0,2020,6,10,14,0,2020-06-10 14:00
724,2.98,2.96,2.98,2.96,1476700.0,4382656.0,2020,6,10,14,15,2020-06-10 14:15
725,2.97,2.98,2.98,2.96,1956700.0,5826880.0,2020,6,10,14,30,2020-06-10 14:30
726,2.99,2.98,3.0,2.98,1905600.0,5698488.0,2020,6,10,14,45,2020-06-10 14:45
727,2.99,2.99,3.0,2.98,1882500.0,5635872.0,2020,6,10,15,0,2020-06-10 15:00
728,3.0,3.02,3.02,2.99,3520300.0,10566969.0,2020,6,11,9,45,2020-06-11 09:45
729,3.02,3.05,3.06,3.01,7520200.0,22868228.0,2020,6,11,10,0,2020-06-11 10:00
730,3.05,3.05,3.05,3.04,2027000.0,6175446.0,2020,6,11,10,15,2020-06-11 10:15
731,3.05,3.04,3.05,3.03,1748700.0,5320780.0,2020,6,11,10,30,2020-06-11 10:30
732,3.04,3.05,3.05,3.03,1721200.0,5232064.0,2020,6,11,10,45,2020-06-11 10:45
733,3.04,3.04,3.05,3.03,1616400.0,4920932.0,2020,6,11,11,0,2020-06-11 11:00
734,3.04,3.09,3.1,3.03,6958900.0,21363756.0,2020,6,11,11,15,2020-06-11 11:15
735,3.09,3.09,3.09,3.08,2361100.0,7290416.0,2020,6,11,11,30,2020-06-11 11:30
736,3.09,3.07,3.09,3.05,3089600.0,9524520.0,2020,6,11,13,15,2020-06-11 13:15
737,3.06,3.06,3.07,3.05,2615300.0,8009920.0,2020,6,11,13,30,2020-06-11 13:30
738,3.07,3.06,3.08,3.05,2331500.0,7135344.0,2020,6,11,13,45,2020-06-11 13:45
739,3.06,3.06,3.06,3.04,1129200.0,3447240.0,2020,6,11,14,0,2020-06-11 14:00
740,3.06,3.03,3.06,3.03,2246700.0,6835992.0,2020,6,11,14,15,2020-06-11 14:15
741,3.04,3.05,3.05,3.03,1179900.0,3591744.0,2020,6,11,14,30,2020-06-11 14:30
742,3.05,3.05,3.06,3.04,1342800.0,4093656.0,2020,6,11,14,45,2020-06-11 14:45
743,3.05,3.05,3.06,3.04,2394400.0,7299168.0,2020,6,11,15,0,2020-06-11 15:00
744,2.98,3.0,3.01,2.96,5481000.0,16363174.0,2020,6,12,9,45,2020-06-12 09:45
745,3.0,3.05,3.06,2.98,5587500.0,16861562.0,2020,6,12,10,0,2020-06-12 10:00
746,3.05,3.04,3.05,3.02,1608900.0,4876924.0,2020,6,12,10,15,2020-06-12 10:15
747,3.03,3.02,3.03,3.01,1265000.0,3825500.0,2020,6,12,10,30,2020-06-12 10:30
748,3.01,3.03,3.03,3.01,945700.0,2857652.0,2020,6,12,10,45,2020-06-12 10:45
749,3.02,3.03,3.04,3.02,1104000.0,3348924.0,2020,6,12,11,0,2020-06-12 11:00
750,3.03,3.03,3.04,3.02,838800.0,2542228.0,2020,6,12,11,15,2020-06-12 11:15
751,3.04,3.04,3.04,3.03,999900.0,3035780.0,2020,6,12,11,30,2020-06-12 11:30
752,3.04,3.03,3.04,3.03,1299400.0,3945748.0,2020,6,12,13,15,2020-06-12 13:15
753,3.03,3.04,3.05,3.03,1666900.0,5067556.0,2020,6,12,13,30,2020-06-12 13:30
754,3.05,3.06,3.06,3.04,1898600.0,5795136.0,2020,6,12,13,45,2020-06-12 13:45
755,3.06,3.08,3.08,3.05,2860800.0,8773480.0,2020,6,12,14,0,2020-06-12 14:00
756,3.08,3.07,3.09,3.07,2443500.0,7526352.0,2020,6,12,14,15,2020-06-12 14:15
757,3.08,3.07,3.08,3.06,2414700.0,7415096.0,2020,6,12,14,30,2020-06-12 14:30
758,3.06,3.07,3.08,3.06,1646700.0,5052856.0,2020,6,12,14,45,2020-06-12 14:45
759,3.07,3.07,3.07,3.06,2907800.0,8919896.0,2020,6,12,15,0,2020-06-12 15:00
760,3.06,3.06,3.07,3.04,4730700.0,14431761.0,2020,6,15,9,45,2020-06-15 09:45
761,3.06,3.1,3.14,3.06,7256600.0,22536912.0,2020,6,15,10,0,2020-06-15 10:00
762,3.1,3.11,3.11,3.09,1980000.0,6138000.0,2020,6,15,10,15,2020-06-15 10:15
763,3.1,3.12,3.12,3.1,1980500.0,6158292.0,2020,6,15,10,30,2020-06-15 10:30
764,3.11,3.1,3.12,3.1,1938300.0,6031488.0,2020,6,15,10,45,2020-06-15 10:45
765,3.11,3.09,3.11,3.08,2149100.0,6646444.0,2020,6,15,11,0,2020-06-15 11:00
766,3.09,3.08,3.1,3.08,1153100.0,3565820.0,2020,6,15,11,15,2020-06-15 11:15
767,3.09,3.09,3.1,3.08,1826000.0,5642108.0,2020,6,15,11,30,2020-06-15 11:30
768,3.09,3.07,3.1,3.07,2488500.0,7670728.0,2020,6,15,13,15,2020-06-15 13:15
769,3.08,3.08,3.08,3.06,2165800.0,6656624.0,2020,6,15,13,30,2020-06-15 13:30
770,3.08,3.06,3.08,3.05,2032200.0,6226792.0,2020,6,15,13,45,2020-06-15 13:45
771,3.06,3.06,3.07,3.05,1550000.0,4744952.0,2020,6,15,14,0,2020-06-15 14:00
772,3.06,3.07,3.07,3.05,1199600.0,3677240.0,2020,6,15,14,15,2020-06-15 14:15
773,3.07,3.07,3.09,3.07,1631100.0,5018096.0,2020,6,15,14,30,2020-06-15 14:30
774,3.08,3.06,3.09,3.06,2046400.0,6293880.0,2020,6,15,14,45,2020-06-15 14:45
775,3.06,3.05,3.07,3.05,3562800.0,10895120.0,2020,6,15,15,0,2020-06-15 15:00
776,3.07,3.09,3.11,3.06,4553700.0,14055070.0,2020,6,16,9,45,2020-06-16 09:45
777,3.1,3.08,3.1,3.07,3409600.0,10544512.0,2020,6,16,10,0,2020-06-16 10:00
778,3.08,3.08,3.09,3.07,1332600.0,4105798.0,2020,6,16,10,15,2020-06-16 10:15
779,3.08,3.07,3.09,3.07,1951300.0,6009508.0,2020,6,16,10,30,2020-06-16 10:30
780,3.07,3.08,3.09,3.07,1321800.0,4073092.0,2020,6,16,10,45,2020-06-16 10:45
781,3.09,3.09,3.09,3.08,1096200.0,3380368.0,2020,6,16,11,0,2020-06-16 11:00
782,3.09,3.07,3.09,3.07,1378900.0,4248188.0,2020,6,16,11,15,2020-06-16 11:15
783,3.07,3.08,3.08,3.07,674800.0,2073448.0,2020,6,16,11,30,2020-06-16 11:30
784,3.08,3.07,3.09,3.05,2960700.0,9081812.0,2020,6,16,13,15,2020-06-16 13:15
785,3.07,3.07,3.08,3.06,991900.0,3047592.0,2020,6,16,13,30,2020-06-16 13:30
786,3.07,3.07,3.08,3.07,1085700.0,3336496.0,2020,6,16,13,45,2020-06-16 13:45
787,3.07,3.07,3.08,3.06,1257700.0,3861236.0,2020,6,16,14,0,2020-06-16 14:00
788,3.07,3.07,3.08,3.06,1016800.0,3120592.0,2020,6,16,14,15,2020-06-16 14:15
789,3.07,3.08,3.09,3.06,1890400.0,5816080.0,2020,6,16,14,30,2020-06-16 14:30
790,3.08,3.08,3.09,3.07,1532100.0,4714304.0,2020,6,16,14,45,2020-06-16 14:45
791,3.07,3.08,3.09,3.07,2018300.0,6218680.0,2020,6,16,15,0,2020-06-16 15:00
792,3.09,3.07,3.1,3.05,4758300.0,14611913.0,2020,6,17,9,45,2020-06-17 09:45
793,3.06,3.05,3.07,3.04,4014800.0,12260817.0,2020,6,17,10,0,2020-06-17 10:00
794,3.05,3.06,3.07,3.03,2595400.0,7909010.0,2020,6,17,10,15,2020-06-17 10:15
795,3.06,3.04,3.06,3.04,1637500.0,4993092.0,2020,6,17,10,30,2020-06-17 10:30
796,3.05,3.04,3.05,3.02,3145300.0,9539660.0,2020,6,17,10,45,2020-06-17 10:45
797,3.03,3.04,3.04,3.02,1252500.0,3793508.0,2020,6,17,11,0,2020-06-17 11:00
798,3.03,3.04,3.04,3.03,733900.0,2225792.0,2020,6,17,11,15,2020-06-17 11:15
799,3.04,3.03,3.04,3.03,869000.0,2637088.0,2020,6,17,13,0,2020-06-17 13:00
