,open,close,high,low,vol,amount,year,month,day,hour,minute,datetime
0,3.68,3.66,3.68,3.66,158900.0,583794.0,2020,4,2,13,15,2020-04-02 13:15
1,3.67,3.65,3.67,3.65,73300.0,268487.0,2020,4,2,13,30,2020-04-02 13:30
2,3.65,3.66,3.67,3.65,140100.0,512024.0,2020,4,2,13,45,2020-04-02 13:45
3,3.66,3.67,3.67,3.66,54300.0,198820.0,2020,4,2,14,0,2020-04-02 14:00
4,3.67,3.67,3.68,3.67,91200.0,334742.0,2020,4,2,14,15,2020-04-02 14:15
5,3.67,3.69,3.69,3.67,135500.0,498661.0,2020,4,2,14,30,2020-04-02 14:30
6,3.69,3.68,3.69,3.68,70200.0,258869.0,2020,4,2,14,45,2020-04-02 14:45
7,3.69,3.69,3.7,3.68,300000.0,1106534.0,2020,4,2,15,0,2020-04-02 15:00
8,3.7,3.7,3.72,3.69,447700.0,1659784.0,2020,4,3,9,45,2020-04-03 09:45
9,3.7,3.7,3.71,3.7,142000.0,526587.0,2020,4,3,10,0,2020-04-03 10:00
10,3.7,3.71,3.71,3.7,77500.0,286995.0,2020,4,3,10,15,2020-04-03 10:15
11,3.7,3.71,3.71,3.7,61300.0,227268.0,2020,4,3,10,30,2020-04-03 10:30
12,3.7,3.71,3.71,3.7,91500.0,339407.0,2020,4,3,10,45,2020-04-03 10:45
13,3.71,3.7,3.72,3.7,125000.0,463651.0,2020,4,3,11,0,2020-04-03 11:00
14,3.7,3.69,3.71,3.68,328000.0,1212075.0,2020,4,3,11,15,2020-04-03 11:15
15,3.68,3.67,3.68,3.67,149300.0,548498.0,2020,4,3,11,30,2020-04-03 11:30
16,3.67,3.67,3.68,3.66,179300.0,657692.0,2020,4,3,13,15,2020-04-03 13:15
17,3.68,3.67,3.68,3.67,98800.0,362984.0,2020,4,3,13,30,2020-04-03 13:30
18,3.68,3.7,3.7,3.66,120300.0,442038.0,2020,4,3,13,45,2020-04-03 13:45
19,3.7,3.69,3.7,3.69,108600.0,401178.0,2020,4,3,14,0,2020-04-03 14:00
20,3.69,3.68,3.69,3.68,131000.0,482106.0,2020,4,3,14,15,2020-04-03 14:15
21,3.68,3.68,3.69,3.67,58300.0,214287.0,2020,4,3,14,30,2020-04-03 14:30
22,3.69,3.69,3.69,3.68,79200.0,291715.0,2020,4,3,14,45,2020-04-03 14:45
23,3.68,3.69,3.69,3.68,152100.0,560975.0,2020,4,3,15,0,2020-04-03 15:00
24,3.72,3.72,3.74,3.71,659400.0,2453853.0,2020,4,7,9,45,2020-04-07 09:45
25,3.72,3.73,3.74,3.71,374300.0,1395007.0,2020,4,7,10,0,2020-04-07 10:00
26,3.73,3.73,3.74,3.72,337300.0,1258084.0,2020,4,7,10,15,2020-04-07 10:15
27,3.73,3.73,3.73,3.72,116400.0,433876.0,2020,4,7,10,30,2020-04-07 10:30
28,3.74,3.75,3.75,3.73,288300.0,1079115.0,2020,4,7,10,45,2020-04-07 10:45
29,3.74,3.74,3.75,3.74,79200.0,296419.0,2020,4,7,11,0,2020-04-07 11:00
30,3.74,3.74,3.75,3.74,72200.0,270472.0,2020,4,7,11,15,2020-04-07 11:15
31,3.75,3.75,3.75,3.74,95100.0,355860.0,2020,4,7,11,30,2020-04-07 11:30
32,3.74,3.77,3.78,3.74,709200.0,2666406.0,2020,4,7,13,15,2020-04-07 13:15
33,3.76,3.76,3.78,3.76,218100.0,822863.0,2020,4,7,13,30,2020-04-07 13:30
34,3.76,3.76,3.77,3.76,93100.0,350731.0,2020,4,7,13,45,2020-04-07 13:45
35,3.76,3.76,3.77,3.76,149800.0,564715.0,2020,4,7,14,0,2020-04-07 14:00
36,3.77,3.78,3.78,3.76,197000.0,742942.0,2020,4,7,14,15,2020-04-07 14:15
37,3.77,3.78,3.78,3.77,213400.0,806562.0,2020,4,7,14,30,2020-04-07 14:30
38,3.78,3.78,3.78,3.77,192300.0,726443.0,2020,4,7,14,45,2020-04-07 14:45
39,3.78,3.78,3.78,3.77,234400.0,885683.0,2020,4,7,15,0,2020-04-07 15:00
40,3.78,3.75,3.78,3.74,569700.0,2140769.0,2020,4,8,9,45,2020-04-08 09:45
41,3.76,3.76,3.78,3.75,281700.0,1060752.0,2020,4,8,10,0,2020-04-08 10:00
42,3.76,3.75,3.77,3.75,255600.0,960640.0,2020,4,8,10,15,2020-04-08 10:15
43,3.76,3.8,3.82,3.76,592500.0,2249243.0,2020,4,8,10,30,2020-04-08 10:30
44,3.8,3.79,3.81,3.78,251400.0,954498.0,2020,4,8,10,45,2020-04-08 10:45
45,3.79,3.8,3.8,3.78,100200.0,379415.0,2020,4,8,11,0,2020-04-08 11:00
46,3.79,3.78,3.79,3.77,135400.0,511313.0,2020,4,8,11,15,2020-04-08 11:15
47,3.78,3.8,3.8,3.78,80200.0,303941.0,2020,4,8,11,30,2020-04-08 11:30
48,3.79,3.79,3.8,3.78,93500.0,354245.0,2020,4,8,13,15,2020-04-08 13:15
49,3.8,3.79,3.8,3.79,48600.0,184196.0,2020,4,8,13,30,2020-04-08 13:30
50,3.78,3.81,3.82,3.78,306000.0,1163718.0,2020,4,8,13,45,2020-04-08 13:45
51,3.81,3.8,3.81,3.8,168200.0,639979.0,2020,4,8,14,0,2020-04-08 14:00
52,3.8,3.79,3.8,3.79,122600.0,464762.0,2020,4,8,14,15,2020-04-08 14:15
53,3.78,3.78,3.79,3.78,150400.0,569071.0,2020,4,8,14,30,2020-04-08 14:30
54,3.78,3.79,3.79,3.78,43500.0,164486.0,2020,4,8,14,45,2020-04-08 14:45
55,3.78,3.79,3.79,3.78,249500.0,944938.0,2020,4,8,15,0,2020-04-08 15:00
56,3.79,3.82,3.82,3.79,301000.0,1145168.0,2020,4,9,9,45,2020-04-09 09:45
57,3.82,3.81,3.83,3.79,488900.0,1865184.0,2020,4,9,10,0,2020-04-09 10:00
58,3.8,3.82,3.82,3.78,333200.0,1264382.0,2020,4,9,10,15,2020-04-09 10:15
59,3.82,3.82,3.82,3.81,241700.0,922740.0,2020,4,9,10,30,2020-04-09 10:30
60,3.82,3.81,3.83,3.81,346000.0,1322756.0,2020,4,9,10,45,2020-04-09 10:45
61,3.81,3.82,3.82,3.8,82200.0,313122.0,2020,4,9,11,0,2020-04-09 11:00
62,3.81,3.81,3.82,3.8,140900.0,536330.0,2020,4,9,11,15,2020-04-09 11:15
63,3.81,3.82,3.82,3.81,72600.0,276691.0,2020,4,9,11,30,2020-04-09 11:30
64,3.81,3.81,3.82,3.8,187200.0,713111.0,2020,4,9,13,15,2020-04-09 13:15
65,3.82,3.81,3.82,3.81,121400.0,462625.0,2020,4,9,13,30,2020-04-09 13:30
66,3.82,3.86,3.87,3.81,882400.0,3386777.0,2020,4,9,13,45,2020-04-09 13:45
67,3.87,3.89,3.9,3.86,1934800.0,7500152.0,2020,4,9,14,0,2020-04-09 14:00
68,3.89,3.87,3.89,3.87,379100.0,1469280.0,2020,4,9,14,15,2020-04-09 14:15
69,3.87,3.87,3.88,3.86,311200.0,1204188.0,2020,4,9,14,30,2020-04-09 14:30
70,3.88,3.85,3.88,3.82,587900.0,2263352.0,2020,4,9,14,45,2020-04-09 14:45
71,3.86,3.85,3.86,3.84,340500.0,1310874.0,2020,4,9,15,0,2020-04-09 15:00
72,3.82,3.81,3.87,3.81,769400.0,2943851.0,2020,4,10,9,45,2020-04-10 09:45
73,3.81,3.81,3.81,3.79,491900.0,1868428.0,2020,4,10,10,0,2020-04-10 10:00
74,3.81,3.83,3.83,3.8,277400.0,1055572.0,2020,4,10,10,15,2020-04-10 10:15
75,3.83,3.82,3.84,3.82,195200.0,747474.0,2020,4,10,10,30,2020-04-10 10:30
76,3.82,3.81,3.82,3.8,211200.0,804858.0,2020,4,10,10,45,2020-04-10 10:45
77,3.8,3.79,3.81,3.78,295100.0,1118595.0,2020,4,10,11,0,2020-04-10 11:00
78,3.79,3.79,3.79,3.78,257100.0,972695.0,2020,4,10,11,15,2020-04-10 11:15
79,3.79,3.75,3.79,3.75,499300.0,1880024.0,2020,4,10,11,30,2020-04-10 11:30
80,3.75,3.75,3.76,3.74,283200.0,1061942.0,2020,4,10,13,15,2020-04-10 13:15
81,3.75,3.74,3.75,3.74,253900.0,950184.0,2020,4,10,13,30,2020-04-10 13:30
82,3.74,3.75,3.76,3.73,144900.0,542143.0,2020,4,10,13,45,2020-04-10 13:45
83,3.76,3.75,3.76,3.74,95300.0,357443.0,2020,4,10,14,0,2020-04-10 14:00
84,3.74,3.73,3.75,3.72,434700.0,1622395.0,2020,4,10,14,15,2020-04-10 14:15
85,3.73,3.75,3.76,3.73,188500.0,706105.0,2020,4,10,14,30,2020-04-10 14:30
86,3.75,3.74,3.76,3.74,232300.0,871607.0,2020,4,10,14,45,2020-04-10 14:45
87,3.74,3.74,3.75,3.74,267700.0,1002356.0,2020,4,10,15,0,2020-04-10 15:00
88,3.73,3.72,3.73,3.68,610900.0,2260218.0,2020,4,13,9,45,2020-04-13 09:45
89,3.72,3.71,3.72,3.7,352600.0,1307261.0,2020,4,13,10,0,2020-04-13 10:00
90,3.71,3.71,3.72,3.7,252300.0,936779.0,2020,4,13,10,15,2020-04-13 10:15
91,3.71,3.73,3.73,3.71,113400.0,421367.0,2020,4,13,10,30,2020-04-13 10:30
92,3.72,3.73,3.73,3.71,59900.0,222967.0,2020,4,13,10,45,2020-04-13 10:45
93,3.72,3.73,3.73,3.72,80800.0,300648.0,2020,4,13,11,0,2020-04-13 11:00
94,3.72,3.71,3.72,3.71,76800.0,285619.0,2020,4,13,11,15,2020-04-13 11:15
95,3.72,3.72,3.72,3.71,15700.0,58386.0,2020,4,13,11,30,2020-04-13 11:30
96,3.72,3.72,3.72,3.71,22500.0,83554.0,2020,4,13,13,15,2020-04-13 13:15
97,3.71,3.71,3.72,3.71,116400.0,432093.0,2020,4,13,13,30,2020-04-13 13:30
98,3.71,3.72,3.72,3.71,113500.0,421098.0,2020,4,13,13,45,2020-04-13 13:45
99,3.72,3.71,3.72,3.71,42800.0,158821.0,2020,4,13,14,0,2020-04-13 14:00
100,3.71,3.71,3.72,3.71,84400.0,313801.0,2020,4,13,14,15,2020-04-13 14:15
101,3.71,3.71,3.72,3.71,148800.0,553346.0,2020,4,13,14,30,2020-04-13 14:30
102,3.72,3.72,3.72,3.71,80800.0,300179.0,2020,4,13,14,45,2020-04-13 14:45
103,3.71,3.72,3.73,3.71,134300.0,499616.0,2020,4,13,15,0,2020-04-13 15:00
104,3.72,3.73,3.74,3.72,189200.0,706228.0,2020,4,14,9,45,2020-04-14 09:45
105,3.74,3.76,3.76,3.73,176500.0,661800.0,2020,4,14,10,0,2020-04-14 10:00
106,3.75,3.77,3.77,3.75,265100.0,997978.0,2020,4,14,10,15,2020-04-14 10:15
107,3.77,3.77,3.78,3.76,196100.0,739703.0,2020,4,14,10,30,2020-04-14 10:30
108,3.77,3.77,3.77,3.76,85800.0,323435.0,2020,4,14,10,45,2020-04-14 10:45
109,3.77,3.77,3.77,3.76,10800.0,40687.0,2020,4,14,11,0,2020-04-14 11:00
110,3.77,3.76,3.77,3.76,123500.0,465550.0,2020,4,14,11,15,2020-04-14 11:15
111,3.76,3.76,3.77,3.76,75400.0,283659.0,2020,4,14,11,30,2020-04-14 11:30
112,3.76,3.76,3.77,3.76,177900.0,669973.0,2020,4,14,13,15,2020-04-14 13:15
113,3.76,3.76,3.77,3.76,67200.0,252778.0,2020,4,14,13,30,2020-04-14 13:30
114,3.77,3.77,3.78,3.76,167300.0,631089.0,2020,4,14,13,45,2020-04-14 13:45
115,3.78,3.78,3.78,3.77,79800.0,301491.0,2020,4,14,14,0,2020-04-14 14:00
116,3.78,3.77,3.79,3.77,139100.0,525695.0,2020,4,14,14,15,2020-04-14 14:15
117,3.77,3.77,3.78,3.77,81800.0,309009.0,2020,4,14,14,30,2020-04-14 14:30
118,3.78,3.78,3.79,3.77,148700.0,561955.0,2020,4,14,14,45,2020-04-14 14:45
119,3.78,3.78,3.79,3.77,271300.0,1025605.0,2020,4,14,15,0,2020-04-14 15:00
120,3.76,3.78,3.79,3.76,152300.0,576005.0,2020,4,15,9,45,2020-04-15 09:45
121,3.78,3.8,3.8,3.77,355900.0,1347986.0,2020,4,15,10,0,2020-04-15 10:00
122,3.8,3.79,3.8,3.79,155100.0,588605.0,2020,4,15,10,15,2020-04-15 10:15
123,3.8,3.79,3.81,3.79,171800.0,651967.0,2020,4,15,10,30,2020-04-15 10:30
124,3.79,3.8,3.8,3.78,217200.0,823310.0,2020,4,15,10,45,2020-04-15 10:45
125,3.79,3.77,3.79,3.77,158000.0,597659.0,2020,4,15,11,0,2020-04-15 11:00
126,3.77,3.78,3.79,3.77,86900.0,328263.0,2020,4,15,11,15,2020-04-15 11:15
127,3.78,3.79,3.79,3.78,56400.0,213466.0,2020,4,15,11,30,2020-04-15 11:30
128,3.79,3.8,3.81,3.79,354200.0,1345209.0,2020,4,15,13,15,2020-04-15 13:15
129,3.8,3.8,3.8,3.79,87200.0,331104.0,2020,4,15,13,30,2020-04-15 13:30
130,3.8,3.8,3.8,3.79,130100.0,493967.0,2020,4,15,13,45,2020-04-15 13:45
131,3.8,3.8,3.81,3.79,304900.0,1158872.0,2020,4,15,14,0,2020-04-15 14:00
132,3.8,3.79,3.8,3.79,190000.0,720763.0,2020,4,15,14,15,2020-04-15 14:15
133,3.78,3.79,3.79,3.78,84000.0,317555.0,2020,4,15,14,30,2020-04-15 14:30
134,3.78,3.78,3.79,3.77,174500.0,659563.0,2020,4,15,14,45,2020-04-15 14:45
135,3.78,3.77,3.79,3.77,151500.0,572064.0,2020,4,15,15,0,2020-04-15 15:00
136,3.78,3.78,3.78,3.76,167200.0,629562.0,2020,4,16,9,45,2020-04-16 09:45
137,3.78,3.76,3.78,3.75,325500.0,1225012.0,2020,4,16,10,0,2020-04-16 10:00
138,3.76,3.76,3.77,3.75,83100.0,312377.0,2020,4,16,10,15,2020-04-16 10:15
139,3.77,3.78,3.78,3.76,90600.0,341770.0,2020,4,16,10,30,2020-04-16 10:30
140,3.78,3.77,3.79,3.76,90700.0,342727.0,2020,4,16,10,45,2020-04-16 10:45
141,3.78,3.78,3.78,3.77,35000.0,132049.0,2020,4,16,11,0,2020-04-16 11:00
142,3.77,3.76,3.78,3.76,98900.0,373256.0,2020,4,16,11,15,2020-04-16 11:15
143,3.77,3.75,3.77,3.75,117000.0,439863.0,2020,4,16,11,30,2020-04-16 11:30
144,3.75,3.76,3.76,3.75,181800.0,683084.0,2020,4,16,13,15,2020-04-16 13:15
145,3.76,3.76,3.77,3.76,82200.0,309677.0,2020,4,16,13,30,2020-04-16 13:30
146,3.76,3.76,3.77,3.76,109600.0,412420.0,2020,4,16,13,45,2020-04-16 13:45
147,3.77,3.77,3.78,3.76,89300.0,336627.0,2020,4,16,14,0,2020-04-16 14:00
148,3.77,3.77,3.78,3.76,39200.0,147829.0,2020,4,16,14,15,2020-04-16 14:15
149,3.77,3.76,3.77,3.76,144900.0,545057.0,2020,4,16,14,30,2020-04-16 14:30
150,3.76,3.77,3.78,3.76,171200.0,646013.0,2020,4,16,14,45,2020-04-16 14:45
151,3.78,3.77,3.78,3.77,216000.0,815026.0,2020,4,16,15,0,2020-04-16 15:00
152,3.77,3.79,3.79,3.77,230300.0,870587.0,2020,4,17,9,45,2020-04-17 09:45
153,3.79,3.78,3.8,3.77,346200.0,1310329.0,2020,4,17,10,0,2020-04-17 10:00
154,3.77,3.79,3.79,3.77,126200.0,477168.0,2020,4,17,10,15,2020-04-17 10:15
155,3.79,3.79,3.79,3.77,361700.0,1367008.0,2020,4,17,10,30,2020-04-17 10:30
156,3.79,3.78,3.79,3.78,96200.0,364009.0,2020,4,17,10,45,2020-04-17 10:45
157,3.78,3.77,3.78,3.77,73600.0,277783.0,2020,4,17,11,0,2020-04-17 11:00
158,3.77,3.77,3.78,3.77,30700.0,115743.0,2020,4,17,11,15,2020-04-17 11:15
159,3.77,3.77,3.78,3.77,18500.0,69808.0,2020,4,17,11,30,2020-04-17 11:30
160,3.78,3.78,3.79,3.78,115700.0,437520.0,2020,4,17,13,15,2020-04-17 13:15
161,3.78,3.79,3.79,3.78,88300.0,333786.0,2020,4,17,13,30,2020-04-17 13:30
162,3.79,3.79,3.8,3.78,325900.0,1235407.0,2020,4,17,13,45,2020-04-17 13:45
163,3.8,3.79,3.8,3.78,189100.0,716774.0,2020,4,17,14,0,2020-04-17 14:00
164,3.79,3.78,3.79,3.78,68900.0,260898.0,2020,4,17,14,15,2020-04-17 14:15
165,3.78,3.77,3.78,3.77,101200.0,382333.0,2020,4,17,14,30,2020-04-17 14:30
166,3.77,3.77,3.78,3.76,234800.0,885019.0,2020,4,17,14,45,2020-04-17 14:45
167,3.77,3.77,3.77,3.76,159000.0,598407.0,2020,4,17,15,0,2020-04-17 15:00
168,3.77,3.77,3.79,3.76,233000.0,878409.0,2020,4,20,9,45,2020-04-20 09:45
169,3.77,3.78,3.78,3.76,137100.0,516634.0,2020,4,20,10,0,2020-04-20 10:00
170,3.78,3.77,3.79,3.77,109600.0,413920.0,2020,4,20,10,15,2020-04-20 10:15
171,3.77,3.78,3.78,3.77,72800.0,274833.0,2020,4,20,10,30,2020-04-20 10:30
172,3.79,3.81,3.81,3.78,335000.0,1272706.0,2020,4,20,10,45,2020-04-20 10:45
173,3.81,3.81,3.82,3.8,211100.0,803718.0,2020,4,20,11,0,2020-04-20 11:00
174,3.81,3.81,3.82,3.8,219100.0,834936.0,2020,4,20,11,15,2020-04-20 11:15
175,3.81,3.81,3.81,3.8,98200.0,373985.0,2020,4,20,11,30,2020-04-20 11:30
176,3.82,3.81,3.82,3.81,252900.0,965027.0,2020,4,20,13,15,2020-04-20 13:15
177,3.82,3.82,3.83,3.8,591700.0,2258217.0,2020,4,20,13,30,2020-04-20 13:30
178,3.82,3.83,3.83,3.81,203600.0,778469.0,2020,4,20,13,45,2020-04-20 13:45
179,3.83,3.81,3.83,3.81,225900.0,864386.0,2020,4,20,14,0,2020-04-20 14:00
180,3.82,3.82,3.83,3.82,96500.0,369030.0,2020,4,20,14,15,2020-04-20 14:15
181,3.82,3.82,3.83,3.82,97900.0,374058.0,2020,4,20,14,30,2020-04-20 14:30
182,3.82,3.81,3.83,3.81,216300.0,826133.0,2020,4,20,14,45,2020-04-20 14:45
183,3.82,3.82,3.83,3.81,374900.0,1431950.0,2020,4,20,15,0,2020-04-20 15:00
184,3.82,3.8,3.82,3.78,429200.0,1629321.0,2020,4,21,9,45,2020-04-21 09:45
185,3.8,3.81,3.82,3.8,182000.0,693180.0,2020,4,21,10,0,2020-04-21 10:00
186,3.81,3.79,3.81,3.79,117300.0,446124.0,2020,4,21,10,15,2020-04-21 10:15
187,3.79,3.79,3.8,3.79,81700.0,309997.0,2020,4,21,10,30,2020-04-21 10:30
188,3.8,3.79,3.8,3.78,315400.0,1194247.0,2020,4,21,10,45,2020-04-21 10:45
189,3.79,3.79,3.79,3.78,94800.0,359239.0,2020,4,21,11,0,2020-04-21 11:00
190,3.79,3.78,3.79,3.78,98700.0,373598.0,2020,4,21,11,15,2020-04-21 11:15
191,3.78,3.77,3.79,3.77,152000.0,574199.0,2020,4,21,11,30,2020-04-21 11:30
192,3.76,3.77,3.78,3.76,208700.0,786757.0,2020,4,21,13,15,2020-04-21 13:15
193,3.77,3.78,3.78,3.76,19100.0,72016.0,2020,4,21,13,30,2020-04-21 13:30
194,3.77,3.78,3.78,3.76,98400.0,370984.0,2020,4,21,13,45,2020-04-21 13:45
195,3.78,3.78,3.78,3.77,69400.0,261888.0,2020,4,21,14,0,2020-04-21 14:00
196,3.78,3.8,3.82,3.77,575500.0,2190821.0,2020,4,21,14,15,2020-04-21 14:15
197,3.81,3.8,3.81,3.79,104000.0,395402.0,2020,4,21,14,30,2020-04-21 14:30
198,3.8,3.81,3.82,3.8,224800.0,855728.0,2020,4,21,14,45,2020-04-21 14:45
199,3.81,3.84,3.85,3.81,788500.0,3020612.0,2020,4,21,15,0,2020-04-21 15:00
200,3.8,3.81,3.82,3.79,381200.0,1449608.0,2020,4,22,9,45,2020-04-22 09:45
201,3.82,3.83,3.84,3.8,259500.0,993156.0,2020,4,22,10,0,2020-04-22 10:00
202,3.83,3.84,3.84,3.82,142600.0,545675.0,2020,4,22,10,15,2020-04-22 10:15
203,3.83,3.82,3.84,3.82,220000.0,843569.0,2020,4,22,10,30,2020-04-22 10:30
204,3.82,3.81,3.83,3.8,415200.0,1583995.0,2020,4,22,10,45,2020-04-22 10:45
205,3.8,3.81,3.82,3.8,128800.0,490319.0,2020,4,22,11,0,2020-04-22 11:00
206,3.82,3.8,3.82,3.79,361800.0,1375367.0,2020,4,22,11,15,2020-04-22 11:15
207,3.79,3.79,3.81,3.79,190100.0,721830.0,2020,4,22,11,30,2020-04-22 11:30
208,3.81,3.8,3.81,3.8,248700.0,944485.0,2020,4,22,13,15,2020-04-22 13:15
209,3.8,3.81,3.82,3.8,149100.0,567812.0,2020,4,22,13,30,2020-04-22 13:30
210,3.81,3.82,3.84,3.81,355800.0,1362144.0,2020,4,22,13,45,2020-04-22 13:45
211,3.82,3.83,3.83,3.81,150200.0,574531.0,2020,4,22,14,0,2020-04-22 14:00
212,3.83,3.83,3.83,3.82,113200.0,432632.0,2020,4,22,14,15,2020-04-22 14:15
213,3.82,3.82,3.83,3.82,303600.0,1161630.0,2020,4,22,14,30,2020-04-22 14:30
214,3.82,3.84,3.84,3.82,311800.0,1193336.0,2020,4,22,14,45,2020-04-22 14:45
215,3.83,3.84,3.84,3.83,393200.0,1509025.0,2020,4,22,15,0,2020-04-22 15:00
216,3.84,3.83,3.84,3.82,127400.0,487781.0,2020,4,23,9,45,2020-04-23 09:45
217,3.83,3.84,3.84,3.83,256900.0,985776.0,2020,4,23,10,0,2020-04-23 10:00
218,3.84,3.83,3.84,3.82,157100.0,601693.0,2020,4,23,10,15,2020-04-23 10:15
219,3.83,3.85,3.85,3.82,379900.0,1458214.0,2020,4,23,10,30,2020-04-23 10:30
220,3.85,3.86,3.89,3.85,1026800.0,3973185.0,2020,4,23,10,45,2020-04-23 10:45
221,3.86,3.87,3.87,3.85,222100.0,857442.0,2020,4,23,11,0,2020-04-23 11:00
222,3.86,3.85,3.87,3.85,275000.0,1062574.0,2020,4,23,11,15,2020-04-23 11:15
223,3.85,3.85,3.85,3.84,100900.0,388291.0,2020,4,23,11,30,2020-04-23 11:30
224,3.85,3.85,3.85,3.84,109600.0,421682.0,2020,4,23,13,15,2020-04-23 13:15
225,3.84,3.84,3.85,3.83,302200.0,1160517.0,2020,4,23,13,30,2020-04-23 13:30
226,3.84,3.86,3.87,3.84,330400.0,1273311.0,2020,4,23,13,45,2020-04-23 13:45
227,3.86,3.86,3.87,3.85,344300.0,1330242.0,2020,4,23,14,0,2020-04-23 14:00
228,3.86,3.85,3.86,3.83,354500.0,1362265.0,2020,4,23,14,15,2020-04-23 14:15
229,3.84,3.85,3.85,3.84,42300.0,162631.0,2020,4,23,14,30,2020-04-23 14:30
230,3.85,3.83,3.85,3.83,243200.0,933088.0,2020,4,23,14,45,2020-04-23 14:45
231,3.84,3.84,3.84,3.83,471500.0,1808052.0,2020,4,23,15,0,2020-04-23 15:00
232,3.87,3.85,3.88,3.85,673700.0,2601455.0,2020,4,24,9,45,2020-04-24 09:45
233,3.84,3.87,3.87,3.83,310300.0,1197107.0,2020,4,24,10,0,2020-04-24 10:00
234,3.86,3.84,3.86,3.84,132500.0,510306.0,2020,4,24,10,15,2020-04-24 10:15
235,3.84,3.84,3.85,3.82,238600.0,914162.0,2020,4,24,10,30,2020-04-24 10:30
236,3.83,3.82,3.83,3.81,106300.0,406239.0,2020,4,24,10,45,2020-04-24 10:45
237,3.83,3.82,3.83,3.82,73500.0,280966.0,2020,4,24,11,0,2020-04-24 11:00
238,3.83,3.82,3.83,3.82,124300.0,475368.0,2020,4,24,11,15,2020-04-24 11:15
239,3.82,3.81,3.83,3.81,157700.0,602227.0,2020,4,24,11,30,2020-04-24 11:30
240,3.81,3.8,3.82,3.76,442500.0,1678602.0,2020,4,24,13,15,2020-04-24 13:15
241,3.8,3.79,3.81,3.79,111500.0,423160.0,2020,4,24,13,30,2020-04-24 13:30
242,3.79,3.78,3.79,3.76,533700.0,2013187.0,2020,4,24,13,45,2020-04-24 13:45
243,3.77,3.78,3.78,3.76,171400.0,646434.0,2020,4,24,14,0,2020-04-24 14:00
244,3.77,3.78,3.79,3.76,311600.0,1175796.0,2020,4,24,14,15,2020-04-24 14:15
245,3.78,3.8,3.81,3.77,579700.0,2198828.0,2020,4,24,14,30,2020-04-24 14:30
246,3.8,3.78,3.8,3.77,179600.0,679406.0,2020,4,24,14,45,2020-04-24 14:45
247,3.78,3.8,3.81,3.78,275800.0,1047387.0,2020,4,24,15,0,2020-04-24 15:00
248,3.78,3.78,3.82,3.78,493000.0,1869665.0,2020,4,27,9,45,2020-04-27 09:45
249,3.78,3.79,3.8,3.78,208900.0,790299.0,2020,4,27,10,0,2020-04-27 10:00
250,3.79,3.79,3.8,3.78,113200.0,429014.0,2020,4,27,10,15,2020-04-27 10:15
251,3.78,3.79,3.8,3.78,159900.0,605846.0,2020,4,27,10,30,2020-04-27 10:30
252,3.79,3.79,3.8,3.79,55500.0,210713.0,2020,4,27,10,45,2020-04-27 10:45
253,3.8,3.79,3.81,3.79,215700.0,819152.0,2020,4,27,11,0,2020-04-27 11:00
254,3.79,3.79,3.8,3.79,15900.0,60302.0,2020,4,27,11,15,2020-04-27 11:15
255,3.8,3.79,3.8,3.79,26900.0,102054.0,2020,4,27,11,30,2020-04-27 11:30
256,3.78,3.78,3.79,3.78,241300.0,913412.0,2020,4,27,13,15,2020-04-27 13:15
257,3.78,3.78,3.79,3.77,71600.0,270640.0,2020,4,27,13,30,2020-04-27 13:30
258,3.78,3.78,3.78,3.77,140000.0,528837.0,2020,4,27,13,45,2020-04-27 13:45
259,3.78,3.78,3.78,3.77,100200.0,377915.0,2020,4,27,14,0,2020-04-27 14:00
260,3.78,3.76,3.78,3.75,260500.0,979653.0,2020,4,27,14,15,2020-04-27 14:15
261,3.75,3.74,3.76,3.74,421300.0,1578336.0,2020,4,27,14,30,2020-04-27 14:30
262,3.73,3.72,3.73,3.7,630400.0,2343709.0,2020,4,27,14,45,2020-04-27 14:45
263,3.72,3.7,3.73,3.69,572000.0,2120824.0,2020,4,27,15,0,2020-04-27 15:00
264,3.7,3.64,3.71,3.63,1031500.0,3783763.0,2020,4,28,9,45,2020-04-28 09:45
265,3.64,3.52,3.64,3.51,1144700.0,4104834.0,2020,4,28,10,0,2020-04-28 10:00
266,3.52,3.55,3.58,3.52,686000.0,2437616.0,2020,4,28,10,15,2020-04-28 10:15
267,3.56,3.58,3.59,3.56,289400.0,1035434.0,2020,4,28,10,30,2020-04-28 10:30
268,3.57,3.59,3.6,3.56,369000.0,1321095.0,2020,4,28,10,45,2020-04-28 10:45
269,3.58,3.58,3.59,3.57,315300.0,1128229.0,2020,4,28,11,0,2020-04-28 11:00
270,3.58,3.57,3.58,3.56,425400.0,1516267.0,2020,4,28,11,15,2020-04-28 11:15
271,3.57,3.58,3.59,3.56,177300.0,634088.0,2020,4,28,11,30,2020-04-28 11:30
272,3.58,3.57,3.58,3.56,152700.0,545788.0,2020,4,28,13,15,2020-04-28 13:15
273,3.57,3.56,3.58,3.55,298600.0,1063542.0,2020,4,28,13,30,2020-04-28 13:30
274,3.55,3.52,3.56,3.52,684200.0,2419460.0,2020,4,28,13,45,2020-04-28 13:45
275,3.52,3.53,3.54,3.52,452100.0,1595104.0,2020,4,28,14,0,2020-04-28 14:00
276,3.53,3.54,3.55,3.53,351800.0,1243044.0,2020,4,28,14,15,2020-04-28 14:15
277,3.54,3.53,3.54,3.53,351900.0,1243112.0,2020,4,28,14,30,2020-04-28 14:30
278,3.53,3.49,3.54,3.47,1497200.0,5244256.0,2020,4,28,14,45,2020-04-28 14:45
279,3.49,3.51,3.52,3.48,270000.0,945984.0,2020,4,28,15,0,2020-04-28 15:00
280,3.54,3.56,3.56,3.51,415000.0,1468617.0,2020,4,29,9,45,2020-04-29 09:45
281,3.55,3.56,3.56,3.55,92700.0,329478.0,2020,4,29,10,0,2020-04-29 10:00
282,3.56,3.54,3.56,3.54,213900.0,757641.0,2020,4,29,10,15,2020-04-29 10:15
283,3.54,3.54,3.56,3.54,196800.0,698385.0,2020,4,29,10,30,2020-04-29 10:30
284,3.53,3.53,3.54,3.52,217400.0,766844.0,2020,4,29,10,45,2020-04-29 10:45
285,3.53,3.53,3.53,3.52,19600.0,69087.0,2020,4,29,11,0,2020-04-29 11:00
286,3.53,3.53,3.53,3.52,36500.0,128833.0,2020,4,29,11,15,2020-04-29 11:15
287,3.53,3.53,3.53,3.52,102500.0,361235.0,2020,4,29,11,30,2020-04-29 11:30
288,3.53,3.54,3.54,3.53,167100.0,590159.0,2020,4,29,13,15,2020-04-29 13:15
289,3.53,3.54,3.55,3.53,128000.0,452356.0,2020,4,29,13,30,2020-04-29 13:30
290,3.54,3.53,3.55,3.53,124400.0,439535.0,2020,4,29,13,45,2020-04-29 13:45
291,3.53,3.54,3.54,3.53,17600.0,62203.0,2020,4,29,14,0,2020-04-29 14:00
292,3.53,3.53,3.54,3.53,44000.0,155371.0,2020,4,29,14,15,2020-04-29 14:15
293,3.53,3.53,3.53,3.52,61000.0,215214.0,2020,4,29,14,30,2020-04-29 14:30
294,3.53,3.52,3.55,3.52,304500.0,1075384.0,2020,4,29,14,45,2020-04-29 14:45
295,3.53,3.53,3.54,3.52,65300.0,230577.0,2020,4,29,15,0,2020-04-29 15:00
296,3.55,3.55,3.56,3.53,298900.0,1060161.0,2020,4,30,9,45,2020-04-30 09:45
297,3.56,3.58,3.58,3.55,247700.0,883762.0,2020,4,30,10,0,2020-04-30 10:00
298,3.58,3.58,3.58,3.57,293300.0,1048997.0,2020,4,30,10,15,2020-04-30 10:15
299,3.58,3.57,3.58,3.56,141100.0,503594.0,2020,4,30,10,30,2020-04-30 10:30
300,3.56,3.57,3.58,3.56,62500.0,223259.0,2020,4,30,10,45,2020-04-30 10:45
301,3.57,3.57,3.58,3.57,105700.0,378154.0,2020,4,30,11,0,2020-04-30 11:00
302,3.58,3.59,3.59,3.57,69600.0,249104.0,2020,4,30,11,15,2020-04-30 11:15
303,3.59,3.59,3.59,3.58,124300.0,445795.0,2020,4,30,11,30,2020-04-30 11:30
304,3.58,3.6,3.61,3.58,245500.0,884244.0,2020,4,30,13,15,2020-04-30 13:15
305,3.59,3.6,3.6,3.59,102800.0,369283.0,2020,4,30,13,30,2020-04-30 13:30
306,3.6,3.62,3.62,3.59,163700.0,590476.0,2020,4,30,13,45,2020-04-30 13:45
307,3.61,3.61,3.61,3.6,121500.0,438014.0,2020,4,30,14,0,2020-04-30 14:00
308,3.61,3.61,3.61,3.59,135600.0,487797.0,2020,4,30,14,15,2020-04-30 14:15
309,3.61,3.6,3.61,3.59,75600.0,272207.0,2020,4,30,14,30,2020-04-30 14:30
310,3.59,3.61,3.61,3.59,116500.0,419601.0,2020,4,30,14,45,2020-04-30 14:45
311,3.6,3.6,3.61,3.6,205900.0,741403.0,2020,4,30,15,0,2020-04-30 15:00
312,3.58,3.6,3.61,3.56,377500.0,1353434.0,2020,5,6,9,45,2020-05-06 09:45
313,3.6,3.59,3.61,3.58,147900.0,531411.0,2020,5,6,10,0,2020-05-06 10:00
314,3.6,3.6,3.61,3.6,247500.0,892537.0,2020,5,6,10,15,2020-05-06 10:15
315,3.6,3.62,3.63,3.6,218100.0,788803.0,2020,5,6,10,30,2020-05-06 10:30
316,3.61,3.6,3.62,3.6,148100.0,534414.0,2020,5,6,10,45,2020-05-06 10:45
317,3.61,3.61,3.62,3.6,39300.0,141763.0,2020,5,6,11,0,2020-05-06 11:00
318,3.62,3.62,3.62,3.61,42400.0,153286.0,2020,5,6,11,15,2020-05-06 11:15
319,3.62,3.62,3.63,3.61,95800.0,346814.0,2020,5,6,11,30,2020-05-06 11:30
320,3.62,3.63,3.64,3.61,163300.0,591509.0,2020,5,6,13,15,2020-05-06 13:15
321,3.63,3.61,3.64,3.61,149300.0,541756.0,2020,5,6,13,30,2020-05-06 13:30
322,3.61,3.62,3.62,3.61,24600.0,88958.0,2020,5,6,13,45,2020-05-06 13:45
323,3.62,3.63,3.63,3.61,108500.0,393283.0,2020,5,6,14,0,2020-05-06 14:00
324,3.63,3.63,3.63,3.62,71000.0,257508.0,2020,5,6,14,15,2020-05-06 14:15
325,3.63,3.64,3.66,3.62,267700.0,975426.0,2020,5,6,14,30,2020-05-06 14:30
326,3.65,3.67,3.67,3.65,357200.0,1308204.0,2020,5,6,14,45,2020-05-06 14:45
327,3.66,3.65,3.67,3.65,356400.0,1303682.0,2020,5,6,15,0,2020-05-06 15:00
328,3.65,3.64,3.66,3.63,262900.0,958667.0,2020,5,7,9,45,2020-05-07 09:45
329,3.64,3.64,3.65,3.63,216600.0,788028.0,2020,5,7,10,0,2020-05-07 10:00
330,3.65,3.65,3.65,3.64,92300.0,336015.0,2020,5,7,10,15,2020-05-07 10:15
331,3.63,3.63,3.65,3.63,231200.0,839502.0,2020,5,7,10,30,2020-05-07 10:30
332,3.63,3.65,3.65,3.62,55800.0,202498.0,2020,5,7,10,45,2020-05-07 10:45
333,3.65,3.66,3.66,3.64,61900.0,225968.0,2020,5,7,11,0,2020-05-07 11:00
334,3.66,3.65,3.66,3.65,37300.0,136294.0,2020,5,7,11,15,2020-05-07 11:15
335,3.66,3.66,3.66,3.65,21600.0,79041.0,2020,5,7,11,30,2020-05-07 11:30
336,3.66,3.65,3.66,3.65,159600.0,583767.0,2020,5,7,13,15,2020-05-07 13:15
337,3.65,3.65,3.66,3.65,240500.0,879349.0,2020,5,7,13,30,2020-05-07 13:30
338,3.65,3.65,3.66,3.65,220400.0,804900.0,2020,5,7,13,45,2020-05-07 13:45
339,3.65,3.66,3.66,3.65,68800.0,251437.0,2020,5,7,14,0,2020-05-07 14:00
340,3.66,3.66,3.66,3.65,30000.0,109559.0,2020,5,7,14,15,2020-05-07 14:15
341,3.65,3.65,3.66,3.65,84400.0,308626.0,2020,5,7,14,30,2020-05-07 14:30
342,3.65,3.65,3.66,3.64,198700.0,725739.0,2020,5,7,14,45,2020-05-07 14:45
343,3.65,3.66,3.66,3.64,263100.0,960982.0,2020,5,7,15,0,2020-05-07 15:00
344,3.65,3.66,3.67,3.65,242200.0,885229.0,2020,5,8,9,45,2020-05-08 09:45
345,3.66,3.67,3.67,3.65,331400.0,1214835.0,2020,5,8,10,0,2020-05-08 10:00
346,3.67,3.67,3.69,3.66,235400.0,865217.0,2020,5,8,10,15,2020-05-08 10:15
347,3.67,3.67,3.68,3.67,108000.0,396452.0,2020,5,8,10,30,2020-05-08 10:30
348,3.67,3.67,3.67,3.66,29600.0,108401.0,2020,5,8,10,45,2020-05-08 10:45
349,3.66,3.67,3.67,3.66,65400.0,239639.0,2020,5,8,11,0,2020-05-08 11:00
350,3.67,3.68,3.68,3.66,277900.0,1020593.0,2020,5,8,11,15,2020-05-08 11:15
351,3.67,3.68,3.68,3.67,29400.0,108011.0,2020,5,8,11,30,2020-05-08 11:30
352,3.68,3.67,3.68,3.66,127000.0,466243.0,2020,5,8,13,15,2020-05-08 13:15
353,3.67,3.68,3.68,3.67,120100.0,441635.0,2020,5,8,13,30,2020-05-08 13:30
354,3.67,3.67,3.68,3.67,31700.0,116345.0,2020,5,8,13,45,2020-05-08 13:45
355,3.67,3.68,3.68,3.67,128400.0,471497.0,2020,5,8,14,0,2020-05-08 14:00
356,3.68,3.66,3.68,3.66,154100.0,566014.0,2020,5,8,14,15,2020-05-08 14:15
357,3.66,3.66,3.67,3.66,100600.0,368479.0,2020,5,8,14,30,2020-05-08 14:30
358,3.67,3.66,3.67,3.66,80800.0,296294.0,2020,5,8,14,45,2020-05-08 14:45
359,3.66,3.67,3.67,3.66,159200.0,583912.0,2020,5,8,15,0,2020-05-08 15:00
360,3.66,3.67,3.69,3.66,210100.0,772666.0,2020,5,11,9,45,2020-05-11 09:45
361,3.67,3.68,3.69,3.66,359900.0,1320976.0,2020,5,11,10,0,2020-05-11 10:00
362,3.68,3.67,3.68,3.66,123400.0,452729.0,2020,5,11,10,15,2020-05-11 10:15
363,3.67,3.66,3.68,3.66,323300.0,1185849.0,2020,5,11,10,30,2020-05-11 10:30
364,3.66,3.66,3.67,3.66,97700.0,357817.0,2020,5,11,10,45,2020-05-11 10:45
365,3.67,3.66,3.67,3.65,149400.0,546134.0,2020,5,11,11,0,2020-05-11 11:00
366,3.66,3.66,3.66,3.65,25600.0,93695.0,2020,5,11,11,15,2020-05-11 11:15
367,3.65,3.65,3.66,3.65,103300.0,377055.0,2020,5,11,11,30,2020-05-11 11:30
368,3.65,3.64,3.66,3.64,72700.0,265315.0,2020,5,11,13,15,2020-05-11 13:15
369,3.64,3.64,3.65,3.64,131600.0,478957.0,2020,5,11,13,30,2020-05-11 13:30
370,3.64,3.64,3.64,3.63,66000.0,239845.0,2020,5,11,13,45,2020-05-11 13:45
371,3.63,3.63,3.64,3.63,140500.0,510078.0,2020,5,11,14,0,2020-05-11 14:00
372,3.63,3.63,3.64,3.63,44400.0,161230.0,2020,5,11,14,15,2020-05-11 14:15
373,3.64,3.63,3.64,3.62,159300.0,578113.0,2020,5,11,14,30,2020-05-11 14:30
374,3.63,3.64,3.64,3.62,54600.0,198058.0,2020,5,11,14,45,2020-05-11 14:45
375,3.64,3.63,3.64,3.63,78100.0,283628.0,2020,5,11,15,0,2020-05-11 15:00
376,3.63,3.62,3.64,3.62,219700.0,796445.0,2020,5,12,9,45,2020-05-12 09:45
377,3.62,3.62,3.63,3.61,121400.0,439389.0,2020,5,12,10,0,2020-05-12 10:00
378,3.63,3.64,3.64,3.62,90000.0,327243.0,2020,5,12,10,15,2020-05-12 10:15
379,3.64,3.64,3.64,3.63,120200.0,436883.0,2020,5,12,10,30,2020-05-12 10:30
380,3.64,3.63,3.64,3.62,81900.0,296843.0,2020,5,12,10,45,2020-05-12 10:45
381,3.63,3.61,3.63,3.61,29300.0,106042.0,2020,5,12,11,0,2020-05-12 11:00
382,3.62,3.6,3.62,3.6,106200.0,383385.0,2020,5,12,11,15,2020-05-12 11:15
383,3.6,3.58,3.61,3.58,191000.0,686285.0,2020,5,12,11,30,2020-05-12 11:30
384,3.58,3.58,3.59,3.57,308300.0,1103190.0,2020,5,12,13,15,2020-05-12 13:15
385,3.58,3.59,3.59,3.58,77200.0,277083.0,2020,5,12,13,30,2020-05-12 13:30
386,3.59,3.61,3.61,3.59,113600.0,409055.0,2020,5,12,13,45,2020-05-12 13:45
387,3.61,3.6,3.61,3.59,77100.0,277572.0,2020,5,12,14,0,2020-05-12 14:00
388,3.6,3.6,3.6,3.59,75200.0,270585.0,2020,5,12,14,15,2020-05-12 14:15
389,3.6,3.61,3.61,3.59,80400.0,288955.0,2020,5,12,14,30,2020-05-12 14:30
390,3.6,3.6,3.61,3.6,50000.0,180021.0,2020,5,12,14,45,2020-05-12 14:45
391,3.6,3.6,3.61,3.6,118400.0,426714.0,2020,5,12,15,0,2020-05-12 15:00
392,3.6,3.58,3.61,3.57,246600.0,882702.0,2020,5,13,9,45,2020-05-13 09:45
393,3.58,3.6,3.6,3.58,143800.0,516582.0,2020,5,13,10,0,2020-05-13 10:00
394,3.6,3.61,3.61,3.59,102000.0,367835.0,2020,5,13,10,15,2020-05-13 10:15
395,3.6,3.59,3.61,3.59,95000.0,341613.0,2020,5,13,10,30,2020-05-13 10:30
396,3.59,3.6,3.6,3.59,56100.0,201677.0,2020,5,13,10,45,2020-05-13 10:45
397,3.59,3.6,3.6,3.59,93600.0,336413.0,2020,5,13,11,0,2020-05-13 11:00
398,3.59,3.59,3.6,3.58,53800.0,193129.0,2020,5,13,11,15,2020-05-13 11:15
399,3.59,3.59,3.6,3.59,36900.0,132634.0,2020,5,13,11,30,2020-05-13 11:30
400,3.59,3.59,3.6,3.58,175300.0,628320.0,2020,5,13,13,15,2020-05-13 13:15
401,3.59,3.6,3.6,3.58,97300.0,349449.0,2020,5,13,13,30,2020-05-13 13:30
402,3.59,3.59,3.59,3.57,502200.0,1797359.0,2020,5,13,13,45,2020-05-13 13:45
403,3.58,3.58,3.58,3.57,137400.0,491559.0,2020,5,13,14,0,2020-05-13 14:00
404,3.59,3.6,3.6,3.58,126100.0,453022.0,2020,5,13,14,15,2020-05-13 14:15
405,3.59,3.59,3.6,3.58,124200.0,445852.0,2020,5,13,14,30,2020-05-13 14:30
406,3.59,3.6,3.6,3.58,101100.0,363428.0,2020,5,13,14,45,2020-05-13 14:45
407,3.59,3.58,3.6,3.58,128800.0,462166.0,2020,5,13,15,0,2020-05-13 15:00
408,3.6,3.56,3.6,3.56,230100.0,822936.0,2020,5,14,9,45,2020-05-14 09:45
409,3.56,3.58,3.58,3.56,258700.0,923002.0,2020,5,14,10,0,2020-05-14 10:00
410,3.58,3.57,3.58,3.56,129300.0,462253.0,2020,5,14,10,15,2020-05-14 10:15
411,3.57,3.58,3.58,3.57,77400.0,276747.0,2020,5,14,10,30,2020-05-14 10:30
412,3.58,3.58,3.58,3.57,87500.0,313080.0,2020,5,14,10,45,2020-05-14 10:45
413,3.58,3.58,3.58,3.57,44700.0,159936.0,2020,5,14,11,0,2020-05-14 11:00
414,3.58,3.59,3.59,3.57,88100.0,315639.0,2020,5,14,11,15,2020-05-14 11:15
415,3.59,3.61,3.62,3.59,197300.0,710482.0,2020,5,14,11,30,2020-05-14 11:30
416,3.61,3.6,3.61,3.59,61300.0,221012.0,2020,5,14,13,15,2020-05-14 13:15
417,3.6,3.6,3.61,3.59,91600.0,329053.0,2020,5,14,13,30,2020-05-14 13:30
418,3.6,3.6,3.6,3.58,52400.0,188441.0,2020,5,14,13,45,2020-05-14 13:45
419,3.6,3.6,3.6,3.59,30600.0,110036.0,2020,5,14,14,0,2020-05-14 14:00
420,3.59,3.58,3.59,3.58,201800.0,723179.0,2020,5,14,14,15,2020-05-14 14:15
421,3.59,3.59,3.59,3.58,79200.0,284118.0,2020,5,14,14,30,2020-05-14 14:30
422,3.59,3.59,3.59,3.58,128800.0,462370.0,2020,5,14,14,45,2020-05-14 14:45
423,3.59,3.57,3.59,3.57,422700.0,1511961.0,2020,5,14,15,0,2020-05-14 15:00
424,3.57,3.6,3.62,3.57,446200.0,1606157.0,2020,5,15,9,45,2020-05-15 09:45
425,3.6,3.59,3.6,3.58,130500.0,469367.0,2020,5,15,10,0,2020-05-15 10:00
426,3.59,3.59,3.59,3.58,76400.0,273814.0,2020,5,15,10,15,2020-05-15 10:15
427,3.59,3.59,3.59,3.58,76300.0,273437.0,2020,5,15,10,30,2020-05-15 10:30
428,3.59,3.59,3.59,3.58,32500.0,116606.0,2020,5,15,10,45,2020-05-15 10:45
429,3.59,3.59,3.59,3.58,117500.0,420869.0,2020,5,15,11,0,2020-05-15 11:00
430,3.59,3.59,3.59,3.58,62600.0,224392.0,2020,5,15,11,15,2020-05-15 11:15
431,3.59,3.6,3.6,3.58,133400.0,479476.0,2020,5,15,11,30,2020-05-15 11:30
432,3.6,3.61,3.61,3.59,87100.0,313727.0,2020,5,15,13,15,2020-05-15 13:15
433,3.6,3.61,3.61,3.6,53800.0,194042.0,2020,5,15,13,30,2020-05-15 13:30
434,3.61,3.59,3.61,3.59,112200.0,403897.0,2020,5,15,13,45,2020-05-15 13:45
435,3.6,3.6,3.6,3.59,23900.0,85814.0,2020,5,15,14,0,2020-05-15 14:00
436,3.59,3.6,3.6,3.59,108000.0,388719.0,2020,5,15,14,15,2020-05-15 14:15
437,3.59,3.59,3.6,3.58,68800.0,247097.0,2020,5,15,14,30,2020-05-15 14:30
438,3.58,3.57,3.6,3.57,97200.0,347891.0,2020,5,15,14,45,2020-05-15 14:45
439,3.57,3.58,3.59,3.57,166500.0,595923.0,2020,5,15,15,0,2020-05-15 15:00
440,3.63,3.58,3.63,3.56,595100.0,2133453.0,2020,5,18,9,45,2020-05-18 09:45
441,3.57,3.59,3.59,3.57,161800.0,579232.0,2020,5,18,10,0,2020-05-18 10:00
442,3.59,3.61,3.61,3.59,112400.0,404675.0,2020,5,18,10,15,2020-05-18 10:15
443,3.6,3.6,3.61,3.59,127200.0,458567.0,2020,5,18,10,30,2020-05-18 10:30
444,3.59,3.59,3.61,3.59,136700.0,492291.0,2020,5,18,10,45,2020-05-18 10:45
445,3.59,3.61,3.61,3.59,150400.0,542451.0,2020,5,18,11,0,2020-05-18 11:00
446,3.6,3.61,3.61,3.6,67600.0,243758.0,2020,5,18,11,15,2020-05-18 11:15
447,3.61,3.61,3.61,3.6,89800.0,324033.0,2020,5,18,11,30,2020-05-18 11:30
448,3.62,3.61,3.62,3.6,123500.0,445882.0,2020,5,18,13,15,2020-05-18 13:15
449,3.61,3.62,3.62,3.6,154400.0,557202.0,2020,5,18,13,30,2020-05-18 13:30
450,3.62,3.61,3.62,3.6,117100.0,422835.0,2020,5,18,13,45,2020-05-18 13:45
451,3.6,3.6,3.61,3.6,115800.0,417603.0,2020,5,18,14,0,2020-05-18 14:00
452,3.6,3.6,3.61,3.6,114100.0,411420.0,2020,5,18,14,15,2020-05-18 14:15
453,3.6,3.61,3.61,3.6,42800.0,154463.0,2020,5,18,14,30,2020-05-18 14:30
454,3.61,3.6,3.61,3.59,152900.0,550177.0,2020,5,18,14,45,2020-05-18 14:45
455,3.59,3.58,3.6,3.58,342000.0,1226762.0,2020,5,18,15,0,2020-05-18 15:00
456,3.6,3.62,3.64,3.6,614700.0,2223869.0,2020,5,19,9,45,2020-05-19 09:45
457,3.61,3.64,3.67,3.61,948100.0,3454495.0,2020,5,19,10,0,2020-05-19 10:00
458,3.65,3.65,3.65,3.64,435900.0,1589165.0,2020,5,19,10,15,2020-05-19 10:15
459,3.64,3.64,3.65,3.63,172000.0,626015.0,2020,5,19,10,30,2020-05-19 10:30
460,3.64,3.63,3.64,3.63,47700.0,173520.0,2020,5,19,10,45,2020-05-19 10:45
461,3.64,3.64,3.64,3.63,114300.0,415836.0,2020,5,19,11,0,2020-05-19 11:00
462,3.64,3.63,3.64,3.63,94500.0,343387.0,2020,5,19,11,15,2020-05-19 11:15
463,3.63,3.64,3.64,3.63,68600.0,249172.0,2020,5,19,11,30,2020-05-19 11:30
464,3.64,3.64,3.64,3.63,69100.0,251122.0,2020,5,19,13,15,2020-05-19 13:15
465,3.63,3.63,3.64,3.63,104500.0,379693.0,2020,5,19,13,30,2020-05-19 13:30
466,3.63,3.64,3.64,3.63,30600.0,111113.0,2020,5,19,13,45,2020-05-19 13:45
467,3.64,3.63,3.64,3.62,136800.0,496699.0,2020,5,19,14,0,2020-05-19 14:00
468,3.63,3.63,3.64,3.63,57800.0,209898.0,2020,5,19,14,15,2020-05-19 14:15
469,3.63,3.63,3.64,3.63,94800.0,344589.0,2020,5,19,14,30,2020-05-19 14:30
470,3.64,3.64,3.64,3.63,175800.0,639705.0,2020,5,19,14,45,2020-05-19 14:45
471,3.64,3.63,3.65,3.63,447700.0,1627702.0,2020,5,19,15,0,2020-05-19 15:00
472,3.63,3.62,3.64,3.62,235300.0,852375.0,2020,5,20,9,45,2020-05-20 09:45
473,3.62,3.64,3.65,3.62,294300.0,1069530.0,2020,5,20,10,0,2020-05-20 10:00
474,3.64,3.63,3.64,3.63,144700.0,526658.0,2020,5,20,10,15,2020-05-20 10:15
475,3.64,3.63,3.64,3.63,68200.0,247812.0,2020,5,20,10,30,2020-05-20 10:30
476,3.63,3.62,3.63,3.62,83700.0,303686.0,2020,5,20,10,45,2020-05-20 10:45
477,3.62,3.62,3.63,3.62,29300.0,106112.0,2020,5,20,11,0,2020-05-20 11:00
478,3.63,3.62,3.63,3.62,51400.0,186099.0,2020,5,20,11,15,2020-05-20 11:15
479,3.62,3.62,3.62,3.6,326500.0,1179494.0,2020,5,20,11,30,2020-05-20 11:30
480,3.61,3.62,3.62,3.61,46700.0,168604.0,2020,5,20,13,15,2020-05-20 13:15
481,3.62,3.61,3.62,3.6,144100.0,520160.0,2020,5,20,13,30,2020-05-20 13:30
482,3.61,3.61,3.61,3.6,109500.0,395160.0,2020,5,20,13,45,2020-05-20 13:45
483,3.61,3.6,3.61,3.59,120100.0,432478.0,2020,5,20,14,0,2020-05-20 14:00
484,3.6,3.6,3.61,3.6,98400.0,354321.0,2020,5,20,14,15,2020-05-20 14:15
485,3.6,3.59,3.61,3.58,304800.0,1095391.0,2020,5,20,14,30,2020-05-20 14:30
486,3.59,3.59,3.6,3.58,131000.0,470385.0,2020,5,20,14,45,2020-05-20 14:45
487,3.59,3.59,3.59,3.58,73200.0,262758.0,2020,5,20,15,0,2020-05-20 15:00
488,3.63,3.95,3.95,3.63,15704600.0,61190748.0,2020,5,21,9,45,2020-05-21 09:45
489,3.95,3.95,3.95,3.95,2233100.0,8820740.0,2020,5,21,10,0,2020-05-21 10:00
490,3.95,3.95,3.95,3.95,1949600.0,7700928.0,2020,5,21,10,15,2020-05-21 10:15
491,3.95,3.95,3.95,3.95,522100.0,2062288.0,2020,5,21,10,30,2020-05-21 10:30
492,3.95,3.95,3.95,3.95,384800.0,1519960.0,2020,5,21,10,45,2020-05-21 10:45
493,3.95,3.95,3.95,3.95,197800.0,781312.0,2020,5,21,11,0,2020-05-21 11:00
494,3.95,3.95,3.95,3.95,381300.0,1506136.0,2020,5,21,11,15,2020-05-21 11:15
495,3.95,3.95,3.95,3.95,149400.0,590128.0,2020,5,21,11,30,2020-05-21 11:30
496,3.95,3.95,3.95,3.95,394700.0,1559064.0,2020,5,21,13,15,2020-05-21 13:15
497,3.95,3.95,3.95,3.95,94500.0,373280.0,2020,5,21,13,30,2020-05-21 13:30
498,3.95,3.95,3.95,3.91,3907900.0,15424760.0,2020,5,21,13,45,2020-05-21 13:45
499,3.95,3.95,3.95,3.95,751000.0,2966560.0,2020,5,21,14,0,2020-05-21 14:00
500,3.95,3.95,3.95,3.95,984200.0,3887592.0,2020,5,21,14,15,2020-05-21 14:15
501,3.95,3.95,3.95,3.93,7710300.0,30448696.0,2020,5,21,14,30,2020-05-21 14:30
502,3.95,3.95,3.95,3.94,5513600.0,21773120.0,2020,5,21,14,45,2020-05-21 14:45
503,3.95,3.95,3.95,3.95,2111800.0,8340848.0,2020,5,21,15,0,2020-05-21 15:00
504,3.92,3.82,3.92,3.81,11817000.0,45602320.0,2020,5,22,9,45,2020-05-22 09:45
505,3.82,3.82,3.85,3.79,3430500.0,13077084.0,2020,5,22,10,0,2020-05-22 10:00
506,3.82,3.83,3.85,3.82,1207200.0,4631408.0,2020,5,22,10,15,2020-05-22 10:15
507,3.83,3.78,3.83,3.78,2756900.0,10452548.0,2020,5,22,10,30,2020-05-22 10:30
508,3.78,3.79,3.81,3.77,861000.0,3265104.0,2020,5,22,10,45,2020-05-22 10:45
509,3.79,3.8,3.8,3.78,884200.0,3351904.0,2020,5,22,11,0,2020-05-22 11:00
510,3.8,3.8,3.81,3.79,598500.0,2273080.0,2020,5,22,11,15,2020-05-22 11:15
511,3.8,3.8,3.82,3.79,2245000.0,8534520.0,2020,5,22,11,30,2020-05-22 11:30
512,3.82,3.79,3.82,3.78,1113400.0,4224192.0,2020,5,22,13,15,2020-05-22 13:15
513,3.79,3.79,3.8,3.77,826400.0,3123056.0,2020,5,22,13,30,2020-05-22 13:30
514,3.79,3.79,3.8,3.78,425800.0,1612584.0,2020,5,22,13,45,2020-05-22 13:45
515,3.78,3.77,3.78,3.77,407500.0,1538984.0,2020,5,22,14,0,2020-05-22 14:00
516,3.78,3.8,3.8,3.77,680800.0,2583888.0,2020,5,22,14,15,2020-05-22 14:15
517,3.8,4.06,4.23,3.79,16545900.0,67475056.0,2020,5,22,14,30,2020-05-22 14:30
518,4.05,4.01,4.05,4.0,5183900.0,20879600.0,2020,5,22,14,45,2020-05-22 14:45
519,4.0,4.02,4.07,4.0,4096200.0,16508192.0,2020,5,22,15,0,2020-05-22 15:00
520,3.9,3.85,3.9,3.82,6630400.0,25605844.0,2020,5,25,9,45,2020-05-25 09:45
521,3.84,3.88,3.89,3.8,2915400.0,11184308.0,2020,5,25,10,0,2020-05-25 10:00
522,3.88,3.83,3.88,3.82,1663400.0,6392004.0,2020,5,25,10,15,2020-05-25 10:15
523,3.83,3.84,3.87,3.82,916600.0,3522920.0,2020,5,25,10,30,2020-05-25 10:30
524,3.84,3.85,3.87,3.84,576200.0,2221256.0,2020,5,25,10,45,2020-05-25 10:45
525,3.85,3.88,3.89,3.85,801900.0,3106092.0,2020,5,25,11,0,2020-05-25 11:00
526,3.88,3.87,3.88,3.86,231500.0,896380.0,2020,5,25,11,15,2020-05-25 11:15
527,3.87,3.85,3.87,3.84,534300.0,2057700.0,2020,5,25,11,30,2020-05-25 11:30
528,3.86,3.86,3.87,3.85,423400.0,1633504.0,2020,5,25,13,15,2020-05-25 13:15
529,3.86,3.83,3.86,3.82,862200.0,3309976.0,2020,5,25,13,30,2020-05-25 13:30
530,3.83,3.83,3.84,3.82,489100.0,1874056.0,2020,5,25,13,45,2020-05-25 13:45
531,3.83,3.85,3.85,3.83,529100.0,2030368.0,2020,5,25,14,0,2020-05-25 14:00
532,3.85,3.83,3.85,3.82,614700.0,2355492.0,2020,5,25,14,15,2020-05-25 14:15
533,3.83,3.83,3.83,3.81,761800.0,2906972.0,2020,5,25,14,30,2020-05-25 14:30
534,3.82,3.81,3.83,3.8,1262400.0,4813920.0,2020,5,25,14,45,2020-05-25 14:45
535,3.81,3.79,3.82,3.78,2287500.0,8675336.0,2020,5,25,15,0,2020-05-25 15:00
536,3.79,3.87,3.88,3.79,3406100.0,13040079.0,2020,5,26,9,45,2020-05-26 09:45
537,3.86,3.83,3.87,3.83,1453700.0,5602097.0,2020,5,26,10,0,2020-05-26 10:00
538,3.83,3.83,3.84,3.81,1006200.0,3852004.0,2020,5,26,10,15,2020-05-26 10:15
539,3.83,3.81,3.84,3.81,746100.0,2847476.0,2020,5,26,10,30,2020-05-26 10:30
540,3.82,3.81,3.82,3.81,493800.0,1883928.0,2020,5,26,10,45,2020-05-26 10:45
541,3.81,3.81,3.82,3.79,689700.0,2622616.0,2020,5,26,11,0,2020-05-26 11:00
542,3.81,3.81,3.81,3.8,605800.0,2304950.0,2020,5,26,11,15,2020-05-26 11:15
543,3.81,3.8,3.82,3.79,528200.0,2006998.0,2020,5,26,11,30,2020-05-26 11:30
544,3.81,3.81,3.81,3.8,367500.0,1397728.0,2020,5,26,13,15,2020-05-26 13:15
545,3.8,3.8,3.81,3.79,522500.0,1985700.0,2020,5,26,13,30,2020-05-26 13:30
546,3.8,3.79,3.81,3.79,655400.0,2489496.0,2020,5,26,13,45,2020-05-26 13:45
547,3.79,3.8,3.8,3.78,566600.0,2147600.0,2020,5,26,14,0,2020-05-26 14:00
548,3.79,3.8,3.82,3.79,770400.0,2926344.0,2020,5,26,14,15,2020-05-26 14:15
549,3.8,3.81,3.85,3.8,975300.0,3722996.0,2020,5,26,14,30,2020-05-26 14:30
550,3.81,3.82,3.83,3.8,836000.0,3189636.0,2020,5,26,14,45,2020-05-26 14:45
551,3.82,3.8,3.82,3.8,1882000.0,7164628.0,2020,5,26,15,0,2020-05-26 15:00
552,3.78,3.76,3.81,3.75,2317000.0,8727613.0,2020,5,27,9,45,2020-05-27 09:45
553,3.76,3.76,3.79,3.75,1048000.0,3950254.0,2020,5,27,10,0,2020-05-27 10:00
554,3.76,3.76,3.77,3.74,1066400.0,3999453.0,2020,5,27,10,15,2020-05-27 10:15
555,3.76,3.75,3.76,3.74,657700.0,2465014.0,2020,5,27,10,30,2020-05-27 10:30
556,3.75,3.74,3.76,3.74,581100.0,2176910.0,2020,5,27,10,45,2020-05-27 10:45
557,3.74,3.74,3.75,3.73,601900.0,2252364.0,2020,5,27,11,0,2020-05-27 11:00
558,3.74,3.75,3.76,3.74,293100.0,1098556.0,2020,5,27,11,15,2020-05-27 11:15
559,3.74,3.77,3.77,3.74,248300.0,934322.0,2020,5,27,11,30,2020-05-27 11:30
560,3.78,3.82,3.83,3.78,1436700.0,5463070.0,2020,5,27,13,15,2020-05-27 13:15
561,3.83,3.83,3.86,3.81,1348700.0,5171580.0,2020,5,27,13,30,2020-05-27 13:30
562,3.83,3.82,3.83,3.81,405300.0,1549144.0,2020,5,27,13,45,2020-05-27 13:45
563,3.82,3.82,3.83,3.81,370600.0,1414640.0,2020,5,27,14,0,2020-05-27 14:00
564,3.82,3.82,3.83,3.81,405700.0,1549320.0,2020,5,27,14,15,2020-05-27 14:15
565,3.82,3.78,3.83,3.77,674600.0,2561676.0,2020,5,27,14,30,2020-05-27 14:30
566,3.78,3.78,3.79,3.77,365500.0,1382144.0,2020,5,27,14,45,2020-05-27 14:45
567,3.79,3.82,3.82,3.78,1204600.0,4592528.0,2020,5,27,15,0,2020-05-27 15:00
568,3.87,3.98,4.06,3.86,11976300.0,47537540.0,2020,5,28,9,45,2020-05-28 09:45
569,3.98,3.95,4.0,3.94,2369400.0,9405660.0,2020,5,28,10,0,2020-05-28 10:00
570,3.95,3.89,3.95,3.89,1892200.0,7428564.0,2020,5,28,10,15,2020-05-28 10:15
571,3.89,3.89,3.9,3.87,897100.0,3488956.0,2020,5,28,10,30,2020-05-28 10:30
572,3.89,3.89,3.9,3.88,449300.0,1747816.0,2020,5,28,10,45,2020-05-28 10:45
573,3.89,3.9,3.93,3.88,528600.0,2061000.0,2020,5,28,11,0,2020-05-28 11:00
574,3.9,3.88,3.91,3.88,395300.0,1538504.0,2020,5,28,11,15,2020-05-28 11:15
575,3.88,3.87,3.89,3.85,651500.0,2517896.0,2020,5,28,11,30,2020-05-28 11:30
576,3.88,3.9,3.9,3.86,409800.0,1588048.0,2020,5,28,13,15,2020-05-28 13:15
577,3.9,3.9,3.9,3.88,179700.0,699256.0,2020,5,28,13,30,2020-05-28 13:30
578,3.89,3.9,3.92,3.88,462800.0,1806344.0,2020,5,28,13,45,2020-05-28 13:45
579,3.9,3.91,3.92,3.88,351400.0,1371152.0,2020,5,28,14,0,2020-05-28 14:00
580,3.92,3.94,3.95,3.91,1315000.0,5172720.0,2020,5,28,14,15,2020-05-28 14:15
581,3.94,3.9,3.94,3.88,974400.0,3804568.0,2020,5,28,14,30,2020-05-28 14:30
582,3.89,3.89,3.91,3.88,545800.0,2125640.0,2020,5,28,14,45,2020-05-28 14:45
583,3.88,3.89,3.91,3.87,1684500.0,6548424.0,2020,5,28,15,0,2020-05-28 15:00
584,4.01,4.16,4.22,3.92,22021500.0,90074720.0,2020,5,29,9,45,2020-05-29 09:45
585,4.16,4.13,4.16,4.07,5773000.0,23794784.0,2020,5,29,10,0,2020-05-29 10:00
586,4.12,4.11,4.15,4.1,1576200.0,6509640.0,2020,5,29,10,15,2020-05-29 10:15
587,4.11,4.12,4.12,4.09,1316400.0,5404024.0,2020,5,29,10,30,2020-05-29 10:30
588,4.12,4.12,4.13,4.11,873600.0,3597328.0,2020,5,29,10,45,2020-05-29 10:45
589,4.12,4.1,4.12,4.08,1253700.0,5136288.0,2020,5,29,11,0,2020-05-29 11:00
590,4.11,4.14,4.18,4.11,2036100.0,8439792.0,2020,5,29,11,15,2020-05-29 11:15
591,4.14,4.17,4.17,4.11,1029500.0,4260160.0,2020,5,29,11,30,2020-05-29 11:30
592,4.16,4.15,4.18,4.15,1522800.0,6341168.0,2020,5,29,13,15,2020-05-29 13:15
593,4.15,4.15,4.16,4.14,728500.0,3025136.0,2020,5,29,13,30,2020-05-29 13:30
594,4.14,4.14,4.15,4.13,723000.0,2992512.0,2020,5,29,13,45,2020-05-29 13:45
595,4.14,4.15,4.16,4.14,1165200.0,4833568.0,2020,5,29,14,0,2020-05-29 14:00
596,4.15,4.16,4.19,4.14,2204900.0,9196704.0,2020,5,29,14,15,2020-05-29 14:15
597,4.16,4.15,4.18,4.15,1466000.0,6107712.0,2020,5,29,14,30,2020-05-29 14:30
598,4.15,4.14,4.15,4.12,1089100.0,4507776.0,2020,5,29,14,45,2020-05-29 14:45
599,4.14,4.12,4.15,4.11,2253700.0,9306016.0,2020,5,29,15,0,2020-05-29 15:00
600,4.13,4.07,4.17,4.04,12953400.0,53051276.0,2020,6,1,9,45,2020-06-01 09:45
601,4.07,4.1,4.11,4.01,5764000.0,23307228.0,2020,6,1,10,0,2020-06-01 10:00
602,4.1,4.06,4.1,4.04,2076100.0,8434360.0,2020,6,1,10,15,2020-06-01 10:15
603,4.06,4.05,4.08,4.04,1416400.0,5748496.0,2020,6,1,10,30,2020-06-01 10:30
604,4.05,4.06,4.07,4.04,1389700.0,5634520.0,2020,6,1,10,45,2020-06-01 10:45
605,4.06,4.07,4.08,4.06,915300.0,3723760.0,2020,6,1,11,0,2020-06-01 11:00
606,4.06,4.09,4.1,4.06,971500.0,3966408.0,2020,6,1,11,15,2020-06-01 11:15
607,4.08,4.1,4.12,4.08,906200.0,3723184.0,2020,6,1,11,30,2020-06-01 11:30
608,4.1,4.11,4.13,4.1,1212600.0,4990712.0,2020,6,1,13,15,2020-06-01 13:15
609,4.12,4.08,4.12,4.08,1007200.0,4123024.0,2020,6,1,13,30,2020-06-01 13:30
610,4.09,4.17,4.22,4.08,4530000.0,18896440.0,2020,6,1,13,45,2020-06-01 13:45
611,4.16,4.16,4.19,4.15,1622800.0,6760256.0,2020,6,1,14,0,2020-06-01 14:00
612,4.16,4.13,4.17,4.12,1287100.0,5331520.0,2020,6,1,14,15,2020-06-01 14:15
613,4.13,4.16,4.16,4.12,798600.0,3299152.0,2020,6,1,14,30,2020-06-01 14:30
614,4.15,4.16,4.16,4.13,1329800.0,5516176.0,2020,6,1,14,45,2020-06-01 14:45
615,4.16,4.14,4.17,4.13,1884500.0,7819040.0,2020,6,1,15,0,2020-06-01 15:00
616,4.11,4.22,4.33,4.11,12999100.0,54887996.0,2020,6,2,9,45,2020-06-02 09:45
617,4.22,4.23,4.23,4.2,2455100.0,10343516.0,2020,6,2,10,0,2020-06-02 10:00
618,4.23,4.23,4.24,4.21,2124900.0,8961664.0,2020,6,2,10,15,2020-06-02 10:15
619,4.23,4.18,4.26,4.18,2340800.0,9881080.0,2020,6,2,10,30,2020-06-02 10:30
620,4.18,4.18,4.21,4.18,854600.0,3581216.0,2020,6,2,10,45,2020-06-02 10:45
621,4.18,4.17,4.19,4.15,1293500.0,5385352.0,2020,6,2,11,0,2020-06-02 11:00
622,4.16,4.15,4.17,4.14,911300.0,3785880.0,2020,6,2,11,15,2020-06-02 11:15
623,4.15,4.14,4.16,4.12,1109200.0,4589792.0,2020,6,2,11,30,2020-06-02 11:30
624,4.14,4.16,4.17,4.14,555100.0,2306984.0,2020,6,2,13,15,2020-06-02 13:15
625,4.16,4.15,4.17,4.15,825000.0,3430560.0,2020,6,2,13,30,2020-06-02 13:30
626,4.14,4.15,4.16,4.13,1101800.0,4564440.0,2020,6,2,13,45,2020-06-02 13:45
627,4.15,4.13,4.15,4.11,1309800.0,5401544.0,2020,6,2,14,0,2020-06-02 14:00
628,4.13,4.13,4.15,4.12,664100.0,2746104.0,2020,6,2,14,15,2020-06-02 14:15
629,4.13,4.14,4.14,4.11,1670700.0,6883992.0,2020,6,2,14,30,2020-06-02 14:30
630,4.13,4.11,4.13,4.1,1156000.0,4760352.0,2020,6,2,14,45,2020-06-02 14:45
631,4.11,4.09,4.11,4.08,2057600.0,8431848.0,2020,6,2,15,0,2020-06-02 15:00
632,4.08,4.02,4.08,4.0,7337400.0,29573052.0,2020,6,3,9,45,2020-06-03 09:45
633,4.02,4.01,4.03,4.0,1628000.0,6539928.0,2020,6,3,10,0,2020-06-03 10:00
634,4.01,3.99,4.02,3.97,2601500.0,10391744.0,2020,6,3,10,15,2020-06-03 10:15
635,3.99,4.02,4.03,3.99,792100.0,3173100.0,2020,6,3,10,30,2020-06-03 10:30
636,4.02,4.03,4.03,4.01,431700.0,1734372.0,2020,6,3,10,45,2020-06-03 10:45
637,4.02,4.01,4.03,4.01,370500.0,1489896.0,2020,6,3,11,0,2020-06-03 11:00
638,4.02,4.0,4.03,4.0,459500.0,1846700.0,2020,6,3,11,15,2020-06-03 11:15
639,4.0,4.02,4.02,4.0,318300.0,1277708.0,2020,6,3,11,30,2020-06-03 11:30
640,4.02,4.02,4.03,4.01,380100.0,1528676.0,2020,6,3,13,15,2020-06-03 13:15
641,4.03,4.02,4.04,4.02,358500.0,1443856.0,2020,6,3,13,30,2020-06-03 13:30
642,4.03,4.01,4.03,4.01,410300.0,1650424.0,2020,6,3,13,45,2020-06-03 13:45
643,4.01,4.01,4.02,4.01,580300.0,2329512.0,2020,6,3,14,0,2020-06-03 14:00
644,4.0,4.01,4.02,4.0,874200.0,3504280.0,2020,6,3,14,15,2020-06-03 14:15
645,4.01,4.02,4.04,4.01,725800.0,2920192.0,2020,6,3,14,30,2020-06-03 14:30
646,4.01,4.03,4.04,4.0,685600.0,2756616.0,2020,6,3,14,45,2020-06-03 14:45
647,4.03,4.0,4.04,3.99,1335900.0,5358944.0,2020,6,3,15,0,2020-06-03 15:00
648,3.99,3.94,4.0,3.92,2995100.0,11852097.0,2020,6,4,9,45,2020-06-04 09:45
649,3.94,3.96,3.98,3.93,1117500.0,4423920.0,2020,6,4,10,0,2020-06-04 10:00
650,3.96,3.94,3.97,3.93,1581700.0,6234787.0,2020,6,4,10,15,2020-06-04 10:15
651,3.94,3.93,3.95,3.92,890600.0,3499336.0,2020,6,4,10,30,2020-06-04 10:30
652,3.95,3.93,3.95,3.92,620200.0,2437938.0,2020,6,4,10,45,2020-06-04 10:45
653,3.93,3.94,3.94,3.92,632200.0,2483024.0,2020,6,4,11,0,2020-06-04 11:00
654,3.94,3.93,3.95,3.93,312600.0,1229470.0,2020,6,4,11,15,2020-06-04 11:15
655,3.93,3.95,3.97,3.93,628300.0,2481840.0,2020,6,4,11,30,2020-06-04 11:30
656,3.96,3.96,3.97,3.95,216000.0,855600.0,2020,6,4,13,15,2020-06-04 13:15
657,3.96,3.95,3.97,3.95,306800.0,1214140.0,2020,6,4,13,30,2020-06-04 13:30
658,3.96,3.94,3.96,3.93,484500.0,1909896.0,2020,6,4,13,45,2020-06-04 13:45
659,3.94,3.94,3.94,3.93,526700.0,2073156.0,2020,6,4,14,0,2020-06-04 14:00
660,3.94,3.94,3.95,3.93,606500.0,2392628.0,2020,6,4,14,15,2020-06-04 14:15
661,3.94,3.94,3.95,3.93,604800.0,2384724.0,2020,6,4,14,30,2020-06-04 14:30
662,3.94,3.94,3.95,3.93,682800.0,2688148.0,2020,6,4,14,45,2020-06-04 14:45
663,3.93,3.93,3.94,3.92,1196300.0,4704528.0,2020,6,4,15,0,2020-06-04 15:00
664,3.93,4.05,4.1,3.93,6052700.0,24416652.0,2020,6,5,9,45,2020-06-05 09:45
665,4.06,4.03,4.07,4.01,3071500.0,12432868.0,2020,6,5,10,0,2020-06-05 10:00
666,4.02,4.04,4.05,4.02,815800.0,3289572.0,2020,6,5,10,15,2020-06-05 10:15
667,4.04,4.03,4.05,4.02,607800.0,2453480.0,2020,6,5,10,30,2020-06-05 10:30
668,4.02,4.01,4.03,4.01,345500.0,1388064.0,2020,6,5,10,45,2020-06-05 10:45
669,4.01,4.01,4.02,4.01,233700.0,938300.0,2020,6,5,11,0,2020-06-05 11:00
670,4.01,4.0,4.01,3.99,669100.0,2676560.0,2020,6,5,11,15,2020-06-05 11:15
671,4.0,4.01,4.02,3.99,548500.0,2196856.0,2020,6,5,11,30,2020-06-05 11:30
672,4.02,4.03,4.04,4.01,620700.0,2500204.0,2020,6,5,13,15,2020-06-05 13:15
673,4.02,4.04,4.04,4.02,502600.0,2025564.0,2020,6,5,13,30,2020-06-05 13:30
674,4.04,4.02,4.04,4.02,594300.0,2397424.0,2020,6,5,13,45,2020-06-05 13:45
675,4.02,4.03,4.03,4.02,243600.0,980208.0,2020,6,5,14,0,2020-06-05 14:00
676,4.03,4.04,4.04,4.02,482200.0,1946048.0,2020,6,5,14,15,2020-06-05 14:15
677,4.03,4.03,4.04,4.02,339400.0,1369712.0,2020,6,5,14,30,2020-06-05 14:30
678,4.04,4.03,4.04,4.02,660200.0,2661824.0,2020,6,5,14,45,2020-06-05 14:45
679,4.03,4.04,4.04,4.02,1192300.0,4808928.0,2020,6,5,15,0,2020-06-05 15:00
680,4.01,3.98,4.03,3.95,3214500.0,12796469.0,2020,6,8,9,45,2020-06-08 09:45
681,3.99,3.96,3.99,3.95,1680300.0,6654087.0,2020,6,8,10,0,2020-06-08 10:00
682,3.96,3.95,3.97,3.95,478900.0,1896572.0,2020,6,8,10,15,2020-06-08 10:15
683,3.95,3.94,3.96,3.93,1332000.0,5244016.0,2020,6,8,10,30,2020-06-08 10:30
684,3.94,3.94,3.95,3.93,533800.0,2103494.0,2020,6,8,10,45,2020-06-08 10:45
685,3.95,3.95,3.96,3.94,425400.0,1676754.0,2020,6,8,11,0,2020-06-08 11:00
686,3.95,3.95,3.96,3.94,109000.0,430554.0,2020,6,8,11,15,2020-06-08 11:15
687,3.95,3.95,3.96,3.95,233300.0,921842.0,2020,6,8,11,30,2020-06-08 11:30
688,3.94,3.94,3.95,3.93,387800.0,1528372.0,2020,6,8,13,15,2020-06-08 13:15
689,3.95,3.94,3.95,3.94,268300.0,1057464.0,2020,6,8,13,30,2020-06-08 13:30
690,3.94,3.94,3.95,3.93,264000.0,1039296.0,2020,6,8,13,45,2020-06-08 13:45
691,3.94,3.94,3.95,3.93,162200.0,638432.0,2020,6,8,14,0,2020-06-08 14:00
692,3.93,3.94,3.94,3.93,216400.0,851464.0,2020,6,8,14,15,2020-06-08 14:15
693,3.94,3.94,3.94,3.93,481400.0,1893392.0,2020,6,8,14,30,2020-06-08 14:30
694,3.94,3.94,3.95,3.93,498900.0,1964608.0,2020,6,8,14,45,2020-06-08 14:45
695,3.94,3.93,3.95,3.93,550500.0,2169112.0,2020,6,8,15,0,2020-06-08 15:00
696,3.92,3.92,3.94,3.91,1024600.0,4020252.0,2020,6,9,9,45,2020-06-09 09:45
697,3.92,3.89,3.93,3.87,2164500.0,8423777.0,2020,6,9,10,0,2020-06-09 10:00
698,3.89,3.89,3.9,3.88,608700.0,2367731.0,2020,6,9,10,15,2020-06-09 10:15
699,3.89,3.88,3.9,3.87,629900.0,2444528.0,2020,6,9,10,30,2020-06-09 10:30
700,3.88,3.89,3.89,3.87,333000.0,1293038.0,2020,6,9,10,45,2020-06-09 10:45
701,3.9,3.9,3.9,3.88,231600.0,900374.0,2020,6,9,11,0,2020-06-09 11:00
702,3.89,3.88,3.9,3.88,238900.0,929392.0,2020,6,9,11,15,2020-06-09 11:15
703,3.89,3.89,3.9,3.88,153800.0,598656.0,2020,6,9,11,30,2020-06-09 11:30
704,3.9,3.92,3.92,3.89,476800.0,1860968.0,2020,6,9,13,15,2020-06-09 13:15
705,3.91,3.92,3.92,3.9,184000.0,720276.0,2020,6,9,13,30,2020-06-09 13:30
706,3.92,3.95,3.97,3.91,1108500.0,4370782.0,2020,6,9,13,45,2020-06-09 13:45
707,3.94,3.94,3.96,3.94,320500.0,1265346.0,2020,6,9,14,0,2020-06-09 14:00
708,3.94,3.93,3.95,3.93,553800.0,2181716.0,2020,6,9,14,15,2020-06-09 14:15
709,3.93,3.95,3.95,3.93,360700.0,1421156.0,2020,6,9,14,30,2020-06-09 14:30
710,3.94,3.94,3.95,3.93,949000.0,3739220.0,2020,6,9,14,45,2020-06-09 14:45
711,3.94,3.93,3.95,3.92,798500.0,3142016.0,2020,6,9,15,0,2020-06-09 15:00
712,3.94,3.91,3.94,3.89,909400.0,3554961.0,2020,6,10,9,45,2020-06-10 09:45
713,3.92,3.92,3.93,3.9,506000.0,1980589.0,2020,6,10,10,0,2020-06-10 10:00
714,3.91,3.91,3.92,3.9,450400.0,1761518.0,2020,6,10,10,15,2020-06-10 10:15
715,3.91,3.91,3.92,3.91,157900.0,618104.0,2020,6,10,10,30,2020-06-10 10:30
716,3.91,3.9,3.91,3.89,536000.0,2090983.0,2020,6,10,10,45,2020-06-10 10:45
717,3.9,3.9,3.91,3.89,192900.0,751930.0,2020,6,10,11,0,2020-06-10 11:00
718,3.9,3.91,3.91,3.9,212800.0,830918.0,2020,6,10,11,15,2020-06-10 11:15
719,3.9,3.91,3.92,3.9,198000.0,773541.0,2020,6,10,11,30,2020-06-10 11:30
720,3.92,3.92,3.92,3.9,166900.0,652550.0,2020,6,10,13,15,2020-06-10 13:15
721,3.91,3.92,3.92,3.9,152800.0,597535.0,2020,6,10,13,30,2020-06-10 13:30
722,3.91,3.92,3.92,3.91,107600.0,420944.0,2020,6,10,13,45,2020-06-10 13:45
723,3.91,3.9,3.92,3.9,93400.0,365069.0,2020,6,10,14,0,2020-06-10 14:00
724,3.9,3.91,3.92,3.9,486100.0,1900255.0,2020,6,10,14,15,2020-06-10 14:15
725,3.91,3.91,3.92,3.9,515700.0,2017447.0,2020,6,10,14,30,2020-06-10 14:30
726,3.92,3.92,3.93,3.91,428300.0,1679410.0,2020,6,10,14,45,2020-06-10 14:45
727,3.92,3.92,3.93,3.91,320900.0,1257770.0,2020,6,10,15,0,2020-06-10 15:00
728,3.9,3.93,3.94,3.9,618800.0,2430289.0,2020,6,11,9,45,2020-06-11 09:45
729,3.93,3.94,3.94,3.93,647500.0,2547498.0,2020,6,11,10,0,2020-06-11 10:00
730,3.94,3.95,3.96,3.93,643400.0,2537976.0,2020,6,11,10,15,2020-06-11 10:15
731,3.95,3.98,4.0,3.95,1722100.0,6853330.0,2020,6,11,10,30,2020-06-11 10:30
732,3.97,3.97,3.98,3.96,391300.0,1552277.0,2020,6,11,10,45,2020-06-11 10:45
733,3.97,3.96,3.97,3.96,120200.0,476286.0,2020,6,11,11,0,2020-06-11 11:00
734,3.97,3.97,3.97,3.96,134500.0,532832.0,2020,6,11,11,15,2020-06-11 11:15
735,3.96,3.97,3.98,3.96,388600.0,1543504.0,2020,6,11,11,30,2020-06-11 11:30
736,3.97,3.95,3.98,3.95,613100.0,2427824.0,2020,6,11,13,15,2020-06-11 13:15
737,3.95,3.95,3.95,3.94,325900.0,1285490.0,2020,6,11,13,30,2020-06-11 13:30
738,3.95,3.94,3.95,3.93,294600.0,1159724.0,2020,6,11,13,45,2020-06-11 13:45
739,3.94,3.94,3.95,3.93,161500.0,636054.0,2020,6,11,14,0,2020-06-11 14:00
740,3.94,3.92,3.94,3.92,265800.0,1045104.0,2020,6,11,14,15,2020-06-11 14:15
741,3.92,3.95,3.95,3.92,304900.0,1201180.0,2020,6,11,14,30,2020-06-11 14:30
742,3.95,3.94,3.95,3.94,368900.0,1456452.0,2020,6,11,14,45,2020-06-11 14:45
743,3.93,3.96,3.96,3.93,813400.0,3213432.0,2020,6,11,15,0,2020-06-11 15:00
744,3.87,3.88,3.9,3.84,2055300.0,7943355.0,2020,6,12,9,45,2020-06-12 09:45
745,3.88,3.89,3.9,3.88,713700.0,2774282.0,2020,6,12,10,0,2020-06-12 10:00
746,3.89,3.94,3.94,3.89,618700.0,2421731.0,2020,6,12,10,15,2020-06-12 10:15
747,3.93,3.91,3.94,3.91,581200.0,2280832.0,2020,6,12,10,30,2020-06-12 10:30
748,3.91,3.93,3.95,3.9,363500.0,1430486.0,2020,6,12,10,45,2020-06-12 10:45
749,3.93,3.95,3.96,3.92,295800.0,1166552.0,2020,6,12,11,0,2020-06-12 11:00
750,3.94,3.95,3.96,3.93,315800.0,1246736.0,2020,6,12,11,15,2020-06-12 11:15
751,3.95,3.93,3.95,3.91,547400.0,2146410.0,2020,6,12,11,30,2020-06-12 11:30
752,3.93,3.93,3.94,3.92,132400.0,520128.0,2020,6,12,13,15,2020-06-12 13:15
753,3.93,3.93,3.94,3.92,152000.0,597392.0,2020,6,12,13,30,2020-06-12 13:30
754,3.94,3.95,3.95,3.94,152500.0,601856.0,2020,6,12,13,45,2020-06-12 13:45
755,3.94,3.96,3.98,3.94,1118600.0,4440404.0,2020,6,12,14,0,2020-06-12 14:00
756,3.97,3.97,3.99,3.96,812600.0,3228968.0,2020,6,12,14,15,2020-06-12 14:15
757,3.97,3.96,3.97,3.95,179900.0,712356.0,2020,6,12,14,30,2020-06-12 14:30
758,3.96,3.96,3.96,3.95,412200.0,1629438.0,2020,6,12,14,45,2020-06-12 14:45
759,3.95,3.95,3.96,3.94,425900.0,1681346.0,2020,6,12,15,0,2020-06-12 15:00
760,3.95,3.98,3.99,3.95,1175200.0,4660126.0,2020,6,15,9,45,2020-06-15 09:45
761,3.97,4.0,4.03,3.97,1784000.0,7144915.0,2020,6,15,10,0,2020-06-15 10:00
762,4.0,3.99,4.02,3.99,427000.0,1708943.0,2020,6,15,10,15,2020-06-15 10:15
763,3.99,4.01,4.01,3.99,720000.0,2880561.0,2020,6,15,10,30,2020-06-15 10:30
764,4.02,4.0,4.02,4.0,632900.0,2539443.0,2020,6,15,10,45,2020-06-15 10:45
765,4.0,3.99,4.01,3.99,194600.0,778676.0,2020,6,15,11,0,2020-06-15 11:00
766,3.99,3.99,4.0,3.99,211300.0,843882.0,2020,6,15,11,15,2020-06-15 11:15
767,3.98,3.99,4.0,3.98,376400.0,1501474.0,2020,6,15,11,30,2020-06-15 11:30
768,3.99,3.97,4.0,3.97,402400.0,1603282.0,2020,6,15,13,15,2020-06-15 13:15
769,3.97,3.96,3.98,3.96,712100.0,2824934.0,2020,6,15,13,30,2020-06-15 13:30
770,3.96,3.96,3.98,3.96,375100.0,1486212.0,2020,6,15,13,45,2020-06-15 13:45
771,3.96,3.98,4.0,3.96,912800.0,3632608.0,2020,6,15,14,0,2020-06-15 14:00
772,3.98,3.97,3.98,3.96,401100.0,1592576.0,2020,6,15,14,15,2020-06-15 14:15
773,3.97,4.01,4.02,3.96,1453900.0,5814864.0,2020,6,15,14,30,2020-06-15 14:30
774,4.01,3.98,4.01,3.98,370700.0,1478776.0,2020,6,15,14,45,2020-06-15 14:45
775,3.98,3.98,3.99,3.97,482000.0,1917220.0,2020,6,15,15,0,2020-06-15 15:00
776,3.98,4.05,4.05,3.98,1874400.0,7530475.0,2020,6,16,9,45,2020-06-16 09:45
777,4.05,4.03,4.07,4.02,1760800.0,7119896.0,2020,6,16,10,0,2020-06-16 10:00
778,4.03,4.02,4.04,4.02,769500.0,3099647.0,2020,6,16,10,15,2020-06-16 10:15
779,4.03,4.02,4.04,4.01,648200.0,2607442.0,2020,6,16,10,30,2020-06-16 10:30
780,4.02,4.02,4.04,4.01,490800.0,1975684.0,2020,6,16,10,45,2020-06-16 10:45
781,4.02,4.02,4.03,4.02,91400.0,367554.0,2020,6,16,11,0,2020-06-16 11:00
782,4.02,4.0,4.03,3.99,718200.0,2875242.0,2020,6,16,11,15,2020-06-16 11:15
783,4.0,3.96,4.01,3.95,895500.0,3563400.0,2020,6,16,11,30,2020-06-16 11:30
784,3.96,3.98,3.98,3.96,301600.0,1198144.0,2020,6,16,13,15,2020-06-16 13:15
785,3.97,3.96,3.98,3.95,838000.0,3322204.0,2020,6,16,13,30,2020-06-16 13:30
786,3.96,3.96,3.97,3.95,873700.0,3454296.0,2020,6,16,13,45,2020-06-16 13:45
787,3.97,3.96,3.97,3.96,130700.0,517920.0,2020,6,16,14,0,2020-06-16 14:00
788,3.96,3.96,3.97,3.95,616600.0,2438976.0,2020,6,16,14,15,2020-06-16 14:15
789,3.95,3.97,3.97,3.95,235000.0,930712.0,2020,6,16,14,30,2020-06-16 14:30
790,3.97,3.97,3.97,3.95,514400.0,2036800.0,2020,6,16,14,45,2020-06-16 14:45
791,3.96,4.0,4.0,3.96,1179000.0,4699764.0,2020,6,16,15,0,2020-06-16 15:00
792,4.0,3.98,4.02,3.98,1112400.0,4440308.0,2020,6,17,9,45,2020-06-17 09:45
793,3.99,3.97,3.99,3.95,1187900.0,4714258.0,2020,6,17,10,0,2020-06-17 10:00
794,3.97,3.98,3.99,3.95,758700.0,3014134.0,2020,6,17,10,15,2020-06-17 10:15
795,3.98,3.98,3.98,3.97,333000.0,1323757.0,2020,6,17,10,30,2020-06-17 10:30
796,3.98,3.96,3.98,3.96,424700.0,1685214.0,2020,6,17,10,45,2020-06-17 10:45
797,3.97,3.97,3.98,3.96,294300.0,1167676.0,2020,6,17,11,0,2020-06-17 11:00
798,3.97,3.98,3.98,3.97,405900.0,1614793.0,2020,6,17,11,15,2020-06-17 11:15
799,3.98,4.0,4.0,3.97,692300.0,2766248.0,2020,6,17,13,0,2020-06-17 13:00
