,open,close,high,low,vol,amount,year,month,day,hour,minute,datetime
0,5.93,5.89,5.93,5.89,974900.0,5762888.0,2020,4,2,13,15,2020-04-02 13:15
1,5.9,5.9,5.93,5.89,852800.0,5038904.0,2020,4,2,13,30,2020-04-02 13:30
2,5.9,5.96,5.96,5.89,2833700.0,16821512.0,2020,4,2,13,45,2020-04-02 13:45
3,5.95,5.94,5.97,5.94,1762500.0,10495840.0,2020,4,2,14,0,2020-04-02 14:00
4,5.94,5.95,5.96,5.94,1762900.0,10488384.0,2020,4,2,14,15,2020-04-02 14:15
5,5.95,5.99,6.0,5.94,2498900.0,14922768.0,2020,4,2,14,30,2020-04-02 14:30
6,5.99,5.98,5.99,5.98,1518800.0,9090032.0,2020,4,2,14,45,2020-04-02 14:45
7,5.98,6.0,6.01,5.98,2504800.0,15017600.0,2020,4,2,15,0,2020-04-02 15:00
8,5.99,5.94,5.99,5.92,3660900.0,21782218.0,2020,4,3,9,45,2020-04-03 09:45
9,5.93,5.92,5.95,5.91,2527800.0,14980578.0,2020,4,3,10,0,2020-04-03 10:00
10,5.91,5.9,5.94,5.89,3559400.0,21046740.0,2020,4,3,10,15,2020-04-03 10:15
11,5.91,5.9,5.92,5.88,2804500.0,16526384.0,2020,4,3,10,30,2020-04-03 10:30
12,5.9,5.91,5.93,5.9,1199100.0,7090696.0,2020,4,3,10,45,2020-04-03 10:45
13,5.91,5.91,5.92,5.9,958500.0,5667040.0,2020,4,3,11,0,2020-04-03 11:00
14,5.92,5.9,5.92,5.89,1250400.0,7385784.0,2020,4,3,11,15,2020-04-03 11:15
15,5.9,5.9,5.91,5.88,1359800.0,8009896.0,2020,4,3,11,30,2020-04-03 11:30
16,5.9,5.89,5.91,5.87,1534800.0,9032344.0,2020,4,3,13,15,2020-04-03 13:15
17,5.88,5.89,5.91,5.88,1079600.0,6363624.0,2020,4,3,13,30,2020-04-03 13:30
18,5.9,5.89,5.91,5.87,1187700.0,6993816.0,2020,4,3,13,45,2020-04-03 13:45
19,5.89,5.89,5.91,5.88,1033400.0,6088160.0,2020,4,3,14,0,2020-04-03 14:00
20,5.89,5.9,5.91,5.87,1305100.0,7680400.0,2020,4,3,14,15,2020-04-03 14:15
21,5.9,5.88,5.9,5.87,862600.0,5073264.0,2020,4,3,14,30,2020-04-03 14:30
22,5.88,5.87,5.9,5.87,1309400.0,7703232.0,2020,4,3,14,45,2020-04-03 14:45
23,5.88,5.89,5.89,5.87,1843300.0,10838160.0,2020,4,3,15,0,2020-04-03 15:00
24,5.98,5.96,5.99,5.96,6598400.0,39413544.0,2020,4,7,9,45,2020-04-07 09:45
25,5.96,6.0,6.02,5.96,5191500.0,31119224.0,2020,4,7,10,0,2020-04-07 10:00
26,6.01,5.99,6.02,5.97,2675300.0,16040520.0,2020,4,7,10,15,2020-04-07 10:15
27,5.99,5.99,6.0,5.97,1832600.0,10963848.0,2020,4,7,10,30,2020-04-07 10:30
28,5.99,6.0,6.01,5.98,2175300.0,13039232.0,2020,4,7,10,45,2020-04-07 10:45
29,6.0,6.0,6.01,5.98,1794000.0,10751048.0,2020,4,7,11,0,2020-04-07 11:00
30,5.99,6.01,6.03,5.98,2910500.0,17504712.0,2020,4,7,11,15,2020-04-07 11:15
31,6.0,6.0,6.02,5.98,1487200.0,8920160.0,2020,4,7,11,30,2020-04-07 11:30
32,6.0,6.0,6.02,5.99,1831300.0,10996176.0,2020,4,7,13,15,2020-04-07 13:15
33,6.0,6.02,6.02,5.99,1480100.0,8888384.0,2020,4,7,13,30,2020-04-07 13:30
34,6.01,6.01,6.01,6.0,1397600.0,8390480.0,2020,4,7,13,45,2020-04-07 13:45
35,6.01,6.02,6.02,5.99,2196300.0,13192112.0,2020,4,7,14,0,2020-04-07 14:00
36,6.02,6.03,6.03,6.01,4406900.0,26530896.0,2020,4,7,14,15,2020-04-07 14:15
37,6.03,6.02,6.03,6.01,2555100.0,15386016.0,2020,4,7,14,30,2020-04-07 14:30
38,6.03,6.02,6.03,6.01,1807200.0,10879840.0,2020,4,7,14,45,2020-04-07 14:45
39,6.02,6.02,6.03,6.01,2664200.0,16038640.0,2020,4,7,15,0,2020-04-07 15:00
40,6.0,6.05,6.05,5.98,2959400.0,17805470.0,2020,4,8,9,45,2020-04-08 09:45
41,6.05,6.02,6.05,6.01,2005000.0,12092726.0,2020,4,8,10,0,2020-04-08 10:00
42,6.03,6.03,6.04,6.01,2058200.0,12396516.0,2020,4,8,10,15,2020-04-08 10:15
43,6.03,6.03,6.05,6.02,2214100.0,13359836.0,2020,4,8,10,30,2020-04-08 10:30
44,6.03,6.01,6.04,6.0,1110700.0,6685956.0,2020,4,8,10,45,2020-04-08 10:45
45,6.01,6.02,6.03,6.0,1454500.0,8751336.0,2020,4,8,11,0,2020-04-08 11:00
46,6.01,6.03,6.04,6.01,2632500.0,15859288.0,2020,4,8,11,15,2020-04-08 11:15
47,6.04,6.03,6.04,6.02,1369200.0,8258208.0,2020,4,8,11,30,2020-04-08 11:30
48,6.02,6.07,6.07,6.02,3020700.0,18260120.0,2020,4,8,13,15,2020-04-08 13:15
49,6.07,6.04,6.07,6.03,1653700.0,10007624.0,2020,4,8,13,30,2020-04-08 13:30
50,6.04,6.05,6.06,6.03,1738900.0,10509112.0,2020,4,8,13,45,2020-04-08 13:45
51,6.04,6.06,6.11,6.04,5737500.0,34844624.0,2020,4,8,14,0,2020-04-08 14:00
52,6.07,6.04,6.07,6.04,1545500.0,9356160.0,2020,4,8,14,15,2020-04-08 14:15
53,6.04,6.02,6.06,6.02,1784800.0,10780960.0,2020,4,8,14,30,2020-04-08 14:30
54,6.03,6.04,6.04,6.02,1775000.0,10701920.0,2020,4,8,14,45,2020-04-08 14:45
55,6.04,6.05,6.05,6.03,2242600.0,13544864.0,2020,4,8,15,0,2020-04-08 15:00
56,6.1,6.09,6.11,6.07,2852300.0,17364696.0,2020,4,9,9,45,2020-04-09 09:45
57,6.09,6.07,6.11,6.06,2648100.0,16110472.0,2020,4,9,10,0,2020-04-09 10:00
58,6.08,6.07,6.09,6.06,1062400.0,6452032.0,2020,4,9,10,15,2020-04-09 10:15
59,6.08,6.09,6.09,6.07,711500.0,4327024.0,2020,4,9,10,30,2020-04-09 10:30
60,6.08,6.07,6.09,6.06,954000.0,5797160.0,2020,4,9,10,45,2020-04-09 10:45
61,6.06,6.07,6.07,6.05,600200.0,3638228.0,2020,4,9,11,0,2020-04-09 11:00
62,6.06,6.06,6.07,6.05,581400.0,3523236.0,2020,4,9,11,15,2020-04-09 11:15
63,6.06,6.05,6.06,6.04,676700.0,4094676.0,2020,4,9,11,30,2020-04-09 11:30
64,6.05,6.05,6.06,6.04,642900.0,3888932.0,2020,4,9,13,15,2020-04-09 13:15
65,6.05,6.04,6.06,6.04,584200.0,3532600.0,2020,4,9,13,30,2020-04-09 13:30
66,6.04,6.05,6.06,6.04,585600.0,3542368.0,2020,4,9,13,45,2020-04-09 13:45
67,6.04,6.06,6.06,6.04,528500.0,3200728.0,2020,4,9,14,0,2020-04-09 14:00
68,6.06,6.06,6.07,6.05,804100.0,4873768.0,2020,4,9,14,15,2020-04-09 14:15
69,6.06,6.06,6.06,6.05,688900.0,4170848.0,2020,4,9,14,30,2020-04-09 14:30
70,6.05,6.04,6.06,6.04,1550100.0,9376608.0,2020,4,9,14,45,2020-04-09 14:45
71,6.05,6.04,6.05,6.03,2092400.0,12632768.0,2020,4,9,15,0,2020-04-09 15:00
72,6.04,6.01,6.05,6.01,2695200.0,16229929.0,2020,4,10,9,45,2020-04-10 09:45
73,6.01,6.01,6.02,5.99,1733400.0,10408703.0,2020,4,10,10,0,2020-04-10 10:00
74,6.02,6.03,6.03,6.01,1127700.0,6788696.0,2020,4,10,10,15,2020-04-10 10:15
75,6.02,6.03,6.04,6.01,1231800.0,7426244.0,2020,4,10,10,30,2020-04-10 10:30
76,6.03,6.02,6.04,6.01,742500.0,4472636.0,2020,4,10,10,45,2020-04-10 10:45
77,6.02,6.01,6.02,6.0,809200.0,4863260.0,2020,4,10,11,0,2020-04-10 11:00
78,6.01,6.02,6.03,5.99,1047900.0,6295212.0,2020,4,10,11,15,2020-04-10 11:15
79,6.02,6.0,6.02,5.99,538500.0,3232112.0,2020,4,10,11,30,2020-04-10 11:30
80,6.0,5.99,6.01,5.97,1445800.0,8652904.0,2020,4,10,13,15,2020-04-10 13:15
81,5.99,5.99,6.0,5.97,1046700.0,6267328.0,2020,4,10,13,30,2020-04-10 13:30
82,5.98,5.98,5.99,5.97,1422600.0,8504656.0,2020,4,10,13,45,2020-04-10 13:45
83,5.97,5.99,5.99,5.97,405900.0,2428040.0,2020,4,10,14,0,2020-04-10 14:00
84,5.98,5.97,5.99,5.94,2475400.0,14747608.0,2020,4,10,14,15,2020-04-10 14:15
85,5.97,5.94,5.97,5.94,1062600.0,6331984.0,2020,4,10,14,30,2020-04-10 14:30
86,5.96,5.95,5.97,5.95,1192000.0,7096352.0,2020,4,10,14,45,2020-04-10 14:45
87,5.96,5.94,5.96,5.94,1523100.0,9060392.0,2020,4,10,15,0,2020-04-10 15:00
88,5.93,5.91,5.93,5.88,2237200.0,13212126.0,2020,4,13,9,45,2020-04-13 09:45
89,5.92,5.92,5.92,5.88,1732100.0,10223784.0,2020,4,13,10,0,2020-04-13 10:00
90,5.92,5.93,5.94,5.89,789600.0,4673138.0,2020,4,13,10,15,2020-04-13 10:15
91,5.93,5.95,5.95,5.92,615100.0,3650340.0,2020,4,13,10,30,2020-04-13 10:30
92,5.94,5.91,5.95,5.91,822700.0,4878516.0,2020,4,13,10,45,2020-04-13 10:45
93,5.92,5.93,5.94,5.91,664100.0,3934904.0,2020,4,13,11,0,2020-04-13 11:00
94,5.94,5.92,5.94,5.91,614100.0,3637928.0,2020,4,13,11,15,2020-04-13 11:15
95,5.91,5.94,5.94,5.91,603600.0,3573860.0,2020,4,13,11,30,2020-04-13 11:30
96,5.94,5.92,5.94,5.9,769100.0,4550428.0,2020,4,13,13,15,2020-04-13 13:15
97,5.91,5.93,5.93,5.9,557000.0,3294168.0,2020,4,13,13,30,2020-04-13 13:30
98,5.92,5.94,5.94,5.91,828400.0,4912324.0,2020,4,13,13,45,2020-04-13 13:45
99,5.94,5.92,5.94,5.91,762500.0,4515728.0,2020,4,13,14,0,2020-04-13 14:00
100,5.92,5.92,5.92,5.91,416800.0,2465396.0,2020,4,13,14,15,2020-04-13 14:15
101,5.92,5.92,5.93,5.9,512300.0,3030200.0,2020,4,13,14,30,2020-04-13 14:30
102,5.92,5.92,5.94,5.9,1188300.0,7036808.0,2020,4,13,14,45,2020-04-13 14:45
103,5.92,5.95,5.95,5.92,1475000.0,8755128.0,2020,4,13,15,0,2020-04-13 15:00
104,5.96,5.95,5.97,5.94,2101300.0,12508443.0,2020,4,14,9,45,2020-04-14 09:45
105,5.96,5.97,5.98,5.95,1332300.0,7945533.0,2020,4,14,10,0,2020-04-14 10:00
106,5.96,5.97,5.97,5.95,1494800.0,8914196.0,2020,4,14,10,15,2020-04-14 10:15
107,5.97,5.98,5.99,5.95,1220000.0,7282564.0,2020,4,14,10,30,2020-04-14 10:30
108,5.98,6.0,6.0,5.98,811800.0,4866544.0,2020,4,14,10,45,2020-04-14 10:45
109,6.0,6.0,6.0,5.98,742000.0,4443616.0,2020,4,14,11,0,2020-04-14 11:00
110,5.99,6.0,6.0,5.99,595000.0,3567560.0,2020,4,14,11,15,2020-04-14 11:15
111,6.0,5.98,6.0,5.97,939000.0,5623772.0,2020,4,14,11,30,2020-04-14 11:30
112,5.97,5.96,5.99,5.94,1527500.0,9110032.0,2020,4,14,13,15,2020-04-14 13:15
113,5.96,5.97,5.97,5.96,574100.0,3423124.0,2020,4,14,13,30,2020-04-14 13:30
114,5.97,5.99,5.99,5.96,1018600.0,6089672.0,2020,4,14,13,45,2020-04-14 13:45
115,5.99,5.99,5.99,5.97,904700.0,5411528.0,2020,4,14,14,0,2020-04-14 14:00
116,5.98,5.99,6.0,5.97,1168600.0,6995104.0,2020,4,14,14,15,2020-04-14 14:15
117,5.99,6.01,6.02,5.98,2381000.0,14293872.0,2020,4,14,14,30,2020-04-14 14:30
118,6.01,6.02,6.03,5.99,1841200.0,11066840.0,2020,4,14,14,45,2020-04-14 14:45
119,6.02,6.03,6.04,6.01,2863300.0,17266712.0,2020,4,14,15,0,2020-04-14 15:00
120,6.04,6.03,6.05,6.01,2274000.0,13725007.0,2020,4,15,9,45,2020-04-15 09:45
121,6.03,6.15,6.17,6.03,9005600.0,55139856.0,2020,4,15,10,0,2020-04-15 10:00
122,6.14,6.18,6.21,6.14,5598900.0,34592800.0,2020,4,15,10,15,2020-04-15 10:15
123,6.18,6.15,6.18,6.14,1980900.0,12210832.0,2020,4,15,10,30,2020-04-15 10:30
124,6.15,6.15,6.17,6.14,1444900.0,8888448.0,2020,4,15,10,45,2020-04-15 10:45
125,6.14,6.12,6.15,6.11,1664800.0,10202432.0,2020,4,15,11,0,2020-04-15 11:00
126,6.13,6.13,6.14,6.12,302000.0,1851728.0,2020,4,15,11,15,2020-04-15 11:15
127,6.13,6.14,6.14,6.13,421000.0,2582656.0,2020,4,15,11,30,2020-04-15 11:30
128,6.14,6.13,6.15,6.12,1157200.0,7090992.0,2020,4,15,13,15,2020-04-15 13:15
129,6.14,6.11,6.14,6.1,1158400.0,7084912.0,2020,4,15,13,30,2020-04-15 13:30
130,6.11,6.12,6.12,6.1,522500.0,3193696.0,2020,4,15,13,45,2020-04-15 13:45
131,6.11,6.12,6.13,6.11,1014300.0,6204816.0,2020,4,15,14,0,2020-04-15 14:00
132,6.12,6.09,6.13,6.09,1776800.0,10845328.0,2020,4,15,14,15,2020-04-15 14:15
133,6.09,6.08,6.1,6.08,888400.0,5408208.0,2020,4,15,14,30,2020-04-15 14:30
134,6.08,6.09,6.1,6.07,1572200.0,9561344.0,2020,4,15,14,45,2020-04-15 14:45
135,6.08,6.1,6.11,6.08,1356400.0,8272288.0,2020,4,15,15,0,2020-04-15 15:00
136,6.06,6.09,6.14,6.06,2683100.0,16367592.0,2020,4,16,9,45,2020-04-16 09:45
137,6.09,6.14,6.14,6.09,1611000.0,9864524.0,2020,4,16,10,0,2020-04-16 10:00
138,6.14,6.13,6.14,6.11,925600.0,5664796.0,2020,4,16,10,15,2020-04-16 10:15
139,6.12,6.14,6.15,6.12,1253600.0,7690664.0,2020,4,16,10,30,2020-04-16 10:30
140,6.14,6.19,6.2,6.13,2997300.0,18508240.0,2020,4,16,10,45,2020-04-16 10:45
141,6.19,6.15,6.19,6.15,1139700.0,7027476.0,2020,4,16,11,0,2020-04-16 11:00
142,6.15,6.16,6.17,6.14,936500.0,5761812.0,2020,4,16,11,15,2020-04-16 11:15
143,6.16,6.15,6.16,6.14,514400.0,3162384.0,2020,4,16,11,30,2020-04-16 11:30
144,6.15,6.16,6.16,6.13,677800.0,4165296.0,2020,4,16,13,15,2020-04-16 13:15
145,6.16,6.16,6.16,6.15,620100.0,3816528.0,2020,4,16,13,30,2020-04-16 13:30
146,6.15,6.17,6.17,6.15,1248800.0,7686936.0,2020,4,16,13,45,2020-04-16 13:45
147,6.16,6.19,6.22,6.16,3423900.0,21201224.0,2020,4,16,14,0,2020-04-16 14:00
148,6.19,6.18,6.19,6.17,928700.0,5735016.0,2020,4,16,14,15,2020-04-16 14:15
149,6.17,6.17,6.19,6.15,1810100.0,11160048.0,2020,4,16,14,30,2020-04-16 14:30
150,6.16,6.17,6.18,6.16,1244200.0,7682152.0,2020,4,16,14,45,2020-04-16 14:45
151,6.17,6.15,6.18,6.15,1675400.0,10318848.0,2020,4,16,15,0,2020-04-16 15:00
152,6.19,6.24,6.25,6.18,4415900.0,27439256.0,2020,4,17,9,45,2020-04-17 09:45
153,6.23,6.24,6.26,6.22,2531100.0,15805760.0,2020,4,17,10,0,2020-04-17 10:00
154,6.23,6.24,6.24,6.21,2019200.0,12575996.0,2020,4,17,10,15,2020-04-17 10:15
155,6.24,6.19,6.24,6.17,2217000.0,13739220.0,2020,4,17,10,30,2020-04-17 10:30
156,6.18,6.16,6.2,6.16,1317700.0,8134168.0,2020,4,17,10,45,2020-04-17 10:45
157,6.16,6.16,6.16,6.13,1607900.0,9879440.0,2020,4,17,11,0,2020-04-17 11:00
158,6.15,6.15,6.16,6.14,685700.0,4217680.0,2020,4,17,11,15,2020-04-17 11:15
159,6.15,6.15,6.17,6.14,625400.0,3849928.0,2020,4,17,11,30,2020-04-17 11:30
160,6.16,6.19,6.19,6.16,1149900.0,7095432.0,2020,4,17,13,15,2020-04-17 13:15
161,6.18,6.19,6.22,6.18,1309200.0,8110912.0,2020,4,17,13,30,2020-04-17 13:30
162,6.19,6.18,6.2,6.17,1441100.0,8916312.0,2020,4,17,13,45,2020-04-17 13:45
163,6.18,6.17,6.19,6.17,1321300.0,8161752.0,2020,4,17,14,0,2020-04-17 14:00
164,6.17,6.16,6.18,6.14,1509300.0,9294112.0,2020,4,17,14,15,2020-04-17 14:15
165,6.15,6.13,6.16,6.13,1593500.0,9787536.0,2020,4,17,14,30,2020-04-17 14:30
166,6.14,6.14,6.15,6.12,2258800.0,13848608.0,2020,4,17,14,45,2020-04-17 14:45
167,6.14,6.14,6.15,6.13,1742000.0,10695664.0,2020,4,17,15,0,2020-04-17 15:00
168,6.19,6.17,6.26,6.16,5628800.0,34968544.0,2020,4,20,9,45,2020-04-20 09:45
169,6.17,6.15,6.19,6.15,2048900.0,12635536.0,2020,4,20,10,0,2020-04-20 10:00
170,6.16,6.16,6.18,6.14,1477100.0,9090268.0,2020,4,20,10,15,2020-04-20 10:15
171,6.17,6.18,6.18,6.16,729800.0,4503060.0,2020,4,20,10,30,2020-04-20 10:30
172,6.18,6.16,6.18,6.15,899500.0,5543756.0,2020,4,20,10,45,2020-04-20 10:45
173,6.16,6.13,6.17,6.13,1523500.0,9361996.0,2020,4,20,11,0,2020-04-20 11:00
174,6.13,6.15,6.15,6.12,1101400.0,6756792.0,2020,4,20,11,15,2020-04-20 11:15
175,6.15,6.14,6.16,6.13,653000.0,4011848.0,2020,4,20,11,30,2020-04-20 11:30
176,6.14,6.13,6.15,6.11,1422400.0,8714544.0,2020,4,20,13,15,2020-04-20 13:15
177,6.12,6.12,6.13,6.11,965800.0,5907416.0,2020,4,20,13,30,2020-04-20 13:30
178,6.11,6.15,6.15,6.11,1223000.0,7505264.0,2020,4,20,13,45,2020-04-20 13:45
179,6.15,6.16,6.19,6.14,1818600.0,11210912.0,2020,4,20,14,0,2020-04-20 14:00
180,6.16,6.15,6.18,6.14,1013700.0,6244840.0,2020,4,20,14,15,2020-04-20 14:15
181,6.14,6.14,6.16,6.14,710900.0,4369784.0,2020,4,20,14,30,2020-04-20 14:30
182,6.15,6.13,6.16,6.13,1254100.0,7702512.0,2020,4,20,14,45,2020-04-20 14:45
183,6.14,6.15,6.15,6.13,2427700.0,14906560.0,2020,4,20,15,0,2020-04-20 15:00
184,6.11,6.09,6.13,6.08,3107300.0,18943608.0,2020,4,21,9,45,2020-04-21 09:45
185,6.09,6.06,6.09,6.05,2686200.0,16312728.0,2020,4,21,10,0,2020-04-21 10:00
186,6.06,6.05,6.07,6.03,2942600.0,17804520.0,2020,4,21,10,15,2020-04-21 10:15
187,6.05,6.04,6.06,6.03,1407800.0,8517424.0,2020,4,21,10,30,2020-04-21 10:30
188,6.04,6.04,6.05,6.02,2043300.0,12322784.0,2020,4,21,10,45,2020-04-21 10:45
189,6.05,6.06,6.07,6.04,854400.0,5178032.0,2020,4,21,11,0,2020-04-21 11:00
190,6.06,6.06,6.07,6.05,589000.0,3570960.0,2020,4,21,11,15,2020-04-21 11:15
191,6.06,6.04,6.07,6.03,801800.0,4853264.0,2020,4,21,11,30,2020-04-21 11:30
192,6.04,6.04,6.05,6.02,1309400.0,7900304.0,2020,4,21,13,15,2020-04-21 13:15
193,6.03,6.05,6.07,6.02,1159200.0,7007592.0,2020,4,21,13,30,2020-04-21 13:30
194,6.05,6.06,6.06,6.04,700100.0,4237840.0,2020,4,21,13,45,2020-04-21 13:45
195,6.06,6.07,6.08,6.02,1663600.0,10067768.0,2020,4,21,14,0,2020-04-21 14:00
196,6.07,6.08,6.1,6.07,1020600.0,6212720.0,2020,4,21,14,15,2020-04-21 14:15
197,6.09,6.09,6.1,6.08,575700.0,3507072.0,2020,4,21,14,30,2020-04-21 14:30
198,6.09,6.08,6.1,6.06,1578100.0,9597592.0,2020,4,21,14,45,2020-04-21 14:45
199,6.07,6.09,6.1,6.07,1059400.0,6450176.0,2020,4,21,15,0,2020-04-21 15:00
200,6.03,6.07,6.07,6.01,2720800.0,16437847.0,2020,4,22,9,45,2020-04-22 09:45
201,6.08,6.1,6.11,6.07,2011100.0,12252611.0,2020,4,22,10,0,2020-04-22 10:00
202,6.11,6.08,6.11,6.06,1243100.0,7555382.0,2020,4,22,10,15,2020-04-22 10:15
203,6.07,6.07,6.1,6.07,856200.0,5212232.0,2020,4,22,10,30,2020-04-22 10:30
204,6.08,6.07,6.08,6.06,609600.0,3700800.0,2020,4,22,10,45,2020-04-22 10:45
205,6.07,6.06,6.08,6.06,725700.0,4403552.0,2020,4,22,11,0,2020-04-22 11:00
206,6.06,6.06,6.07,6.04,1079000.0,6534476.0,2020,4,22,11,15,2020-04-22 11:15
207,6.04,6.04,6.06,6.03,926500.0,5594492.0,2020,4,22,11,30,2020-04-22 11:30
208,6.04,6.05,6.06,6.04,665000.0,4020272.0,2020,4,22,13,15,2020-04-22 13:15
209,6.05,6.06,6.07,6.05,862900.0,5228584.0,2020,4,22,13,30,2020-04-22 13:30
210,6.07,6.08,6.08,6.06,1286000.0,7807672.0,2020,4,22,13,45,2020-04-22 13:45
211,6.07,6.07,6.08,6.06,662100.0,4018736.0,2020,4,22,14,0,2020-04-22 14:00
212,6.07,6.09,6.09,6.07,657800.0,4000744.0,2020,4,22,14,15,2020-04-22 14:15
213,6.08,6.07,6.09,6.07,816900.0,4969648.0,2020,4,22,14,30,2020-04-22 14:30
214,6.07,6.08,6.09,6.07,1059200.0,6440096.0,2020,4,22,14,45,2020-04-22 14:45
215,6.09,6.08,6.1,6.08,1609600.0,9792328.0,2020,4,22,15,0,2020-04-22 15:00
216,6.12,6.09,6.12,6.08,1953700.0,11907113.0,2020,4,23,9,45,2020-04-23 09:45
217,6.09,6.07,6.1,6.07,1120000.0,6815945.0,2020,4,23,10,0,2020-04-23 10:00
218,6.07,6.08,6.09,6.07,848300.0,5155234.0,2020,4,23,10,15,2020-04-23 10:15
219,6.09,6.07,6.1,6.06,2125200.0,12908484.0,2020,4,23,10,30,2020-04-23 10:30
220,6.06,6.04,6.08,6.02,3183000.0,19243792.0,2020,4,23,10,45,2020-04-23 10:45
221,6.03,6.05,6.07,6.03,1437200.0,8696224.0,2020,4,23,11,0,2020-04-23 11:00
222,6.05,6.05,6.07,6.05,943200.0,5713280.0,2020,4,23,11,15,2020-04-23 11:15
223,6.05,6.05,6.06,6.04,660100.0,3992200.0,2020,4,23,11,30,2020-04-23 11:30
224,6.05,6.09,6.09,6.05,1119300.0,6792408.0,2020,4,23,13,15,2020-04-23 13:15
225,6.08,6.1,6.11,6.08,1034400.0,6302064.0,2020,4,23,13,30,2020-04-23 13:30
226,6.1,6.1,6.11,6.08,1444300.0,8811440.0,2020,4,23,13,45,2020-04-23 13:45
227,6.1,6.09,6.11,6.09,1186100.0,7237064.0,2020,4,23,14,0,2020-04-23 14:00
228,6.09,6.11,6.12,6.09,1238000.0,7561344.0,2020,4,23,14,15,2020-04-23 14:15
229,6.12,6.1,6.12,6.09,965200.0,5885824.0,2020,4,23,14,30,2020-04-23 14:30
230,6.1,6.09,6.1,6.08,1326900.0,8081360.0,2020,4,23,14,45,2020-04-23 14:45
231,6.09,6.08,6.1,6.08,1317800.0,8025048.0,2020,4,23,15,0,2020-04-23 15:00
232,6.09,6.1,6.14,6.08,5360400.0,32712756.0,2020,4,24,9,45,2020-04-24 09:45
233,6.1,6.07,6.1,6.06,1811600.0,11015844.0,2020,4,24,10,0,2020-04-24 10:00
234,6.06,6.06,6.08,6.05,1137500.0,6897872.0,2020,4,24,10,15,2020-04-24 10:15
235,6.06,6.05,6.08,6.04,1085600.0,6577804.0,2020,4,24,10,30,2020-04-24 10:30
236,6.05,6.1,6.11,6.05,1151600.0,7001944.0,2020,4,24,10,45,2020-04-24 10:45
237,6.11,6.1,6.13,6.1,1124000.0,6873268.0,2020,4,24,11,0,2020-04-24 11:00
238,6.1,6.19,6.22,6.1,5308200.0,32756192.0,2020,4,24,11,15,2020-04-24 11:15
239,6.19,6.15,6.19,6.14,1605200.0,9900504.0,2020,4,24,11,30,2020-04-24 11:30
240,6.16,6.16,6.17,6.14,981700.0,6043032.0,2020,4,24,13,15,2020-04-24 13:15
241,6.15,6.16,6.16,6.14,843800.0,5191008.0,2020,4,24,13,30,2020-04-24 13:30
242,6.15,6.15,6.16,6.12,1817500.0,11167872.0,2020,4,24,13,45,2020-04-24 13:45
243,6.16,6.17,6.19,6.14,1599800.0,9863808.0,2020,4,24,14,0,2020-04-24 14:00
244,6.17,6.15,6.17,6.15,1131100.0,6968384.0,2020,4,24,14,15,2020-04-24 14:15
245,6.15,6.17,6.18,6.15,1849700.0,11410672.0,2020,4,24,14,30,2020-04-24 14:30
246,6.16,6.14,6.17,6.14,1801700.0,11076992.0,2020,4,24,14,45,2020-04-24 14:45
247,6.15,6.14,6.16,6.14,2017000.0,12399600.0,2020,4,24,15,0,2020-04-24 15:00
248,6.15,6.12,6.19,6.11,4427100.0,27176848.0,2020,4,27,9,45,2020-04-27 09:45
249,6.11,6.13,6.15,6.11,2285800.0,14000400.0,2020,4,27,10,0,2020-04-27 10:00
250,6.13,6.1,6.14,6.1,1957200.0,11975276.0,2020,4,27,10,15,2020-04-27 10:15
251,6.11,6.1,6.11,6.09,1483100.0,9045800.0,2020,4,27,10,30,2020-04-27 10:30
252,6.09,6.11,6.11,6.08,1583900.0,9648084.0,2020,4,27,10,45,2020-04-27 10:45
253,6.1,6.09,6.11,6.09,769800.0,4692480.0,2020,4,27,11,0,2020-04-27 11:00
254,6.09,6.08,6.1,6.07,1396600.0,8494280.0,2020,4,27,11,15,2020-04-27 11:15
255,6.08,6.08,6.09,6.07,898100.0,5458896.0,2020,4,27,11,30,2020-04-27 11:30
256,6.08,6.08,6.1,6.07,1266400.0,7704352.0,2020,4,27,13,15,2020-04-27 13:15
257,6.08,6.09,6.09,6.07,542000.0,3294888.0,2020,4,27,13,30,2020-04-27 13:30
258,6.08,6.1,6.1,6.07,1141700.0,6947136.0,2020,4,27,13,45,2020-04-27 13:45
259,6.09,6.11,6.12,6.09,1198800.0,7321008.0,2020,4,27,14,0,2020-04-27 14:00
260,6.11,6.07,6.12,6.06,2015600.0,12247904.0,2020,4,27,14,15,2020-04-27 14:15
261,6.07,6.06,6.08,6.06,1087000.0,6595272.0,2020,4,27,14,30,2020-04-27 14:30
262,6.06,6.04,6.06,6.04,3266400.0,19765792.0,2020,4,27,14,45,2020-04-27 14:45
263,6.05,6.04,6.06,6.04,2015100.0,12183904.0,2020,4,27,15,0,2020-04-27 15:00
264,6.01,5.92,6.05,5.92,5004800.0,29948640.0,2020,4,28,9,45,2020-04-28 09:45
265,5.92,5.86,5.93,5.84,4606000.0,27099032.0,2020,4,28,10,0,2020-04-28 10:00
266,5.87,5.86,5.9,5.82,4520100.0,26476728.0,2020,4,28,10,15,2020-04-28 10:15
267,5.85,5.89,5.9,5.84,1428100.0,8398776.0,2020,4,28,10,30,2020-04-28 10:30
268,5.89,5.91,5.94,5.88,1712300.0,10133480.0,2020,4,28,10,45,2020-04-28 10:45
269,5.91,5.93,5.94,5.91,1182900.0,7004880.0,2020,4,28,11,0,2020-04-28 11:00
270,5.93,5.91,5.94,5.9,1359400.0,8048088.0,2020,4,28,11,15,2020-04-28 11:15
271,5.92,5.95,5.96,5.91,870600.0,5171672.0,2020,4,28,11,30,2020-04-28 11:30
272,5.96,5.95,5.97,5.93,1082500.0,6442424.0,2020,4,28,13,15,2020-04-28 13:15
273,5.95,5.96,5.98,5.95,900000.0,5369928.0,2020,4,28,13,30,2020-04-28 13:30
274,5.96,5.96,5.98,5.96,867000.0,5172464.0,2020,4,28,13,45,2020-04-28 13:45
275,5.96,5.97,5.98,5.95,638200.0,3808912.0,2020,4,28,14,0,2020-04-28 14:00
276,5.98,5.98,5.99,5.96,696600.0,4163200.0,2020,4,28,14,15,2020-04-28 14:15
277,5.98,5.97,6.0,5.97,776000.0,4646400.0,2020,4,28,14,30,2020-04-28 14:30
278,5.98,5.98,5.99,5.96,1113000.0,6646912.0,2020,4,28,14,45,2020-04-28 14:45
279,5.97,5.96,5.98,5.95,1052100.0,6277072.0,2020,4,28,15,0,2020-04-28 15:00
280,5.94,5.96,5.97,5.92,1406300.0,8363062.0,2020,4,29,9,45,2020-04-29 09:45
281,5.97,5.96,5.98,5.95,1221500.0,7282396.0,2020,4,29,10,0,2020-04-29 10:00
282,5.97,5.98,5.98,5.96,561000.0,3348386.0,2020,4,29,10,15,2020-04-29 10:15
283,5.98,6.09,6.17,5.96,6414900.0,39052092.0,2020,4,29,10,30,2020-04-29 10:30
284,6.09,6.09,6.11,6.08,1416000.0,8627124.0,2020,4,29,10,45,2020-04-29 10:45
285,6.08,6.09,6.09,6.07,747200.0,4544004.0,2020,4,29,11,0,2020-04-29 11:00
286,6.09,6.08,6.09,6.07,373700.0,2273344.0,2020,4,29,11,15,2020-04-29 11:15
287,6.07,6.08,6.08,6.06,423400.0,2570496.0,2020,4,29,11,30,2020-04-29 11:30
288,6.08,6.08,6.09,6.06,721700.0,4385960.0,2020,4,29,13,15,2020-04-29 13:15
289,6.08,6.07,6.08,6.06,568700.0,3453584.0,2020,4,29,13,30,2020-04-29 13:30
290,6.06,6.06,6.07,6.05,578300.0,3503048.0,2020,4,29,13,45,2020-04-29 13:45
291,6.06,6.08,6.08,6.05,588000.0,3565328.0,2020,4,29,14,0,2020-04-29 14:00
292,6.08,6.09,6.09,6.06,570200.0,3465312.0,2020,4,29,14,15,2020-04-29 14:15
293,6.09,6.11,6.11,6.08,1605900.0,9795016.0,2020,4,29,14,30,2020-04-29 14:30
294,6.11,6.11,6.12,6.1,1160500.0,7089664.0,2020,4,29,14,45,2020-04-29 14:45
295,6.1,6.11,6.12,6.1,1548800.0,9462048.0,2020,4,29,15,0,2020-04-29 15:00
296,6.12,6.14,6.14,6.1,4417800.0,27022234.0,2020,4,30,9,45,2020-04-30 09:45
297,6.13,6.14,6.14,6.11,2445800.0,14995278.0,2020,4,30,10,0,2020-04-30 10:00
298,6.13,6.13,6.14,6.12,1716900.0,10528680.0,2020,4,30,10,15,2020-04-30 10:15
299,6.13,6.17,6.18,6.13,2575200.0,15863776.0,2020,4,30,10,30,2020-04-30 10:30
300,6.17,6.15,6.18,6.15,1142400.0,7040320.0,2020,4,30,10,45,2020-04-30 10:45
301,6.15,6.16,6.17,6.15,1095600.0,6748024.0,2020,4,30,11,0,2020-04-30 11:00
302,6.15,6.17,6.17,6.15,1166100.0,7183296.0,2020,4,30,11,15,2020-04-30 11:15
303,6.16,6.16,6.17,6.16,1031600.0,6357640.0,2020,4,30,11,30,2020-04-30 11:30
304,6.17,6.16,6.18,6.16,1328700.0,8197336.0,2020,4,30,13,15,2020-04-30 13:15
305,6.17,6.16,6.17,6.15,1036000.0,6383424.0,2020,4,30,13,30,2020-04-30 13:30
306,6.17,6.15,6.17,6.15,1119000.0,6889800.0,2020,4,30,13,45,2020-04-30 13:45
307,6.15,6.14,6.16,6.14,1456600.0,8959296.0,2020,4,30,14,0,2020-04-30 14:00
308,6.15,6.14,6.15,6.14,844700.0,5188336.0,2020,4,30,14,15,2020-04-30 14:15
309,6.15,6.14,6.15,6.14,1152300.0,7079360.0,2020,4,30,14,30,2020-04-30 14:30
310,6.15,6.14,6.16,6.14,1528600.0,9400608.0,2020,4,30,14,45,2020-04-30 14:45
311,6.14,6.17,6.18,6.14,3559000.0,21941280.0,2020,4,30,15,0,2020-04-30 15:00
312,6.12,6.13,6.19,6.12,5660100.0,34795140.0,2020,5,6,9,45,2020-05-06 09:45
313,6.12,6.09,6.13,6.07,5787300.0,35298508.0,2020,5,6,10,0,2020-05-06 10:00
314,6.09,6.1,6.12,6.08,3495200.0,21301824.0,2020,5,6,10,15,2020-05-06 10:15
315,6.1,6.06,6.11,6.06,4000500.0,24327288.0,2020,5,6,10,30,2020-05-06 10:30
316,6.07,6.06,6.09,6.06,3278900.0,19916920.0,2020,5,6,10,45,2020-05-06 10:45
317,6.06,6.08,6.08,6.05,2646600.0,16039184.0,2020,5,6,11,0,2020-05-06 11:00
318,6.07,6.08,6.09,6.07,1784600.0,10848496.0,2020,5,6,11,15,2020-05-06 11:15
319,6.09,6.08,6.09,6.06,2138000.0,12984576.0,2020,5,6,11,30,2020-05-06 11:30
320,6.08,6.07,6.09,6.07,2172700.0,13206512.0,2020,5,6,13,15,2020-05-06 13:15
321,6.07,6.08,6.09,6.07,2044200.0,12422000.0,2020,5,6,13,30,2020-05-06 13:30
322,6.07,6.06,6.08,6.04,4331700.0,26236704.0,2020,5,6,13,45,2020-05-06 13:45
323,6.05,6.06,6.07,6.05,2468300.0,14952496.0,2020,5,6,14,0,2020-05-06 14:00
324,6.06,6.07,6.08,6.06,1350000.0,8195664.0,2020,5,6,14,15,2020-05-06 14:15
325,6.07,6.08,6.09,6.06,1286500.0,7818352.0,2020,5,6,14,30,2020-05-06 14:30
326,6.08,6.09,6.1,6.08,2030300.0,12357008.0,2020,5,6,14,45,2020-05-06 14:45
327,6.09,6.1,6.11,6.08,3635500.0,22153152.0,2020,5,6,15,0,2020-05-06 15:00
328,6.06,6.05,6.07,6.03,3803300.0,23013622.0,2020,5,7,9,45,2020-05-07 09:45
329,6.05,6.04,6.06,6.03,1534800.0,9274550.0,2020,5,7,10,0,2020-05-07 10:00
330,6.04,6.01,6.05,5.99,4955900.0,29810312.0,2020,5,7,10,15,2020-05-07 10:15
331,6.02,6.0,6.02,5.99,1963600.0,11787740.0,2020,5,7,10,30,2020-05-07 10:30
332,6.0,6.01,6.03,6.0,1497700.0,9000344.0,2020,5,7,10,45,2020-05-07 10:45
333,6.01,6.01,6.03,6.01,706700.0,4256536.0,2020,5,7,11,0,2020-05-07 11:00
334,6.01,6.02,6.03,6.01,968800.0,5829832.0,2020,5,7,11,15,2020-05-07 11:15
335,6.02,6.03,6.05,6.02,1283800.0,7740376.0,2020,5,7,11,30,2020-05-07 11:30
336,6.04,6.02,6.04,6.01,1429800.0,8607480.0,2020,5,7,13,15,2020-05-07 13:15
337,6.01,6.0,6.02,6.0,1157400.0,6952840.0,2020,5,7,13,30,2020-05-07 13:30
338,6.0,6.01,6.01,6.0,1133800.0,6805936.0,2020,5,7,13,45,2020-05-07 13:45
339,6.0,6.0,6.02,6.0,1028400.0,6176824.0,2020,5,7,14,0,2020-05-07 14:00
340,6.0,6.01,6.02,6.0,800000.0,4805264.0,2020,5,7,14,15,2020-05-07 14:15
341,6.01,6.0,6.02,6.0,1021000.0,6134376.0,2020,5,7,14,30,2020-05-07 14:30
342,6.0,6.0,6.01,5.99,2048600.0,12283344.0,2020,5,7,14,45,2020-05-07 14:45
343,6.0,6.0,6.01,5.99,1662700.0,9976544.0,2020,5,7,15,0,2020-05-07 15:00
344,6.03,6.01,6.04,5.99,3211900.0,19285804.0,2020,5,8,9,45,2020-05-08 09:45
345,6.0,6.01,6.02,5.99,2968200.0,17821756.0,2020,5,8,10,0,2020-05-08 10:00
346,6.0,5.98,6.01,5.97,3961500.0,23741264.0,2020,5,8,10,15,2020-05-08 10:15
347,5.98,5.98,5.99,5.97,2053900.0,12280688.0,2020,5,8,10,30,2020-05-08 10:30
348,5.98,5.98,5.99,5.96,2139300.0,12775424.0,2020,5,8,10,45,2020-05-08 10:45
349,5.98,5.98,6.0,5.98,1697200.0,10161208.0,2020,5,8,11,0,2020-05-08 11:00
350,5.98,6.01,6.01,5.98,1786400.0,10700664.0,2020,5,8,11,15,2020-05-08 11:15
351,6.01,6.01,6.02,6.0,1620400.0,9738208.0,2020,5,8,11,30,2020-05-08 11:30
352,6.01,6.01,6.02,6.01,1785000.0,10736496.0,2020,5,8,13,15,2020-05-08 13:15
353,6.02,6.02,6.04,6.01,1878200.0,11311800.0,2020,5,8,13,30,2020-05-08 13:30
354,6.03,6.02,6.03,6.0,1539100.0,9254096.0,2020,5,8,13,45,2020-05-08 13:45
355,6.02,6.02,6.02,6.0,959900.0,5769712.0,2020,5,8,14,0,2020-05-08 14:00
356,6.02,6.0,6.02,6.0,1235900.0,7427888.0,2020,5,8,14,15,2020-05-08 14:15
357,6.0,6.01,6.02,6.0,1047200.0,6290432.0,2020,5,8,14,30,2020-05-08 14:30
358,6.01,6.01,6.02,6.0,1243400.0,7466688.0,2020,5,8,14,45,2020-05-08 14:45
359,6.0,6.02,6.02,6.0,2758300.0,16574400.0,2020,5,8,15,0,2020-05-08 15:00
360,6.0,5.98,6.02,5.98,3932400.0,23606756.0,2020,5,11,9,45,2020-05-11 09:45
361,5.98,5.98,6.0,5.98,3610400.0,21609188.0,2020,5,11,10,0,2020-05-11 10:00
362,5.98,5.99,5.99,5.97,2591200.0,15494256.0,2020,5,11,10,15,2020-05-11 10:15
363,5.98,5.99,5.99,5.97,2038700.0,12197768.0,2020,5,11,10,30,2020-05-11 10:30
364,5.98,5.98,5.99,5.98,1853000.0,11087176.0,2020,5,11,10,45,2020-05-11 10:45
365,5.98,6.0,6.01,5.98,1701100.0,10201336.0,2020,5,11,11,0,2020-05-11 11:00
366,5.99,6.03,6.04,5.99,2593700.0,15608080.0,2020,5,11,11,15,2020-05-11 11:15
367,6.03,6.0,6.03,5.99,1397200.0,8393984.0,2020,5,11,11,30,2020-05-11 11:30
368,6.0,6.0,6.01,5.99,1292600.0,7751784.0,2020,5,11,13,15,2020-05-11 13:15
369,6.0,6.01,6.01,5.99,853200.0,5120848.0,2020,5,11,13,30,2020-05-11 13:30
370,6.0,5.99,6.01,5.99,1143800.0,6856328.0,2020,5,11,13,45,2020-05-11 13:45
371,5.99,5.98,6.0,5.97,2184600.0,13067024.0,2020,5,11,14,0,2020-05-11 14:00
372,5.98,5.99,5.99,5.97,1073400.0,6419728.0,2020,5,11,14,15,2020-05-11 14:15
373,5.98,5.98,5.99,5.97,1963900.0,11745552.0,2020,5,11,14,30,2020-05-11 14:30
374,5.99,5.98,5.99,5.98,1514600.0,9060640.0,2020,5,11,14,45,2020-05-11 14:45
375,5.98,5.98,5.99,5.98,2415700.0,14454192.0,2020,5,11,15,0,2020-05-11 15:00
376,5.97,5.93,5.98,5.93,5136900.0,30598164.0,2020,5,12,9,45,2020-05-12 09:45
377,5.93,5.94,5.94,5.93,2638900.0,15655840.0,2020,5,12,10,0,2020-05-12 10:00
378,5.93,5.93,5.95,5.93,2446500.0,14524668.0,2020,5,12,10,15,2020-05-12 10:15
379,5.93,5.92,5.94,5.91,3524000.0,20869776.0,2020,5,12,10,30,2020-05-12 10:30
380,5.91,5.9,5.92,5.9,2998500.0,17716912.0,2020,5,12,10,45,2020-05-12 10:45
381,5.91,5.89,5.91,5.87,4537500.0,26714944.0,2020,5,12,11,0,2020-05-12 11:00
382,5.89,5.85,5.89,5.84,4376900.0,25662544.0,2020,5,12,11,15,2020-05-12 11:15
383,5.85,5.87,5.87,5.84,2735800.0,16017024.0,2020,5,12,11,30,2020-05-12 11:30
384,5.87,5.88,5.88,5.85,1351300.0,7921712.0,2020,5,12,13,15,2020-05-12 13:15
385,5.88,5.87,5.88,5.86,1317500.0,7734640.0,2020,5,12,13,30,2020-05-12 13:30
386,5.87,5.87,5.87,5.85,1889900.0,11074880.0,2020,5,12,13,45,2020-05-12 13:45
387,5.87,5.85,5.87,5.85,2117500.0,12408800.0,2020,5,12,14,0,2020-05-12 14:00
388,5.85,5.88,5.88,5.85,2737200.0,16051808.0,2020,5,12,14,15,2020-05-12 14:15
389,5.87,5.88,5.88,5.86,1989300.0,11678448.0,2020,5,12,14,30,2020-05-12 14:30
390,5.88,5.88,5.89,5.87,1315200.0,7730496.0,2020,5,12,14,45,2020-05-12 14:45
391,5.87,5.93,5.94,5.87,4494600.0,26528112.0,2020,5,12,15,0,2020-05-12 15:00
392,5.87,5.85,5.88,5.83,5817200.0,34015768.0,2020,5,13,9,45,2020-05-13 09:45
393,5.86,5.84,5.88,5.84,2271700.0,13309840.0,2020,5,13,10,0,2020-05-13 10:00
394,5.84,5.82,5.85,5.82,4334800.0,25272632.0,2020,5,13,10,15,2020-05-13 10:15
395,5.82,5.81,5.83,5.81,2741300.0,15953024.0,2020,5,13,10,30,2020-05-13 10:30
396,5.81,5.83,5.83,5.81,3327500.0,19371568.0,2020,5,13,10,45,2020-05-13 10:45
397,5.83,5.81,5.84,5.81,2186000.0,12730912.0,2020,5,13,11,0,2020-05-13 11:00
398,5.81,5.82,5.83,5.81,1972100.0,11479408.0,2020,5,13,11,15,2020-05-13 11:15
399,5.83,5.81,5.83,5.81,2091200.0,12158544.0,2020,5,13,11,30,2020-05-13 11:30
400,5.82,5.82,5.83,5.81,1904700.0,11084048.0,2020,5,13,13,15,2020-05-13 13:15
401,5.83,5.83,5.84,5.82,1465100.0,8543168.0,2020,5,13,13,30,2020-05-13 13:30
402,5.83,5.82,5.84,5.82,1630400.0,9505600.0,2020,5,13,13,45,2020-05-13 13:45
403,5.82,5.82,5.83,5.82,1602700.0,9334576.0,2020,5,13,14,0,2020-05-13 14:00
404,5.83,5.83,5.85,5.82,1791400.0,10448032.0,2020,5,13,14,15,2020-05-13 14:15
405,5.83,5.83,5.84,5.83,1576700.0,9196464.0,2020,5,13,14,30,2020-05-13 14:30
406,5.84,5.84,5.84,5.83,2044900.0,11934048.0,2020,5,13,14,45,2020-05-13 14:45
407,5.84,5.84,5.84,5.83,2142700.0,12509360.0,2020,5,13,15,0,2020-05-13 15:00
408,5.84,5.84,5.85,5.82,3293700.0,19223112.0,2020,5,14,9,45,2020-05-14 09:45
409,5.83,5.83,5.84,5.83,1061300.0,6190396.0,2020,5,14,10,0,2020-05-14 10:00
410,5.83,5.82,5.84,5.81,1474700.0,8587480.0,2020,5,14,10,15,2020-05-14 10:15
411,5.82,5.81,5.82,5.81,860700.0,5005844.0,2020,5,14,10,30,2020-05-14 10:30
412,5.81,5.81,5.82,5.81,791800.0,4603876.0,2020,5,14,10,45,2020-05-14 10:45
413,5.81,5.83,5.83,5.81,792100.0,4607336.0,2020,5,14,11,0,2020-05-14 11:00
414,5.82,5.83,5.84,5.82,1142300.0,6656796.0,2020,5,14,11,15,2020-05-14 11:15
415,5.83,5.84,5.84,5.83,932900.0,5444256.0,2020,5,14,11,30,2020-05-14 11:30
416,5.84,5.82,5.84,5.82,1074300.0,6264876.0,2020,5,14,13,15,2020-05-14 13:15
417,5.82,5.81,5.83,5.81,972000.0,5658220.0,2020,5,14,13,30,2020-05-14 13:30
418,5.81,5.81,5.82,5.81,1117700.0,6500816.0,2020,5,14,13,45,2020-05-14 13:45
419,5.81,5.82,5.82,5.81,860700.0,5003592.0,2020,5,14,14,0,2020-05-14 14:00
420,5.82,5.81,5.82,5.8,1809200.0,10510960.0,2020,5,14,14,15,2020-05-14 14:15
421,5.8,5.81,5.82,5.8,1731000.0,10059280.0,2020,5,14,14,30,2020-05-14 14:30
422,5.82,5.8,5.82,5.8,1451800.0,8435872.0,2020,5,14,14,45,2020-05-14 14:45
423,5.81,5.8,5.81,5.79,3525800.0,20454744.0,2020,5,14,15,0,2020-05-14 15:00
424,5.82,5.83,5.83,5.81,1724600.0,10037493.0,2020,5,15,9,45,2020-05-15 09:45
425,5.82,5.81,5.83,5.8,1144800.0,6649577.0,2020,5,15,10,0,2020-05-15 10:00
426,5.8,5.8,5.81,5.79,1337900.0,7759314.0,2020,5,15,10,15,2020-05-15 10:15
427,5.8,5.79,5.81,5.78,1853600.0,10735680.0,2020,5,15,10,30,2020-05-15 10:30
428,5.79,5.8,5.81,5.78,1401100.0,8118128.0,2020,5,15,10,45,2020-05-15 10:45
429,5.8,5.81,5.81,5.8,424000.0,2460496.0,2020,5,15,11,0,2020-05-15 11:00
430,5.8,5.81,5.81,5.8,613400.0,3558628.0,2020,5,15,11,15,2020-05-15 11:15
431,5.81,5.81,5.82,5.8,638000.0,3704020.0,2020,5,15,11,30,2020-05-15 11:30
432,5.81,5.82,5.83,5.81,1287000.0,7493840.0,2020,5,15,13,15,2020-05-15 13:15
433,5.83,5.83,5.83,5.81,1462800.0,8516728.0,2020,5,15,13,30,2020-05-15 13:30
434,5.82,5.82,5.83,5.81,946800.0,5512712.0,2020,5,15,13,45,2020-05-15 13:45
435,5.82,5.82,5.83,5.81,667500.0,3885576.0,2020,5,15,14,0,2020-05-15 14:00
436,5.82,5.82,5.83,5.81,528700.0,3075760.0,2020,5,15,14,15,2020-05-15 14:15
437,5.81,5.8,5.82,5.8,909700.0,5283992.0,2020,5,15,14,30,2020-05-15 14:30
438,5.8,5.79,5.81,5.79,994600.0,5769728.0,2020,5,15,14,45,2020-05-15 14:45
439,5.8,5.81,5.81,5.79,1804800.0,10467040.0,2020,5,15,15,0,2020-05-15 15:00
440,5.83,5.8,5.84,5.79,2495800.0,14495889.0,2020,5,18,9,45,2020-05-18 09:45
441,5.8,5.81,5.82,5.8,1097500.0,6374787.0,2020,5,18,10,0,2020-05-18 10:00
442,5.82,5.84,5.84,5.81,1779600.0,10367440.0,2020,5,18,10,15,2020-05-18 10:15
443,5.84,5.81,5.84,5.81,1518100.0,8840560.0,2020,5,18,10,30,2020-05-18 10:30
444,5.81,5.82,5.83,5.81,784300.0,4564692.0,2020,5,18,10,45,2020-05-18 10:45
445,5.82,5.81,5.82,5.81,532400.0,3094376.0,2020,5,18,11,0,2020-05-18 11:00
446,5.81,5.82,5.84,5.81,1388900.0,8096204.0,2020,5,18,11,15,2020-05-18 11:15
447,5.82,5.83,5.84,5.82,916300.0,5339892.0,2020,5,18,11,30,2020-05-18 11:30
448,5.83,5.83,5.84,5.82,933100.0,5444200.0,2020,5,18,13,15,2020-05-18 13:15
449,5.83,5.84,5.85,5.83,952300.0,5559680.0,2020,5,18,13,30,2020-05-18 13:30
450,5.84,5.84,5.85,5.83,1406100.0,8212488.0,2020,5,18,13,45,2020-05-18 13:45
451,5.83,5.82,5.84,5.82,747300.0,4356432.0,2020,5,18,14,0,2020-05-18 14:00
452,5.82,5.82,5.83,5.81,993800.0,5782704.0,2020,5,18,14,15,2020-05-18 14:15
453,5.82,5.81,5.82,5.81,1404400.0,8168408.0,2020,5,18,14,30,2020-05-18 14:30
454,5.81,5.81,5.82,5.81,914900.0,5318936.0,2020,5,18,14,45,2020-05-18 14:45
455,5.81,5.82,5.82,5.81,1403400.0,8162248.0,2020,5,18,15,0,2020-05-18 15:00
456,5.85,5.83,5.86,5.83,3271100.0,19128756.0,2020,5,19,9,45,2020-05-19 09:45
457,5.83,5.83,5.84,5.83,1323700.0,7722628.0,2020,5,19,10,0,2020-05-19 10:00
458,5.83,5.83,5.84,5.82,1756800.0,10232228.0,2020,5,19,10,15,2020-05-19 10:15
459,5.82,5.82,5.83,5.82,735100.0,4280200.0,2020,5,19,10,30,2020-05-19 10:30
460,5.83,5.83,5.84,5.82,1164700.0,6783684.0,2020,5,19,10,45,2020-05-19 10:45
461,5.83,5.82,5.84,5.82,768200.0,4475768.0,2020,5,19,11,0,2020-05-19 11:00
462,5.82,5.82,5.83,5.81,757000.0,4405368.0,2020,5,19,11,15,2020-05-19 11:15
463,5.82,5.82,5.83,5.81,491000.0,2857184.0,2020,5,19,11,30,2020-05-19 11:30
464,5.82,5.82,5.83,5.82,674400.0,3927832.0,2020,5,19,13,15,2020-05-19 13:15
465,5.83,5.82,5.83,5.82,579100.0,3373568.0,2020,5,19,13,30,2020-05-19 13:30
466,5.82,5.82,5.84,5.82,1570800.0,9161088.0,2020,5,19,13,45,2020-05-19 13:45
467,5.83,5.84,5.84,5.82,1430700.0,8344608.0,2020,5,19,14,0,2020-05-19 14:00
468,5.83,5.83,5.84,5.82,1130800.0,6594376.0,2020,5,19,14,15,2020-05-19 14:15
469,5.82,5.82,5.83,5.82,724000.0,4215104.0,2020,5,19,14,30,2020-05-19 14:30
470,5.82,5.83,5.83,5.82,1014200.0,5905992.0,2020,5,19,14,45,2020-05-19 14:45
471,5.82,5.83,5.83,5.82,1645100.0,9583720.0,2020,5,19,15,0,2020-05-19 15:00
472,5.82,5.8,5.82,5.8,1411900.0,8200934.0,2020,5,20,9,45,2020-05-20 09:45
473,5.8,5.8,5.81,5.79,2044200.0,11853240.0,2020,5,20,10,0,2020-05-20 10:00
474,5.8,5.8,5.81,5.79,1235400.0,7158482.0,2020,5,20,10,15,2020-05-20 10:15
475,5.79,5.78,5.8,5.78,1660300.0,9605880.0,2020,5,20,10,30,2020-05-20 10:30
476,5.78,5.78,5.79,5.77,1247200.0,7206812.0,2020,5,20,10,45,2020-05-20 10:45
477,5.78,5.78,5.79,5.78,682200.0,3944764.0,2020,5,20,11,0,2020-05-20 11:00
478,5.78,5.78,5.79,5.77,993200.0,5741556.0,2020,5,20,11,15,2020-05-20 11:15
479,5.78,5.78,5.79,5.77,716800.0,4140676.0,2020,5,20,11,30,2020-05-20 11:30
480,5.78,5.78,5.79,5.77,594500.0,3436888.0,2020,5,20,13,15,2020-05-20 13:15
481,5.78,5.8,5.8,5.78,1040500.0,6021928.0,2020,5,20,13,30,2020-05-20 13:30
482,5.8,5.78,5.8,5.78,590900.0,3423744.0,2020,5,20,13,45,2020-05-20 13:45
483,5.78,5.79,5.79,5.78,588600.0,3403944.0,2020,5,20,14,0,2020-05-20 14:00
484,5.78,5.77,5.79,5.77,883200.0,5105000.0,2020,5,20,14,15,2020-05-20 14:15
485,5.77,5.78,5.79,5.77,1221100.0,7055432.0,2020,5,20,14,30,2020-05-20 14:30
486,5.78,5.78,5.78,5.77,1505000.0,8692664.0,2020,5,20,14,45,2020-05-20 14:45
487,5.77,5.77,5.78,5.77,1477200.0,8527840.0,2020,5,20,15,0,2020-05-20 15:00
488,5.78,5.75,5.79,5.74,2580400.0,14861367.0,2020,5,21,9,45,2020-05-21 09:45
489,5.74,5.71,5.75,5.71,3495400.0,20030476.0,2020,5,21,10,0,2020-05-21 10:00
490,5.72,5.7,5.73,5.7,2789400.0,15931608.0,2020,5,21,10,15,2020-05-21 10:15
491,5.71,5.7,5.71,5.69,2588300.0,14757888.0,2020,5,21,10,30,2020-05-21 10:30
492,5.69,5.7,5.71,5.68,2242000.0,12764684.0,2020,5,21,10,45,2020-05-21 10:45
493,5.7,5.7,5.71,5.69,1302700.0,7427856.0,2020,5,21,11,0,2020-05-21 11:00
494,5.7,5.7,5.71,5.69,848600.0,4834824.0,2020,5,21,11,15,2020-05-21 11:15
495,5.7,5.69,5.7,5.69,854200.0,4863200.0,2020,5,21,11,30,2020-05-21 11:30
496,5.7,5.68,5.7,5.68,1624500.0,9237048.0,2020,5,21,13,15,2020-05-21 13:15
497,5.68,5.65,5.69,5.65,2863900.0,16227640.0,2020,5,21,13,30,2020-05-21 13:30
498,5.65,5.65,5.66,5.64,2396600.0,13534992.0,2020,5,21,13,45,2020-05-21 13:45
499,5.65,5.65,5.66,5.63,2425600.0,13689120.0,2020,5,21,14,0,2020-05-21 14:00
500,5.65,5.64,5.66,5.63,2418600.0,13638928.0,2020,5,21,14,15,2020-05-21 14:15
501,5.65,5.62,5.65,5.61,2511100.0,14124960.0,2020,5,21,14,30,2020-05-21 14:30
502,5.61,5.61,5.63,5.59,3440200.0,19294688.0,2020,5,21,14,45,2020-05-21 14:45
503,5.61,5.61,5.63,5.6,1838500.0,10324800.0,2020,5,21,15,0,2020-05-21 15:00
504,5.61,5.61,5.63,5.59,1975000.0,11081724.0,2020,5,22,9,45,2020-05-22 09:45
505,5.61,5.61,5.62,5.59,1700400.0,9518380.0,2020,5,22,10,0,2020-05-22 10:00
506,5.61,5.6,5.61,5.59,792000.0,4436488.0,2020,5,22,10,15,2020-05-22 10:15
507,5.61,5.56,5.61,5.56,1420800.0,7932256.0,2020,5,22,10,30,2020-05-22 10:30
508,5.56,5.57,5.58,5.54,1878800.0,10449312.0,2020,5,22,10,45,2020-05-22 10:45
509,5.57,5.59,5.59,5.56,759900.0,4238004.0,2020,5,22,11,0,2020-05-22 11:00
510,5.58,5.58,5.59,5.57,692800.0,3867468.0,2020,5,22,11,15,2020-05-22 11:15
511,5.58,5.57,5.58,5.57,762800.0,4250060.0,2020,5,22,11,30,2020-05-22 11:30
512,5.57,5.56,5.58,5.55,3485800.0,19383580.0,2020,5,22,13,15,2020-05-22 13:15
513,5.56,5.52,5.56,5.52,3103000.0,17171448.0,2020,5,22,13,30,2020-05-22 13:30
514,5.52,5.51,5.53,5.51,2643900.0,14588520.0,2020,5,22,13,45,2020-05-22 13:45
515,5.51,5.5,5.52,5.5,2920200.0,16091608.0,2020,5,22,14,0,2020-05-22 14:00
516,5.5,5.51,5.52,5.5,1774200.0,9780488.0,2020,5,22,14,15,2020-05-22 14:15
517,5.51,5.53,5.56,5.51,2641400.0,14624920.0,2020,5,22,14,30,2020-05-22 14:30
518,5.53,5.5,5.53,5.5,2020400.0,11141920.0,2020,5,22,14,45,2020-05-22 14:45
519,5.53,5.55,5.57,5.52,3175500.0,17593200.0,2020,5,22,15,0,2020-05-22 15:00
520,5.55,5.6,5.6,5.54,2670400.0,14873939.0,2020,5,25,9,45,2020-05-25 09:45
521,5.59,5.62,5.66,5.59,4436900.0,24975772.0,2020,5,25,10,0,2020-05-25 10:00
522,5.62,5.58,5.63,5.58,1850600.0,10379000.0,2020,5,25,10,15,2020-05-25 10:15
523,5.58,5.57,5.59,5.56,1557200.0,8680104.0,2020,5,25,10,30,2020-05-25 10:30
524,5.58,5.57,5.58,5.57,709800.0,3957724.0,2020,5,25,10,45,2020-05-25 10:45
525,5.57,5.59,5.59,5.57,576800.0,3217968.0,2020,5,25,11,0,2020-05-25 11:00
526,5.59,5.59,5.6,5.58,452400.0,2528244.0,2020,5,25,11,15,2020-05-25 11:15
527,5.59,5.58,5.6,5.58,333100.0,1860128.0,2020,5,25,11,30,2020-05-25 11:30
528,5.58,5.58,5.59,5.57,884900.0,4936936.0,2020,5,25,13,15,2020-05-25 13:15
529,5.58,5.56,5.59,5.56,735700.0,4100912.0,2020,5,25,13,30,2020-05-25 13:30
530,5.56,5.56,5.58,5.56,710000.0,3954888.0,2020,5,25,13,45,2020-05-25 13:45
531,5.56,5.57,5.58,5.56,711800.0,3961848.0,2020,5,25,14,0,2020-05-25 14:00
532,5.58,5.56,5.58,5.56,711800.0,3964144.0,2020,5,25,14,15,2020-05-25 14:15
533,5.56,5.56,5.57,5.56,703900.0,3916056.0,2020,5,25,14,30,2020-05-25 14:30
534,5.56,5.58,5.58,5.56,705900.0,3928680.0,2020,5,25,14,45,2020-05-25 14:45
535,5.58,5.57,5.59,5.56,1064600.0,5935384.0,2020,5,25,15,0,2020-05-25 15:00
536,5.57,5.63,5.63,5.57,2557100.0,14318464.0,2020,5,26,9,45,2020-05-26 09:45
537,5.63,5.62,5.64,5.61,2217200.0,12476456.0,2020,5,26,10,0,2020-05-26 10:00
538,5.62,5.6,5.63,5.59,1202400.0,6736956.0,2020,5,26,10,15,2020-05-26 10:15
539,5.61,5.61,5.62,5.6,1074600.0,6023148.0,2020,5,26,10,30,2020-05-26 10:30
540,5.61,5.61,5.62,5.6,1430600.0,8018608.0,2020,5,26,10,45,2020-05-26 10:45
541,5.6,5.6,5.62,5.59,1284100.0,7199548.0,2020,5,26,11,0,2020-05-26 11:00
542,5.6,5.58,5.61,5.58,841300.0,4703864.0,2020,5,26,11,15,2020-05-26 11:15
543,5.58,5.59,5.6,5.58,874600.0,4888724.0,2020,5,26,11,30,2020-05-26 11:30
544,5.59,5.6,5.61,5.59,611600.0,3425056.0,2020,5,26,13,15,2020-05-26 13:15
545,5.6,5.61,5.61,5.6,652500.0,3657248.0,2020,5,26,13,30,2020-05-26 13:30
546,5.6,5.61,5.62,5.6,564900.0,3168680.0,2020,5,26,13,45,2020-05-26 13:45
547,5.61,5.62,5.62,5.61,322700.0,1811368.0,2020,5,26,14,0,2020-05-26 14:00
548,5.62,5.61,5.62,5.6,877700.0,4925008.0,2020,5,26,14,15,2020-05-26 14:15
549,5.61,5.61,5.62,5.6,1566700.0,8778248.0,2020,5,26,14,30,2020-05-26 14:30
550,5.6,5.6,5.61,5.6,663000.0,3716128.0,2020,5,26,14,45,2020-05-26 14:45
551,5.61,5.61,5.62,5.6,1641900.0,9217504.0,2020,5,26,15,0,2020-05-26 15:00
552,5.61,5.63,5.65,5.58,3052300.0,17135174.0,2020,5,27,9,45,2020-05-27 09:45
553,5.62,5.61,5.64,5.61,1365800.0,7676610.0,2020,5,27,10,0,2020-05-27 10:00
554,5.61,5.61,5.62,5.6,701400.0,3931726.0,2020,5,27,10,15,2020-05-27 10:15
555,5.6,5.59,5.61,5.59,766200.0,4290990.0,2020,5,27,10,30,2020-05-27 10:30
556,5.59,5.58,5.6,5.58,861900.0,4819364.0,2020,5,27,10,45,2020-05-27 10:45
557,5.58,5.59,5.6,5.58,461400.0,2577248.0,2020,5,27,11,0,2020-05-27 11:00
558,5.59,5.59,5.6,5.58,331500.0,1852248.0,2020,5,27,11,15,2020-05-27 11:15
559,5.58,5.6,5.6,5.58,559900.0,3127792.0,2020,5,27,11,30,2020-05-27 11:30
560,5.6,5.6,5.6,5.58,659800.0,3691468.0,2020,5,27,13,15,2020-05-27 13:15
561,5.6,5.59,5.6,5.59,564500.0,3157872.0,2020,5,27,13,30,2020-05-27 13:30
562,5.6,5.59,5.6,5.58,425600.0,2379100.0,2020,5,27,13,45,2020-05-27 13:45
563,5.6,5.59,5.6,5.59,412100.0,2304876.0,2020,5,27,14,0,2020-05-27 14:00
564,5.59,5.59,5.6,5.59,432300.0,2417812.0,2020,5,27,14,15,2020-05-27 14:15
565,5.59,5.58,5.6,5.58,593200.0,3316008.0,2020,5,27,14,30,2020-05-27 14:30
566,5.58,5.58,5.59,5.58,502000.0,2802880.0,2020,5,27,14,45,2020-05-27 14:45
567,5.58,5.61,5.61,5.58,2123200.0,11883672.0,2020,5,27,15,0,2020-05-27 15:00
568,5.61,5.63,5.63,5.6,1607300.0,9022395.0,2020,5,28,9,45,2020-05-28 09:45
569,5.62,5.63,5.64,5.61,1789700.0,10066483.0,2020,5,28,10,0,2020-05-28 10:00
570,5.63,5.62,5.63,5.61,681500.0,3830056.0,2020,5,28,10,15,2020-05-28 10:15
571,5.62,5.6,5.62,5.6,824600.0,4624908.0,2020,5,28,10,30,2020-05-28 10:30
572,5.6,5.59,5.61,5.59,764400.0,4279046.0,2020,5,28,10,45,2020-05-28 10:45
573,5.6,5.59,5.6,5.59,225100.0,1259470.0,2020,5,28,11,0,2020-05-28 11:00
574,5.59,5.58,5.6,5.58,662200.0,3702090.0,2020,5,28,11,15,2020-05-28 11:15
575,5.58,5.57,5.59,5.56,959500.0,5347304.0,2020,5,28,11,30,2020-05-28 11:30
576,5.56,5.57,5.57,5.54,916100.0,5090356.0,2020,5,28,13,15,2020-05-28 13:15
577,5.57,5.57,5.58,5.56,494800.0,2754100.0,2020,5,28,13,30,2020-05-28 13:30
578,5.57,5.57,5.58,5.56,405700.0,2259376.0,2020,5,28,13,45,2020-05-28 13:45
579,5.56,5.56,5.57,5.56,295000.0,1641680.0,2020,5,28,14,0,2020-05-28 14:00
580,5.57,5.57,5.58,5.55,480900.0,2675648.0,2020,5,28,14,15,2020-05-28 14:15
581,5.58,5.58,5.59,5.57,466800.0,2604440.0,2020,5,28,14,30,2020-05-28 14:30
582,5.58,5.57,5.59,5.57,520700.0,2905656.0,2020,5,28,14,45,2020-05-28 14:45
583,5.57,5.58,5.58,5.57,1465500.0,8172336.0,2020,5,28,15,0,2020-05-28 15:00
584,5.57,5.55,5.57,5.54,1593500.0,8845758.0,2020,5,29,9,45,2020-05-29 09:45
585,5.56,5.54,5.56,5.54,1532900.0,8500640.0,2020,5,29,10,0,2020-05-29 10:00
586,5.54,5.54,5.55,5.53,1440400.0,7979940.0,2020,5,29,10,15,2020-05-29 10:15
587,5.53,5.53,5.54,5.53,1564600.0,8653998.0,2020,5,29,10,30,2020-05-29 10:30
588,5.53,5.55,5.55,5.53,1684400.0,9319992.0,2020,5,29,10,45,2020-05-29 10:45
589,5.55,5.54,5.55,5.54,423900.0,2348672.0,2020,5,29,11,0,2020-05-29 11:00
590,5.54,5.53,5.55,5.52,765800.0,4238032.0,2020,5,29,11,15,2020-05-29 11:15
591,5.52,5.52,5.53,5.52,637600.0,3520408.0,2020,5,29,11,30,2020-05-29 11:30
592,5.53,5.51,5.53,5.51,2155200.0,11888560.0,2020,5,29,13,15,2020-05-29 13:15
593,5.51,5.5,5.52,5.5,1855300.0,10218728.0,2020,5,29,13,30,2020-05-29 13:30
594,5.5,5.51,5.51,5.49,2950200.0,16222424.0,2020,5,29,13,45,2020-05-29 13:45
595,5.51,5.5,5.51,5.5,1219000.0,6708736.0,2020,5,29,14,0,2020-05-29 14:00
596,5.5,5.51,5.51,5.5,751200.0,4135136.0,2020,5,29,14,15,2020-05-29 14:15
597,5.5,5.51,5.51,5.5,1012900.0,5574312.0,2020,5,29,14,30,2020-05-29 14:30
598,5.5,5.52,5.54,5.5,1722600.0,9515696.0,2020,5,29,14,45,2020-05-29 14:45
599,5.52,5.56,5.56,5.51,4729500.0,26227928.0,2020,5,29,15,0,2020-05-29 15:00
600,5.56,5.55,5.58,5.53,4008900.0,22268696.0,2020,6,1,9,45,2020-06-01 09:45
601,5.55,5.59,5.59,5.55,3338900.0,18583768.0,2020,6,1,10,0,2020-06-01 10:00
602,5.58,5.58,5.6,5.57,2630400.0,14693372.0,2020,6,1,10,15,2020-06-01 10:15
603,5.57,5.57,5.58,5.56,2268800.0,12639732.0,2020,6,1,10,30,2020-06-01 10:30
604,5.57,5.58,5.59,5.57,2438800.0,13594144.0,2020,6,1,10,45,2020-06-01 10:45
605,5.58,5.59,5.6,5.58,1908100.0,10670608.0,2020,6,1,11,0,2020-06-01 11:00
606,5.59,5.67,5.72,5.59,9313600.0,52749184.0,2020,6,1,11,15,2020-06-01 11:15
607,5.67,5.66,5.68,5.65,2263200.0,12808832.0,2020,6,1,11,30,2020-06-01 11:30
608,5.67,5.69,5.73,5.66,5697200.0,32479328.0,2020,6,1,13,15,2020-06-01 13:15
609,5.7,5.69,5.7,5.68,942100.0,5358928.0,2020,6,1,13,30,2020-06-01 13:30
610,5.68,5.69,5.69,5.68,877400.0,4989424.0,2020,6,1,13,45,2020-06-01 13:45
611,5.68,5.67,5.69,5.67,1815500.0,10307456.0,2020,6,1,14,0,2020-06-01 14:00
612,5.68,5.67,5.68,5.65,2335700.0,13226496.0,2020,6,1,14,15,2020-06-01 14:15
613,5.66,5.66,5.67,5.65,1561500.0,8832864.0,2020,6,1,14,30,2020-06-01 14:30
614,5.65,5.67,5.67,5.65,923600.0,5228960.0,2020,6,1,14,45,2020-06-01 14:45
615,5.67,5.7,5.7,5.66,3563000.0,20284272.0,2020,6,1,15,0,2020-06-01 15:00
616,5.69,5.67,5.69,5.65,5115700.0,29010688.0,2020,6,2,9,45,2020-06-02 09:45
617,5.67,5.67,5.67,5.66,1927200.0,10913184.0,2020,6,2,10,0,2020-06-02 10:00
618,5.67,5.67,5.68,5.66,2245600.0,12726328.0,2020,6,2,10,15,2020-06-02 10:15
619,5.67,5.66,5.69,5.66,1883000.0,10677360.0,2020,6,2,10,30,2020-06-02 10:30
620,5.66,5.67,5.68,5.66,1711400.0,9693432.0,2020,6,2,10,45,2020-06-02 10:45
621,5.67,5.66,5.7,5.66,1981500.0,11247856.0,2020,6,2,11,0,2020-06-02 11:00
622,5.66,5.66,5.68,5.66,1062700.0,6020696.0,2020,6,2,11,15,2020-06-02 11:15
623,5.66,5.66,5.67,5.65,1027200.0,5814160.0,2020,6,2,11,30,2020-06-02 11:30
624,5.66,5.68,5.68,5.65,1408900.0,7979480.0,2020,6,2,13,15,2020-06-02 13:15
625,5.68,5.67,5.68,5.66,1217400.0,6903832.0,2020,6,2,13,30,2020-06-02 13:30
626,5.67,5.67,5.69,5.66,1537500.0,8729488.0,2020,6,2,13,45,2020-06-02 13:45
627,5.67,5.67,5.69,5.66,2483100.0,14091496.0,2020,6,2,14,0,2020-06-02 14:00
628,5.68,5.68,5.7,5.67,2505300.0,14248448.0,2020,6,2,14,15,2020-06-02 14:15
629,5.68,5.68,5.69,5.67,1029200.0,5842496.0,2020,6,2,14,30,2020-06-02 14:30
630,5.67,5.68,5.69,5.67,1556600.0,8839200.0,2020,6,2,14,45,2020-06-02 14:45
631,5.68,5.7,5.7,5.67,2883400.0,16398096.0,2020,6,2,15,0,2020-06-02 15:00
632,5.69,5.74,5.74,5.69,5904800.0,33733564.0,2020,6,3,9,45,2020-06-03 09:45
633,5.74,5.71,5.74,5.71,2615300.0,14969588.0,2020,6,3,10,0,2020-06-03 10:00
634,5.72,5.69,5.72,5.68,3538800.0,20157368.0,2020,6,3,10,15,2020-06-03 10:15
635,5.69,5.68,5.7,5.68,2087300.0,11867960.0,2020,6,3,10,30,2020-06-03 10:30
636,5.68,5.67,5.68,5.67,1672000.0,9486544.0,2020,6,3,10,45,2020-06-03 10:45
637,5.67,5.68,5.69,5.67,1401700.0,7961488.0,2020,6,3,11,0,2020-06-03 11:00
638,5.68,5.68,5.69,5.67,1312600.0,7453496.0,2020,6,3,11,15,2020-06-03 11:15
639,5.67,5.68,5.69,5.67,787800.0,4472424.0,2020,6,3,11,30,2020-06-03 11:30
640,5.69,5.69,5.7,5.67,2148600.0,12207752.0,2020,6,3,13,15,2020-06-03 13:15
641,5.69,5.68,5.7,5.68,1732800.0,9861936.0,2020,6,3,13,30,2020-06-03 13:30
642,5.68,5.67,5.69,5.67,1787500.0,10150232.0,2020,6,3,13,45,2020-06-03 13:45
643,5.67,5.68,5.7,5.67,1500000.0,8520976.0,2020,6,3,14,0,2020-06-03 14:00
644,5.68,5.69,5.69,5.67,1049900.0,5962624.0,2020,6,3,14,15,2020-06-03 14:15
645,5.69,5.67,5.69,5.66,1537600.0,8718704.0,2020,6,3,14,30,2020-06-03 14:30
646,5.67,5.68,5.68,5.66,1859000.0,10539168.0,2020,6,3,14,45,2020-06-03 14:45
647,5.67,5.66,5.67,5.65,3370000.0,19073280.0,2020,6,3,15,0,2020-06-03 15:00
648,5.67,5.61,5.67,5.6,5422000.0,30532530.0,2020,6,4,9,45,2020-06-04 09:45
649,5.61,5.61,5.63,5.61,2253200.0,12652442.0,2020,6,4,10,0,2020-06-04 10:00
650,5.61,5.61,5.62,5.6,2003000.0,11237292.0,2020,6,4,10,15,2020-06-04 10:15
651,5.61,5.61,5.62,5.6,1311200.0,7359096.0,2020,6,4,10,30,2020-06-04 10:30
652,5.61,5.61,5.62,5.6,914600.0,5131724.0,2020,6,4,10,45,2020-06-04 10:45
653,5.62,5.61,5.62,5.6,957400.0,5369196.0,2020,6,4,11,0,2020-06-04 11:00
654,5.6,5.58,5.61,5.58,2503500.0,14007056.0,2020,6,4,11,15,2020-06-04 11:15
655,5.59,5.59,5.6,5.58,941500.0,5262312.0,2020,6,4,11,30,2020-06-04 11:30
656,5.59,5.59,5.6,5.59,452200.0,2528640.0,2020,6,4,13,15,2020-06-04 13:15
657,5.6,5.6,5.61,5.59,787400.0,4410112.0,2020,6,4,13,30,2020-06-04 13:30
658,5.6,5.59,5.6,5.59,826500.0,4622224.0,2020,6,4,13,45,2020-06-04 13:45
659,5.59,5.6,5.61,5.58,1232200.0,6887624.0,2020,6,4,14,0,2020-06-04 14:00
660,5.6,5.62,5.62,5.6,1576600.0,8845224.0,2020,6,4,14,15,2020-06-04 14:15
661,5.62,5.61,5.62,5.6,759400.0,4261152.0,2020,6,4,14,30,2020-06-04 14:30
662,5.61,5.6,5.62,5.59,1705700.0,9556560.0,2020,6,4,14,45,2020-06-04 14:45
663,5.59,5.59,5.61,5.59,1978000.0,11070816.0,2020,6,4,15,0,2020-06-04 15:00
664,5.61,5.57,5.61,5.56,2169900.0,12105844.0,2020,6,5,9,45,2020-06-05 09:45
665,5.57,5.56,5.58,5.56,1257700.0,7003682.0,2020,6,5,10,0,2020-06-05 10:00
666,5.57,5.57,5.58,5.56,1415200.0,7875878.0,2020,6,5,10,15,2020-06-05 10:15
667,5.57,5.57,5.58,5.57,701500.0,3909732.0,2020,6,5,10,30,2020-06-05 10:30
668,5.57,5.58,5.58,5.56,1305200.0,7265104.0,2020,6,5,10,45,2020-06-05 10:45
669,5.57,5.56,5.58,5.56,791900.0,4408224.0,2020,6,5,11,0,2020-06-05 11:00
670,5.56,5.56,5.57,5.56,567000.0,3154772.0,2020,6,5,11,15,2020-06-05 11:15
671,5.56,5.55,5.57,5.55,667800.0,3712076.0,2020,6,5,11,30,2020-06-05 11:30
672,5.56,5.57,5.57,5.55,712200.0,3957668.0,2020,6,5,13,15,2020-06-05 13:15
673,5.56,5.57,5.57,5.55,759900.0,4224636.0,2020,6,5,13,30,2020-06-05 13:30
674,5.56,5.56,5.57,5.55,480800.0,2672236.0,2020,6,5,13,45,2020-06-05 13:45
675,5.56,5.56,5.57,5.55,1236400.0,6877644.0,2020,6,5,14,0,2020-06-05 14:00
676,5.56,5.59,5.6,5.56,1817400.0,10151616.0,2020,6,5,14,15,2020-06-05 14:15
677,5.58,5.59,5.59,5.57,779700.0,4351160.0,2020,6,5,14,30,2020-06-05 14:30
678,5.58,5.58,5.59,5.57,562800.0,3140288.0,2020,6,5,14,45,2020-06-05 14:45
679,5.57,5.58,5.59,5.57,1369700.0,7641736.0,2020,6,5,15,0,2020-06-05 15:00
680,5.59,5.6,5.62,5.59,3199500.0,17930132.0,2020,6,8,9,45,2020-06-08 09:45
681,5.6,5.6,5.61,5.59,1904200.0,10663548.0,2020,6,8,10,0,2020-06-08 10:00
682,5.6,5.62,5.64,5.6,3275700.0,18408204.0,2020,6,8,10,15,2020-06-08 10:15
683,5.61,5.61,5.62,5.6,962100.0,5398192.0,2020,6,8,10,30,2020-06-08 10:30
684,5.61,5.6,5.62,5.6,1112300.0,6236596.0,2020,6,8,10,45,2020-06-08 10:45
685,5.61,5.6,5.61,5.6,741000.0,4150672.0,2020,6,8,11,0,2020-06-08 11:00
686,5.6,5.6,5.61,5.59,1153200.0,6458632.0,2020,6,8,11,15,2020-06-08 11:15
687,5.6,5.59,5.61,5.59,851800.0,4766944.0,2020,6,8,11,30,2020-06-08 11:30
688,5.6,5.59,5.61,5.59,1039300.0,5815536.0,2020,6,8,13,15,2020-06-08 13:15
689,5.59,5.59,5.6,5.59,497400.0,2780744.0,2020,6,8,13,30,2020-06-08 13:30
690,5.6,5.58,5.6,5.58,858600.0,4795720.0,2020,6,8,13,45,2020-06-08 13:45
691,5.58,5.58,5.59,5.58,1084400.0,6052264.0,2020,6,8,14,0,2020-06-08 14:00
692,5.58,5.58,5.6,5.56,2415200.0,13474248.0,2020,6,8,14,15,2020-06-08 14:15
693,5.58,5.57,5.58,5.57,562400.0,3133520.0,2020,6,8,14,30,2020-06-08 14:30
694,5.58,5.57,5.58,5.57,718800.0,4004704.0,2020,6,8,14,45,2020-06-08 14:45
695,5.57,5.57,5.58,5.56,1604700.0,8935360.0,2020,6,8,15,0,2020-06-08 15:00
696,5.57,5.58,5.6,5.55,1917300.0,10697128.0,2020,6,9,9,45,2020-06-09 09:45
697,5.58,5.6,5.6,5.57,1082100.0,6043082.0,2020,6,9,10,0,2020-06-09 10:00
698,5.59,5.58,5.6,5.58,836000.0,4670848.0,2020,6,9,10,15,2020-06-09 10:15
699,5.59,5.58,5.59,5.57,901900.0,5034378.0,2020,6,9,10,30,2020-06-09 10:30
700,5.58,5.58,5.59,5.57,639000.0,3565580.0,2020,6,9,10,45,2020-06-09 10:45
701,5.59,5.59,5.59,5.58,616300.0,3443336.0,2020,6,9,11,0,2020-06-09 11:00
702,5.59,5.58,5.59,5.57,1319000.0,7356624.0,2020,6,9,11,15,2020-06-09 11:15
703,5.58,5.57,5.58,5.57,698000.0,3891968.0,2020,6,9,11,30,2020-06-09 11:30
704,5.58,5.59,5.6,5.58,883000.0,4934772.0,2020,6,9,13,15,2020-06-09 13:15
705,5.59,5.61,5.62,5.58,3318700.0,18611036.0,2020,6,9,13,30,2020-06-09 13:30
706,5.61,5.6,5.62,5.59,1337600.0,7496016.0,2020,6,9,13,45,2020-06-09 13:45
707,5.6,5.59,5.61,5.59,1588000.0,8887784.0,2020,6,9,14,0,2020-06-09 14:00
708,5.59,5.58,5.6,5.58,1718800.0,9595672.0,2020,6,9,14,15,2020-06-09 14:15
709,5.58,5.57,5.58,5.57,2657300.0,14805048.0,2020,6,9,14,30,2020-06-09 14:30
710,5.57,5.57,5.58,5.56,2186900.0,12165480.0,2020,6,9,14,45,2020-06-09 14:45
711,5.58,5.59,5.59,5.56,3627300.0,20203648.0,2020,6,9,15,0,2020-06-09 15:00
712,5.58,5.56,5.58,5.55,2116900.0,11775704.0,2020,6,10,9,45,2020-06-10 09:45
713,5.56,5.55,5.57,5.55,1308700.0,7270452.0,2020,6,10,10,0,2020-06-10 10:00
714,5.55,5.54,5.57,5.52,4380800.0,24270272.0,2020,6,10,10,15,2020-06-10 10:15
715,5.53,5.53,5.54,5.52,1733700.0,9588124.0,2020,6,10,10,30,2020-06-10 10:30
716,5.53,5.52,5.53,5.51,2868100.0,15831360.0,2020,6,10,10,45,2020-06-10 10:45
717,5.52,5.52,5.53,5.52,1144100.0,6320232.0,2020,6,10,11,0,2020-06-10 11:00
718,5.52,5.52,5.53,5.52,1357000.0,7491240.0,2020,6,10,11,15,2020-06-10 11:15
719,5.52,5.53,5.53,5.51,1491600.0,8232504.0,2020,6,10,11,30,2020-06-10 11:30
720,5.53,5.52,5.53,5.51,1101000.0,6078232.0,2020,6,10,13,15,2020-06-10 13:15
721,5.53,5.53,5.53,5.52,1068900.0,5904392.0,2020,6,10,13,30,2020-06-10 13:30
722,5.52,5.52,5.54,5.52,827700.0,4575184.0,2020,6,10,13,45,2020-06-10 13:45
723,5.53,5.52,5.53,5.52,851800.0,4703352.0,2020,6,10,14,0,2020-06-10 14:00
724,5.52,5.51,5.53,5.51,1460700.0,8060728.0,2020,6,10,14,15,2020-06-10 14:15
725,5.52,5.52,5.53,5.51,1833300.0,10115928.0,2020,6,10,14,30,2020-06-10 14:30
726,5.52,5.51,5.53,5.51,990800.0,5465432.0,2020,6,10,14,45,2020-06-10 14:45
727,5.52,5.53,5.54,5.51,2142500.0,11837328.0,2020,6,10,15,0,2020-06-10 15:00
728,5.53,5.53,5.54,5.51,1518600.0,8382852.0,2020,6,11,9,45,2020-06-11 09:45
729,5.52,5.52,5.53,5.51,1208900.0,6672133.0,2020,6,11,10,0,2020-06-11 10:00
730,5.51,5.51,5.53,5.51,1303400.0,7192323.0,2020,6,11,10,15,2020-06-11 10:15
731,5.52,5.51,5.53,5.51,1332400.0,7354024.0,2020,6,11,10,30,2020-06-11 10:30
732,5.51,5.51,5.52,5.51,1029000.0,5671824.0,2020,6,11,10,45,2020-06-11 10:45
733,5.51,5.51,5.52,5.51,1108700.0,6110068.0,2020,6,11,11,0,2020-06-11 11:00
734,5.51,5.52,5.52,5.51,1834400.0,10116852.0,2020,6,11,11,15,2020-06-11 11:15
735,5.51,5.53,5.55,5.51,2650100.0,14652472.0,2020,6,11,11,30,2020-06-11 11:30
736,5.53,5.51,5.54,5.51,1927900.0,10647340.0,2020,6,11,13,15,2020-06-11 13:15
737,5.52,5.5,5.52,5.5,2167000.0,11932704.0,2020,6,11,13,30,2020-06-11 13:30
738,5.51,5.5,5.51,5.49,3536600.0,19451592.0,2020,6,11,13,45,2020-06-11 13:45
739,5.51,5.5,5.51,5.49,1440100.0,7918216.0,2020,6,11,14,0,2020-06-11 14:00
740,5.5,5.49,5.5,5.49,1309400.0,7195992.0,2020,6,11,14,15,2020-06-11 14:15
741,5.49,5.49,5.5,5.49,1066700.0,5860936.0,2020,6,11,14,30,2020-06-11 14:30
742,5.5,5.5,5.51,5.49,1551400.0,8529216.0,2020,6,11,14,45,2020-06-11 14:45
743,5.5,5.5,5.5,5.49,1251300.0,6878432.0,2020,6,11,15,0,2020-06-11 15:00
744,5.42,5.43,5.45,5.4,4273500.0,23182302.0,2020,6,12,9,45,2020-06-12 09:45
745,5.44,5.45,5.45,5.43,1951200.0,10607090.0,2020,6,12,10,0,2020-06-12 10:00
746,5.45,5.44,5.45,5.44,960200.0,5228064.0,2020,6,12,10,15,2020-06-12 10:15
747,5.45,5.45,5.46,5.44,1765100.0,9618008.0,2020,6,12,10,30,2020-06-12 10:30
748,5.45,5.46,5.46,5.44,829300.0,4517364.0,2020,6,12,10,45,2020-06-12 10:45
749,5.46,5.44,5.46,5.44,880900.0,4803272.0,2020,6,12,11,0,2020-06-12 11:00
750,5.45,5.45,5.46,5.44,922100.0,5022236.0,2020,6,12,11,15,2020-06-12 11:15
751,5.45,5.44,5.46,5.44,894700.0,4874128.0,2020,6,12,11,30,2020-06-12 11:30
752,5.45,5.44,5.45,5.43,2111900.0,11479808.0,2020,6,12,13,15,2020-06-12 13:15
753,5.43,5.43,5.44,5.42,1662500.0,9026640.0,2020,6,12,13,30,2020-06-12 13:30
754,5.43,5.43,5.44,5.42,1829400.0,9935096.0,2020,6,12,13,45,2020-06-12 13:45
755,5.43,5.44,5.45,5.43,1758500.0,9553368.0,2020,6,12,14,0,2020-06-12 14:00
756,5.43,5.44,5.46,5.43,1977100.0,10761776.0,2020,6,12,14,15,2020-06-12 14:15
757,5.44,5.44,5.45,5.43,1101800.0,5992232.0,2020,6,12,14,30,2020-06-12 14:30
758,5.44,5.43,5.45,5.43,1748000.0,9503968.0,2020,6,12,14,45,2020-06-12 14:45
759,5.44,5.44,5.44,5.42,4146400.0,22505048.0,2020,6,12,15,0,2020-06-12 15:00
760,5.41,5.41,5.42,5.4,3034800.0,16406449.0,2020,6,15,9,45,2020-06-15 09:45
761,5.42,5.43,5.45,5.41,1895800.0,10295125.0,2020,6,15,10,0,2020-06-15 10:00
762,5.43,5.44,5.44,5.42,961200.0,5222658.0,2020,6,15,10,15,2020-06-15 10:15
763,5.43,5.44,5.45,5.43,1350600.0,7344784.0,2020,6,15,10,30,2020-06-15 10:30
764,5.43,5.43,5.45,5.43,1045600.0,5685464.0,2020,6,15,10,45,2020-06-15 10:45
765,5.44,5.43,5.45,5.43,1156500.0,6286120.0,2020,6,15,11,0,2020-06-15 11:00
766,5.43,5.43,5.44,5.43,914200.0,4966316.0,2020,6,15,11,15,2020-06-15 11:15
767,5.43,5.43,5.44,5.43,703800.0,3822580.0,2020,6,15,11,30,2020-06-15 11:30
768,5.43,5.41,5.44,5.41,1399000.0,7584416.0,2020,6,15,13,15,2020-06-15 13:15
769,5.41,5.41,5.42,5.41,831500.0,4501984.0,2020,6,15,13,30,2020-06-15 13:30
770,5.41,5.41,5.42,5.41,1006000.0,5447024.0,2020,6,15,13,45,2020-06-15 13:45
771,5.41,5.4,5.42,5.4,1594100.0,8619632.0,2020,6,15,14,0,2020-06-15 14:00
772,5.4,5.39,5.41,5.39,2710700.0,14635240.0,2020,6,15,14,15,2020-06-15 14:15
773,5.4,5.39,5.41,5.39,2083900.0,11246984.0,2020,6,15,14,30,2020-06-15 14:30
774,5.39,5.4,5.4,5.38,1562100.0,8419968.0,2020,6,15,14,45,2020-06-15 14:45
775,5.39,5.38,5.4,5.38,1507400.0,8120136.0,2020,6,15,15,0,2020-06-15 15:00
776,5.4,5.41,5.42,5.4,2273600.0,12291026.0,2020,6,16,9,45,2020-06-16 09:45
777,5.4,5.42,5.42,5.4,943000.0,5104110.0,2020,6,16,10,0,2020-06-16 10:00
778,5.41,5.39,5.42,5.39,1546900.0,8361700.0,2020,6,16,10,15,2020-06-16 10:15
779,5.39,5.4,5.4,5.38,1343300.0,7242356.0,2020,6,16,10,30,2020-06-16 10:30
780,5.39,5.45,5.47,5.39,5811000.0,31575132.0,2020,6,16,10,45,2020-06-16 10:45
781,5.46,5.45,5.46,5.44,1733500.0,9449124.0,2020,6,16,11,0,2020-06-16 11:00
782,5.45,5.43,5.45,5.43,917600.0,4992816.0,2020,6,16,11,15,2020-06-16 11:15
783,5.44,5.42,5.44,5.42,924200.0,5017528.0,2020,6,16,11,30,2020-06-16 11:30
784,5.43,5.42,5.44,5.42,823900.0,4472080.0,2020,6,16,13,15,2020-06-16 13:15
785,5.42,5.43,5.44,5.42,773100.0,4198544.0,2020,6,16,13,30,2020-06-16 13:30
786,5.44,5.45,5.45,5.43,1229600.0,6688496.0,2020,6,16,13,45,2020-06-16 13:45
787,5.45,5.44,5.45,5.43,1407300.0,7659688.0,2020,6,16,14,0,2020-06-16 14:00
788,5.43,5.43,5.45,5.43,958800.0,5210760.0,2020,6,16,14,15,2020-06-16 14:15
789,5.44,5.43,5.44,5.43,886900.0,4820176.0,2020,6,16,14,30,2020-06-16 14:30
790,5.44,5.43,5.45,5.43,2034700.0,11061800.0,2020,6,16,14,45,2020-06-16 14:45
791,5.44,5.45,5.46,5.43,1706100.0,9295336.0,2020,6,16,15,0,2020-06-16 15:00
792,5.45,5.46,5.47,5.42,2949800.0,16072125.0,2020,6,17,9,45,2020-06-17 09:45
793,5.47,5.45,5.47,5.45,1607000.0,8774007.0,2020,6,17,10,0,2020-06-17 10:00
794,5.45,5.44,5.46,5.44,1792700.0,9768156.0,2020,6,17,10,15,2020-06-17 10:15
795,5.45,5.43,5.45,5.43,1908700.0,10377552.0,2020,6,17,10,30,2020-06-17 10:30
796,5.43,5.43,5.44,5.42,1849000.0,10030908.0,2020,6,17,10,45,2020-06-17 10:45
797,5.42,5.43,5.44,5.42,1320700.0,7164116.0,2020,6,17,11,0,2020-06-17 11:00
798,5.43,5.44,5.44,5.43,684200.0,3717188.0,2020,6,17,11,15,2020-06-17 11:15
799,5.43,5.43,5.44,5.43,609500.0,3310540.0,2020,6,17,13,0,2020-06-17 13:00
